1.000000000 0.000000000 0.000000000 0.000000000 0.000000000 1.000000000 0.000000000 0.000000000 0.000000000 0.000000000 1.000000000 0.000000000
0.999991357 -0.002467003 -0.003348829 -0.002925510 0.002459606 0.999994516 -0.002211115 -0.005192450 0.003354265 0.002202859 0.999991953 0.666534960
0.999970913 -0.001130861 -0.007541173 -0.011563746 0.001103689 0.999992907 -0.003606315 -0.010559133 0.007545198 0.003597887 0.999965072 1.360170364
0.999938250 -0.000868814 -0.011079408 -0.033318620 0.000811628 0.999986351 -0.005164949 -0.011532839 0.011083744 0.005155637 0.999925256 2.063251734
0.999868691 0.000171387 -0.016203437 -0.048243646 -0.000263840 0.999983728 -0.005703798 -0.015118231 0.016202196 0.005707324 0.999852419 2.803327560
0.999792159 -0.000615621 -0.020376639 -0.067637384 0.000496934 0.999982893 -0.005829206 -0.029031664 0.020379880 0.005817869 0.999775410 3.543616533
0.999689877 0.001103475 -0.024879521 -0.093944430 -0.001283102 0.999973238 -0.007205080 -0.032131940 0.024870904 0.007234768 0.999664485 4.296845913
0.999562085 0.003866968 -0.029337920 -0.130005941 -0.004099755 0.999960542 -0.007878684 -0.042414792 0.029306296 0.007995511 0.999538481 5.055942535
0.999417424 0.004403241 -0.033844341 -0.159053355 -0.004608022 0.999971509 -0.005975058 -0.054442815 0.033817068 0.006127533 0.999409258 5.845454693
0.999251902 0.003846867 -0.038481440 -0.191726252 -0.003984476 0.999985933 -0.003499937 -0.059472948 0.038467433 0.003650647 0.999253213 6.645746708
0.999123812 0.003240269 -0.041726775 -0.231634125 -0.003274539 0.999994338 -0.000752994 -0.065413527 0.041724101 0.000888970 0.999128759 7.452985287
0.999011934 0.004615433 -0.044202428 -0.278740823 -0.004689794 0.999987781 -0.001578742 -0.072982520 0.044194601 0.001784483 0.999021351 8.260955811
0.998926401 0.004083956 -0.046144459 -0.325017244 -0.004166489 0.999989867 -0.001692531 -0.079629995 0.046137080 0.001882974 0.998933315 9.081576347
0.998858213 0.001387694 -0.047752671 -0.364527911 -0.001497950 0.999996305 -0.002273191 -0.087508440 0.047749341 0.002342126 0.998856604 9.910558701
0.998748720 0.000976395 -0.050000958 -0.405742049 -0.001063342 0.999997973 -0.001712341 -0.090758979 0.049999185 0.001763367 0.998747706 10.760759354
0.998666525 -0.000602860 -0.051621426 -0.451187313 0.000498900 0.999997795 -0.002026751 -0.098585799 0.051622536 0.001998294 0.998664677 11.610713005
0.998565018 0.001148121 -0.053540826 -0.500487804 -0.001360667 0.999991357 -0.003933512 -0.111645192 0.053535845 0.004000718 0.998557925 12.465849876
0.998491764 0.001909960 -0.054868855 -0.552872419 -0.002288606 0.999974012 -0.006838940 -0.118079200 0.054854367 0.006954199 0.998470128 13.332396507
0.998389125 0.005667802 -0.056453627 -0.612889409 -0.006145712 0.999946713 -0.008295514 -0.132725790 0.056403600 0.008629099 0.998370767 14.206386566
0.998315573 0.007001531 -0.057593580 -0.664221942 -0.007467504 0.999941051 -0.007879458 -0.144508049 0.057535019 0.008296266 0.998309016 15.110309601
0.998240829 0.006009424 -0.058983974 -0.721026421 -0.006403740 0.999958396 -0.006498389 -0.156739712 0.058942467 0.006864675 0.998237789 16.003562927
0.998152912 0.006923877 -0.060355376 -0.782721221 -0.007227871 0.999962270 -0.004819858 -0.170310929 0.060319725 0.005247197 0.998165309 16.906978607
0.998116612 0.006561071 -0.060993399 -0.843093097 -0.006873945 0.999964237 -0.004921219 -0.185059488 0.060958933 0.005331216 0.998126030 17.793975830
0.998013139 0.006356183 -0.062685065 -0.902644038 -0.006727733 0.999961019 -0.005717955 -0.197392493 0.062646270 0.006128322 0.998016953 18.701221466
0.997944415 0.004996825 -0.063890487 -0.960251451 -0.005406080 0.999965966 -0.006234287 -0.214404851 0.063857161 0.006566869 0.997937441 19.616270065
0.997909248 0.005109273 -0.064428926 -1.020331621 -0.005411082 0.999975204 -0.004510754 -0.230129510 0.064404279 0.004849953 0.997912109 20.526273727
0.997899771 0.006271638 -0.064472646 -1.086711884 -0.006367246 0.999978900 -0.001277560 -0.238465354 0.064463273 0.001685390 0.997918665 21.449157715
0.997942924 0.007156482 -0.063708372 -1.148422480 -0.006996991 0.999971807 0.002726213 -0.252453774 0.063726090 -0.002274838 0.997964859 22.377420425
0.998065948 0.005982582 -0.061875064 -1.208546042 -0.005666323 0.999969959 0.005285456 -0.254311115 0.061904825 -0.004924630 0.998069882 23.308731079
0.998162866 0.006182712 -0.060271975 -1.271102309 -0.005831542 0.999965012 0.006000584 -0.258355200 0.060306963 -0.005638082 0.998163939 24.249559402
0.998231530 0.006708644 -0.059066113 -1.326947570 -0.006538393 0.999973893 0.003075178 -0.263708681 0.059085201 -0.002683542 0.998249352 25.182226181
0.998279870 0.007310837 -0.058171224 -1.379546285 -0.007416129 0.999971211 -0.001594363 -0.274649054 0.058157895 0.002023025 0.998305321 26.124591827
0.998363197 0.006356186 -0.056837294 -1.439167380 -0.006624761 0.999967754 -0.004538144 -0.282104909 0.056806616 0.004907249 0.998373151 27.073751450
0.998435855 0.004247302 -0.055747915 -1.499642491 -0.004445552 0.999984205 -0.003432652 -0.293092191 0.055732459 0.003675113 0.998438954 28.034862518
0.998395324 0.001976531 -0.056593508 -1.540246010 -0.001898745 0.999997199 0.001428207 -0.303601980 0.056596171 -0.001318458 0.998396277 29.011842728
0.998348653 -0.001794339 -0.057417303 -1.596191645 0.002072344 0.999986410 0.004782652 -0.312689960 0.057407942 -0.004893743 0.998338819 29.983793259
0.998233795 -0.009235979 -0.058685619 -1.646812797 0.009493794 0.999946475 0.004115853 -0.319095314 0.058644462 -0.004665732 0.998268008 30.963294983
0.998125553 -0.011661192 -0.060078740 -1.704535842 0.011698166 0.999931514 0.000263726 -0.323593259 0.060071554 -0.000966043 0.998193622 31.945888519
0.998021960 -0.011434382 -0.061817743 -1.761332273 0.011239455 0.999930739 -0.003500068 -0.336748272 0.061853483 0.002798347 0.998081326 32.922237396
0.997904122 -0.009949697 -0.063940614 -1.829751372 0.009681531 0.999943018 -0.004502465 -0.344156802 0.063981764 0.003873985 0.997943521 33.905982971
0.997888029 -0.010936854 -0.064030163 -1.899139047 0.010787612 0.999938250 -0.002676083 -0.357229352 0.064055480 0.001979698 0.997944355 34.880210876
0.997827470 -0.007663650 -0.065434091 -1.969484448 0.007674363 0.999970555 -0.000087629 -0.369111419 0.065432832 -0.000414727 0.997856915 35.877311707
0.997748673 -0.007958804 -0.066590078 -2.031621456 0.008069459 0.999966443 0.001392929 -0.384154022 0.066576757 -0.001927139 0.997779429 36.857212067
0.997685373 -0.006514490 -0.067686394 -2.099271536 0.006795372 0.999969244 0.003920339 -0.393952757 0.067658775 -0.004371219 0.997698963 37.828235626
0.997729540 -0.006316432 -0.067051135 -2.163175821 0.006839313 0.999947965 0.007571558 -0.416349530 0.066999815 -0.008012950 0.997720838 38.771812439
0.997712314 -0.000271705 -0.067602187 -2.240943432 0.000921875 0.999953628 0.009586580 -0.414983094 0.067596450 -0.009626970 0.997666299 39.752346039
0.997714698 -0.000071509 -0.067567505 -2.322246075 0.000679289 0.999959528 0.008972217 -0.421611786 0.067564130 -0.008997611 0.997674346 40.740985870
0.997671008 -0.000492720 -0.068208322 -2.378387213 0.000988811 0.999973297 0.007239591 -0.422396272 0.068202935 -0.007290175 0.997644842 41.736965179
0.997658372 0.001924020 -0.068367355 -2.456794262 -0.001569786 0.999985039 0.005234677 -0.427716136 0.068376407 -0.005115097 0.997646511 42.730785370
0.997609854 0.001739130 -0.069076613 -2.534017324 -0.001392499 0.999986172 0.005065889 -0.433442473 0.069084473 -0.004957592 0.997598469 43.698905945
0.997518241 0.000137334 -0.070408612 -2.604196787 0.000302798 0.999980509 0.006240391 -0.440408707 0.070408091 -0.006246223 0.997498691 44.685169220
0.997483671 0.000712429 -0.070893273 -2.678265572 -0.000173219 0.999971032 0.007611799 -0.454704791 0.070896640 -0.007580365 0.997454882 45.648788452
0.997460663 0.002913227 -0.071160153 -2.754605293 -0.002625991 0.999988019 0.004129691 -0.463940740 0.071171328 -0.003932338 0.997456372 46.618877411
0.997398615 0.003264643 -0.072009601 -2.832010031 -0.003273536 0.999994636 -0.000005476 -0.471619874 0.072009198 0.000241188 0.997403920 47.583229065
0.997349381 0.004722172 -0.072607815 -2.911697388 -0.004837568 0.999987304 -0.001413536 -0.477893174 0.072600216 0.001761035 0.997359574 48.539012909
0.997351050 0.003702392 -0.072644144 -2.989994764 -0.003557643 0.999991417 0.002121859 -0.492130786 0.072651379 -0.001857797 0.997355640 49.502082825
0.997327983 0.000237332 -0.073053271 -3.047790289 0.000157581 0.999985397 0.005400010 -0.484763533 0.073053487 -0.005397093 0.997313440 50.452564240
0.997336686 -0.001371776 -0.072921902 -3.124217510 0.001817058 0.999980092 0.006040293 -0.494904727 0.072912164 -0.006156710 0.997319341 51.413452148
0.997293890 -0.004646160 -0.073371336 -3.192909718 0.005003872 0.999976456 0.004692302 -0.502295732 0.073347807 -0.005046745 0.997293651 52.372425079
0.997240186 -0.007479612 -0.073865533 -3.256255627 0.007740665 0.999964774 0.003248524 -0.506620347 0.073838629 -0.003811327 0.997262895 53.310810089
0.997163057 -0.008856967 -0.074748747 -3.331198692 0.009225624 0.999946892 0.004588088 -0.518804371 0.074704148 -0.005264676 0.997191846 54.260055542
0.997006238 -0.012419634 -0.076316871 -3.392710924 0.013115627 0.999876797 0.008625337 -0.521451831 0.076200344 -0.009600458 0.997046292 55.214740753
0.996982396 -0.012827680 -0.076561131 -3.470040321 0.013916962 0.999809146 0.013711053 -0.528829396 0.076370642 -0.014735176 0.996970594 56.122070312
0.996974468 -0.010921989 -0.076958634 -3.551424980 0.012165315 0.999802649 0.015705509 -0.527460515 0.076771908 -0.016594218 0.996910572 57.072067261
0.996884048 -0.009798990 -0.078269526 -3.631112576 0.010742150 0.999874592 0.011638224 -0.528683364 0.078145668 -0.012442743 0.996864319 58.004360199
0.996783555 -0.008141174 -0.079726137 -3.688395262 0.008475878 0.999956608 0.003860650 -0.533562660 0.079691246 -0.004523982 0.996809304 58.903175354
0.996733725 -0.006055512 -0.080531180 -3.774195194 0.005997263 0.999981523 -0.000965164 -0.546655178 0.080535538 0.000479045 0.996751606 59.813789368
0.996709824 -0.000738541 -0.081049219 -3.862669945 0.000720553 0.999999702 -0.000251177 -0.556591630 0.081049375 0.000191950 0.996710062 60.712574005
0.996553242 0.001859652 -0.082934871 -3.941397667 -0.001680659 0.999996126 0.002228000 -0.571401477 0.082938693 -0.002080936 0.996552467 61.614814758
0.996461689 0.003844067 -0.083960406 -4.020198822 -0.003528705 0.999986172 0.003904156 -0.585372150 0.083974250 -0.003594070 0.996461451 62.507640839
0.996365905 0.004361970 -0.085064165 -4.098292351 -0.004058737 0.999984801 0.003737372 -0.593557000 0.085079171 -0.003378537 0.996368468 63.374866486
0.996240854 0.006103008 -0.086411029 -4.181365490 -0.005724288 0.999972880 0.004629880 -0.601791143 0.086436942 -0.004117834 0.996248841 64.222358704
0.996101439 0.007105035 -0.087928459 -4.259301662 -0.006670300 0.999964058 0.005237025 -0.614332259 0.087962508 -0.004630099 0.996113002 65.063354492
0.995987654 0.006602735 -0.089246958 -4.338413715 -0.006105281 0.999964297 0.005845743 -0.625276685 0.089282371 -0.005277410 0.995992362 65.887611389
0.995878816 0.006390926 -0.090468213 -4.411656380 -0.005788448 0.999959290 0.006920364 -0.631969571 0.090508759 -0.006368174 0.995875299 66.694030762
0.995751798 0.009023015 -0.091634504 -4.491140366 -0.008180154 0.999920726 0.009569502 -0.638347328 0.091713592 -0.008779265 0.995746732 67.487411499
0.995610893 0.010551912 -0.092992783 -4.570452690 -0.009312002 0.999862015 0.013757249 -0.644316316 0.093125112 -0.012830919 0.995571733 68.276206970
0.995407164 0.013496703 -0.094775409 -4.651286602 -0.012094624 0.999808967 0.015352597 -0.646370530 0.094964519 -0.014135812 0.995380282 69.057380676
0.995252669 0.016445186 -0.095925376 -4.732696056 -0.015448035 0.999818742 0.011128523 -0.652582705 0.096091002 -0.009593834 0.995326340 69.802436829
0.995100498 0.016293896 -0.097516544 -4.793113708 -0.015984116 0.999864399 0.003957117 -0.664258242 0.097567797 -0.002379014 0.995226026 70.516304016
0.994974852 0.015558294 -0.098908909 -4.866999626 -0.015813036 0.999873340 -0.001792043 -0.672485530 0.098868497 0.003347087 0.995094895 71.221557617
0.994937956 0.016198263 -0.099177100 -4.944768429 -0.016582267 0.999857843 -0.003048759 -0.677277982 0.099113621 0.004677907 0.995065153 71.917518616
0.994798422 0.018867947 -0.100100458 -5.020650864 -0.018934555 0.999820709 0.000284702 -0.684707582 0.100087874 0.001612136 0.994977295 72.583297729
0.994663358 0.019547550 -0.101305097 -5.093667984 -0.019366564 0.999808609 0.002769833 -0.704837382 0.101339854 -0.000793120 0.994851530 73.233581543
0.994628131 0.016104458 -0.102252431 -5.158798218 -0.016241103 0.999867976 -0.000503903 -0.714309335 0.102230817 0.002161888 0.994758368 73.868087769
0.994709790 0.007862072 -0.102423899 -5.205995560 -0.008470256 0.999948978 -0.005504340 -0.734015763 0.102375396 0.006342778 0.994725585 74.474990845
0.994850695 0.003977768 -0.101273321 -5.261885166 -0.005041116 0.999934793 -0.010246035 -0.744380355 0.101225957 0.010703806 0.994805872 75.074089050
0.995120883 0.006314243 -0.098460920 -5.312807083 -0.007401794 0.999915540 -0.010684141 -0.753701925 0.098385140 0.011360799 0.995083570 75.628227234
0.995518088 0.011026737 -0.093926333 -5.380030155 -0.011768341 0.999903798 -0.007345330 -0.767456532 0.093836300 0.008417767 0.995552063 76.204711914
0.995953560 0.009644434 -0.089350410 -5.427186489 -0.010056159 0.999940813 -0.004158964 -0.777791560 0.089305006 0.005040657 0.995991588 76.761398315
0.996473610 0.006097667 -0.083684713 -5.463838100 -0.006137667 0.999981165 -0.000220718 -0.786344767 0.083681785 0.000733568 0.996492267 77.307365417
0.997144163 0.001556455 -0.075505219 -5.495568275 -0.001301813 0.999993324 0.003421611 -0.799713075 0.075510040 -0.003313546 0.997139513 77.838180542
0.997901797 0.004711666 -0.064574063 -5.519722462 -0.004486022 0.999983311 0.003638900 -0.808210969 0.064590126 -0.003341585 0.997906268 78.375862122
0.998728216 0.009944256 -0.049427073 -5.549198151 -0.009815130 0.999947727 0.002854481 -0.809982836 0.049452879 -0.002365718 0.998773634 78.880714417
0.999392092 0.014857022 -0.031539164 -5.558692455 -0.014763922 0.999885917 0.003182700 -0.812791705 0.031582855 -0.002715123 0.999497473 79.375961304
0.999866903 0.013382987 -0.009332541 -5.550708771 -0.013346797 0.999903202 0.003929414 -0.820846438 0.009384225 -0.003804331 0.999948740 79.859954834
0.999799490 0.009909911 0.017399454 -5.522186279 -0.009997144 0.999937832 0.004933751 -0.828029275 -0.017349482 -0.005106707 0.999836445 80.345100403
0.998857498 0.008775668 0.046974774 -5.480421543 -0.009117281 0.999933481 0.007062934 -0.845122695 -0.046909671 -0.007483147 0.998871088 80.791893005
0.996749103 0.008113757 0.080158569 -5.422468185 -0.008806222 0.999926865 0.008288948 -0.848242879 -0.080085449 -0.008967895 0.996747673 81.242202759
0.993063033 0.008149764 0.117300645 -5.342200279 -0.009238537 0.999919116 0.008741168 -0.851539075 -0.117219917 -0.009764218 0.993057966 81.680564880
0.987203598 0.008238060 0.159251839 -5.252455711 -0.009725096 0.999916077 0.008560534 -0.854024708 -0.159167945 -0.009999729 0.987200856 82.108375549
0.978978097 0.007950628 0.203810319 -5.134531021 -0.009872276 0.999915898 0.008413621 -0.857237458 -0.203726277 -0.010248823 0.978974223 82.515640259
0.967465997 0.010724682 0.252773583 -5.008602142 -0.012825938 0.999895513 0.006666433 -0.867539048 -0.252675682 -0.009691605 0.967502475 82.907157898
0.952047944 0.011571678 0.305729985 -4.852062225 -0.013334341 0.999904335 0.003677626 -0.874715447 -0.305658162 -0.007577984 0.952111185 83.286834717
0.932415664 0.011786835 0.361195445 -4.666601181 -0.013113865 0.999913275 0.001223050 -0.876023173 -0.361149698 -0.005877059 0.932489336 83.656372070
0.907885671 0.012394725 0.419034570 -4.475351334 -0.013471722 0.999909163 -0.000388551 -0.883871496 -0.419001311 -0.005292357 0.907970190 84.006423950
0.878919959 0.012206990 0.476813078 -4.268707275 -0.012679640 0.999917150 -0.002226428 -0.891040087 -0.476800740 -0.004088967 0.879001915 84.313980103
0.845407128 0.010988455 0.534009457 -4.026710510 -0.010423598 0.999937356 -0.004074053 -0.896201372 -0.534020782 -0.002122066 0.845468700 84.654090881
0.808504462 0.011105672 0.588385224 -3.762603760 -0.009285958 0.999938190 -0.006113761 -0.896876335 -0.588416755 -0.000520718 0.808557630 84.953063965
0.768397510 0.009349392 0.639904559 -3.485439301 -0.008544398 0.999954045 -0.004349817 -0.915737629 -0.639915824 -0.002125211 0.768442035 85.229949951
0.725431800 0.008982891 0.688235462 -3.194114685 -0.010098956 0.999946117 -0.002406593 -0.921187401 -0.688219965 -0.005204640 0.725483418 85.482833862
0.679984391 0.008053728 0.733182311 -2.890777588 -0.009337110 0.999953687 -0.002324479 -0.925047755 -0.733167112 -0.005265194 0.680028141 85.710197449
0.633509457 0.006864298 0.773704469 -2.568088531 -0.006442304 0.999972761 -0.003596787 -0.933077097 -0.773708105 -0.002705840 0.633536458 85.911865234
0.586916387 0.004032649 0.809637487 -2.230815887 -0.000303559 0.999988616 -0.004760697 -0.936241567 -0.809647501 0.002548359 0.586910963 86.090606689
0.540473342 0.006196307 0.841338336 -1.892768860 -0.002562133 0.999980390 -0.005718771 -0.947141051 -0.841357231 0.000935223 0.540478647 86.258819580
0.492853969 0.009393699 0.870061338 -1.560665131 -0.005387692 0.999955475 -0.007744207 -0.946173906 -0.870095372 -0.000870859 0.492882639 86.417358398
0.447085679 0.011416745 0.894418299 -1.224807739 -0.007014829 0.999932528 -0.009257129 -0.960602939 -0.894463599 -0.002135461 0.447135627 86.551651001
0.404141277 0.009222889 0.914650083 -0.870588303 -0.000049751 0.999949396 -0.010061024 -0.963564396 -0.914696574 0.004020571 0.404121280 86.671226501
0.364764214 0.001495071 0.931098700 -0.501157761 0.014815887 0.999862790 -0.007409710 -0.968857110 -0.930982053 0.016497850 0.364692003 86.755516052
0.328896910 -0.002823320 0.944361627 -0.140687943 0.018667344 0.999819577 -0.003512236 -0.979469299 -0.944181323 0.018783886 0.328890264 86.817993164
0.295727700 0.001664923 0.955270827 0.228839874 0.016014736 0.999849319 -0.006700376 -0.983950853 -0.955138028 0.017279899 0.295656472 86.913391113
0.264826745 0.008762685 0.964256167 0.593389511 0.005167339 0.999931455 -0.010506060 -1.000035524 -0.964282155 0.007764924 0.264763325 87.011497498
0.235172540 0.013364279 0.971861780 0.985773087 -0.000048498 0.999905646 -0.013738181 -1.017452717 -0.971953630 0.003183709 0.235150993 87.114334106
0.208626017 0.015712835 0.977869272 1.385780334 0.000885349 0.999867499 -0.016255200 -1.027129531 -0.977995098 0.004257013 0.208584458 87.192016602
0.185400993 0.017263047 0.982511282 1.785365105 0.008314449 0.999782324 -0.019135451 -1.034193158 -0.982627749 0.011716773 0.185217112 87.237251282
0.164999574 0.023490537 0.986013889 2.186814308 0.014941518 0.999542058 -0.026313143 -1.037554264 -0.986180484 0.019074202 0.164573029 87.270744324
0.145055458 0.031316862 0.988927782 2.613037109 0.017357910 0.999264598 -0.034190249 -1.028814793 -0.989271283 0.022125201 0.144405186 87.323905945
0.127147973 0.031613134 0.991379857 3.051480293 0.015098170 0.999314487 -0.033802547 -1.044924498 -0.991768837 0.019265948 0.126583517 87.377662659
0.112187587 0.027458435 0.993307590 3.506767273 0.012816035 0.999495029 -0.029076964 -1.066193819 -0.993604422 0.015992340 0.111779027 87.417808533
0.097552143 0.024318211 0.994933248 3.977084160 0.012757020 0.999588728 -0.025682811 -1.086692929 -0.995148659 0.015197797 0.097201802 87.456939697
0.084227636 0.021754125 0.996209025 4.463419914 0.015305548 0.999615490 -0.023122566 -1.104108810 -0.996329010 0.017195083 0.083862290 87.492034912
0.072862469 0.020884942 0.997123301 4.955123901 0.019119455 0.999567747 -0.022333251 -1.118042588 -0.997158706 0.020691710 0.072431669 87.510932922
0.062442627 0.021640858 0.997813880 5.464234352 0.022008073 0.999491930 -0.023054505 -1.132694602 -0.997805893 0.023399545 0.061934628 87.537254333
0.054636516 0.022293232 0.998257399 5.994757652 0.024015641 0.999432206 -0.023633888 -1.146416187 -0.998217463 0.025265064 0.054070104 87.560615540
0.048687741 0.022360647 0.998563707 6.525832653 0.025050458 0.999407530 -0.023600949 -1.164280057 -0.998499870 0.026163556 0.048098754 87.575172424
0.043075588 0.023561314 0.998793960 7.086306095 0.026401820 0.999345899 -0.024712980 -1.179310203 -0.998722911 0.027434504 0.042425349 87.593299866
0.037389565 0.024281891 0.999005735 7.664821148 0.027209720 0.999309361 -0.025307642 -1.194244981 -0.998930275 0.028128907 0.036703039 87.608871460
0.032615367 0.023747748 0.999185801 8.262094498 0.029185273 0.999268711 -0.024702383 -1.215417147 -0.999041796 0.029967187 0.031898431 87.624252319
0.029628938 0.024027217 0.999272168 8.879639626 0.030315757 0.999229550 -0.024925072 -1.232609272 -0.999101162 0.031032193 0.028877707 87.642318726
0.026666790 0.023492405 0.999368310 9.518322945 0.031496994 0.999207675 -0.024329085 -1.250888944 -0.999148071 0.032125875 0.025905721 87.653816223
0.024142321 0.022730900 0.999450088 10.169279099 0.033786654 0.999151826 -0.023540253 -1.270751953 -0.999137461 0.034336392 0.023353843 87.665802002
0.023453152 0.022483978 0.999472082 10.846527100 0.038451277 0.998987019 -0.023375347 -1.288592815 -0.998985231 0.038979203 0.022564858 87.675323486
0.024684429 0.022070231 0.999451637 11.541597366 0.041873451 0.998856068 -0.023091268 -1.308700800 -0.998817921 0.042420484 0.023732034 87.686912537
0.027156547 0.022013074 0.999388814 12.248458862 0.043271761 0.998794496 -0.023175813 -1.325675964 -0.998694181 0.043874688 0.026171265 87.703742981
0.030886933 0.022127206 0.999277949 12.971798897 0.045700327 0.998678148 -0.023526486 -1.343991041 -0.998477578 0.046393987 0.029834883 87.728462219
0.035291880 0.021274025 0.999150574 13.692535400 0.046018112 0.998678327 -0.022889415 -1.367718935 -0.998317003 0.046786834 0.034266245 87.754310608
0.038921345 0.019698335 0.999048114 14.448510170 0.047232691 0.998651862 -0.021530634 -1.386763811 -0.998125315 0.048025731 0.037938468 87.793518066
0.042827595 0.018035235 0.998919666 15.212352753 0.046937883 0.998696685 -0.020043619 -1.407955647 -0.997979283 0.047745597 0.041925240 87.830352783
0.046857040 0.015879121 0.998775363 15.996731758 0.043863095 0.998876512 -0.017938541 -1.429421663 -0.997938097 0.044649925 0.046107888 87.877685547
0.051095806 0.014875377 0.998582959 16.795820236 0.043271061 0.998917103 -0.017094461 -1.449405670 -0.997755885 0.044083200 0.050396800 87.920989990
0.055193447 0.015996045 0.998347521 17.596632004 0.040461835 0.999014497 -0.018243656 -1.467602491 -0.997655511 0.041401904 0.054491825 87.976226807
0.057928994 0.020074375 0.998118877 18.383232117 0.038251907 0.999018967 -0.022312550 -1.493103385 -0.997587621 0.039472491 0.057104286 88.024642944
0.059709229 0.024943883 0.997904122 19.174791336 0.032874513 0.999096334 -0.026940716 -1.523322225 -0.997674346 0.034414221 0.058835253 88.077514648
0.059605960 0.028234072 0.997822642 19.987905502 0.030078912 0.999095201 -0.030066876 -1.547405958 -0.997768700 0.031805586 0.058702778 88.130256653
0.059681486 0.027841667 0.997829139 20.798458099 0.027830008 0.999175966 -0.029543797 -1.577333927 -0.997829437 0.029532811 0.058857474 88.186393738
0.059662193 0.026018834 0.997879446 21.614551544 0.025080103 0.999305606 -0.027555533 -1.608741283 -0.997903526 0.026670944 0.058968209 88.239562988
0.059213601 0.024995564 0.997932374 22.432205200 0.025678886 0.999317527 -0.026553947 -1.638624430 -0.997914970 0.027198147 0.058531329 88.295829773
0.059566215 0.024030875 0.997935057 23.249605179 0.023391956 0.999402046 -0.025462456 -1.675294518 -0.997950256 0.024860356 0.058968470 88.351379395
0.059741624 0.024043484 0.997924268 24.073507309 0.021595705 0.999444783 -0.025372965 -1.712268472 -0.997980237 0.023066700 0.059189215 88.406280518
0.059788778 0.024808709 0.997902691 24.889572144 0.018447625 0.999492943 -0.025953522 -1.744870901 -0.998040557 0.019960664 0.059300799 88.462265015
0.058332358 0.026218919 0.997952878 25.704536438 0.015468085 0.999511302 -0.027164005 -1.775762081 -0.998177350 0.017020959 0.057898294 88.524864197
0.055626348 0.025938766 0.998114645 26.508563995 0.013024566 0.999558568 -0.026702167 -1.805350065 -0.998366714 0.014485355 0.055263951 88.569442749
0.051871721 0.024874350 0.998343945 27.318981171 0.010806873 0.999617219 -0.025467576 -1.830929756 -0.998595297 0.012110023 0.051583052 88.612663269
0.046989404 0.022418251 0.998643816 28.131896973 0.008907023 0.999698997 -0.022861043 -1.861647129 -0.998855650 0.009969170 0.046775579 88.656982422
0.040670440 0.020203471 0.998968363 28.938610077 0.006464444 0.999769330 -0.020482853 -1.892890334 -0.999151707 0.007290821 0.040530451 88.693901062
0.033651687 0.020535201 0.999222636 29.732454300 0.007271906 0.999757409 -0.020791093 -1.913842082 -0.999407172 0.007965908 0.033494193 88.712928772
0.025038686 0.021336168 0.999458790 30.533090591 0.007126574 0.999742985 -0.021520773 -1.941596031 -0.999661088 0.007661569 0.024880197 88.733283997
0.015247121 0.021775445 0.999646604 31.342082977 0.007716437 0.999730468 -0.021894967 -1.968636394 -0.999853969 0.008047545 0.015074983 88.745628357
0.004609982 0.020782512 0.999773383 32.134239197 0.008235754 0.999749303 -0.020819986 -1.999286652 -0.999955475 0.008329866 0.004437666 88.753845215
-0.006167201 0.019706415 0.999786794 32.929973602 0.007064898 0.999781728 -0.019662734 -2.028961658 -0.999956012 0.006942127 -0.006305079 88.750679016
-0.017313920 0.018763026 0.999674022 33.714183807 0.008651581 0.999789298 -0.018615348 -2.056863070 -0.999812663 0.008326456 -0.017472601 88.734451294
-0.028158881 0.019387774 0.999415398 34.492267609 0.008237392 0.999782443 -0.019162802 -2.084163904 -0.999569535 0.007692973 -0.028312460 88.716232300
-0.039501432 0.019952500 0.999020278 35.269535065 0.008190583 0.999773502 -0.019643687 -2.110545158 -0.999185920 0.007406604 -0.039655909 88.686950684
-0.049597122 0.020888774 0.998550832 36.040863037 0.007592434 0.999760270 -0.020536965 -2.140728712 -0.998740435 0.006562856 -0.049743827 88.639343262
-0.060084708 0.021986265 0.997951090 36.804714203 0.008113917 0.999735117 -0.021537047 -2.164426327 -0.998160303 0.006803245 -0.060247190 88.593910217
-0.069241747 0.022572327 0.997344494 37.553001404 0.009646633 0.999712408 -0.021956190 -2.195074558 -0.997553289 0.008100731 -0.069439575 88.529243469
-0.078906573 0.023166278 0.996612787 38.300666809 0.009472183 0.999702215 -0.022488134 -2.218725681 -0.996837020 0.007665637 -0.079102509 88.465042114
-0.088182457 0.023451842 0.995828211 39.040813446 0.010221825 0.999691486 -0.022637662 -2.248169899 -0.996051908 0.008182937 -0.088394977 88.398689270
-0.096693933 0.022969110 0.995049119 39.770362854 0.011532667 0.999692440 -0.021955607 -2.272476196 -0.995247364 0.009352596 -0.096929088 88.322074890
-0.104123332 0.021800576 0.994325459 40.492012024 0.013494796 0.999698639 -0.020505242 -2.301241398 -0.994472861 0.011283144 -0.104386151 88.242431641
-0.109416604 0.020265346 0.993789375 41.214416504 0.016290534 0.999694407 -0.018592168 -2.326603651 -0.993862450 0.014155068 -0.109713301 88.162414551
-0.112992577 0.018709999 0.993419647 41.922466278 0.019419186 0.999673307 -0.016619021 -2.350958347 -0.993406057 0.017413575 -0.113318995 88.073524475
-0.115768664 0.017581182 0.993120611 42.628311157 0.020960564 0.999663949 -0.015253631 -2.374187946 -0.993055046 0.019050475 -0.116098270 87.990325928
-0.117647797 0.016545283 0.992917538 43.313270569 0.020943107 0.999680161 -0.014176483 -2.397249699 -0.992834508 0.019126946 -0.117956683 87.912353516
-0.118215144 0.017079925 0.992841125 43.979270935 0.022339290 0.999644756 -0.014537085 -2.417050600 -0.992736697 0.020460861 -0.118554696 87.834846497
-0.117108509 0.018132690 0.992953598 44.630847931 0.022897251 0.999616802 -0.015553880 -2.436466455 -0.992855132 0.020914415 -0.117478825 87.758232117
-0.113903262 0.019658916 0.993297338 45.248649597 0.023815867 0.999570906 -0.017052071 -2.458968639 -0.993206322 0.021713950 -0.114322580 87.686477661
-0.108586170 0.020095985 0.993883908 45.867462158 0.023609105 0.999565780 -0.017631473 -2.482225895 -0.993806660 0.021550175 -0.109013461 87.611625671
-0.100650363 0.020782053 0.994704783 46.465648651 0.023226298 0.999558449 -0.018533278 -2.501854420 -0.994650722 0.021237930 -0.101088613 87.558074951
-0.089444272 0.020740913 0.995775819 47.043655396 0.021630790 0.999587774 -0.018877355 -2.526156425 -0.995756924 0.019850947 -0.089856051 87.514152527
-0.075898491 0.020808566 0.996898413 47.596595764 0.021368144 0.999586582 -0.019237822 -2.550930500 -0.996886551 0.019841747 -0.076311752 87.484169006
-0.058933120 0.021997498 0.998019516 48.145549774 0.020043233 0.999581695 -0.020848377 -2.576887608 -0.998060703 0.018774878 -0.059349369 87.469917297
-0.037657510 0.024431797 0.998991966 48.676109314 0.018222008 0.999551654 -0.023758598 -2.598248959 -0.999124527 0.017308950 -0.038085822 87.469093323
-0.012899869 0.027249154 0.999545455 49.198265076 0.015944716 0.999507129 -0.027042331 -2.624140024 -0.999789655 0.015588625 -0.013327991 87.479385376
0.015171585 0.029222807 0.999457777 49.713329315 0.014620851 0.999459445 -0.029444799 -2.643662453 -0.999777973 0.015059647 0.014736122 87.507499695
0.048335105 0.028256247 0.998431444 50.209877014 0.011692218 0.999515295 -0.028852955 -2.672475100 -0.998762727 0.013068488 0.047981299 87.551498413
0.087198682 0.025712969 0.995859027 50.675731659 0.011007846 0.999580920 -0.026772929 -2.697187662 -0.996130109 0.013296827 0.086879089 87.594436646
0.129361153 0.022030983 0.991352797 51.166702271 0.009119892 0.999684453 -0.023406189 -2.714982033 -0.991555631 0.012068883 0.129119411 87.682403564
0.174326554 0.018059338 0.984522283 51.670265198 0.006192843 0.999791920 -0.019435983 -2.730906010 -0.984668434 0.009485200 0.174178436 87.801765442
0.223411635 0.014879267 0.974610627 52.154846191 0.002366383 0.999872267 -0.015807383 -2.744012356 -0.974721313 0.005837855 0.223347887 87.932357788
0.275585413 0.012835917 0.961190879 52.616798401 -0.001368819 0.999915063 -0.012960589 -2.766443729 -0.961275637 0.002256053 0.275579602 88.093894958
0.329503775 0.012277580 0.944074452 53.059577942 -0.002427118 0.999923170 -0.012156766 -2.784931183 -0.944151163 0.001714320 0.329508275 88.290664673
0.387813181 0.013637024 0.921637118 53.503059387 -0.000293158 0.999892294 -0.014671572 -2.788294315 -0.921737969 0.005419644 0.387775421 88.505279541
0.447749913 0.016734336 0.894002199 53.917877197 0.000824905 0.999816716 -0.019128162 -2.804286480 -0.894158423 0.009302100 0.447654039 88.750793457
0.508148491 0.020191217 0.861032724 54.375137329 0.003165195 0.999674618 -0.025310345 -2.813163280 -0.861263633 0.015586751 0.507919252 89.005767822
0.566490531 0.024544982 0.823702633 54.744678497 -0.000738608 0.999571025 -0.029277604 -2.823439598 -0.824067891 0.015977092 0.566265643 89.306488037
0.623169363 0.027566094 0.781600952 55.091236115 -0.004529042 0.999489069 -0.031639740 -2.836676836 -0.782073796 0.016177014 0.622975826 89.621482849
0.674338758 0.028790627 0.737860680 55.403518677 -0.006624242 0.999435306 -0.032943055 -2.850495577 -0.738392413 0.017327011 0.674148679 89.984153748
0.722822964 0.026142713 0.690538585 55.642677307 -0.006006483 0.999484062 -0.031551607 -2.864617348 -0.691007197 0.018658517 0.722607076 90.309226990
0.768174767 0.024195023 0.639782906 55.907405853 -0.008464728 0.999582171 -0.027638318 -2.865804911 -0.640184283 0.015815470 0.768058538 90.692359924
0.809745848 0.019127768 0.586468935 56.160060883 -0.009057337 0.999756932 -0.020101622 -2.879958391 -0.586710870 0.010965358 0.809722245 91.102371216
0.846874356 0.017285077 0.531512022 56.396930695 -0.011849973 0.999836802 -0.013634342 -2.888575554 -0.531660974 0.005248171 0.846940994 91.532325745
0.876894951 0.013773654 0.480484664 56.577957153 -0.012283048 0.999905050 -0.006246616 -2.896125317 -0.480525076 -0.000424190 0.876980901 91.988235474
0.903032243 0.014511775 0.429327607 56.748229980 -0.015787620 0.999875188 -0.000589840 -2.906393290 -0.429282606 -0.006245417 0.903148651 92.427406311
0.923566580 0.014981255 0.383145243 56.893402100 -0.017685952 0.999837339 0.003537398 -2.926912546 -0.383029938 -0.010043312 0.923681319 92.857727051
0.938791335 0.021261178 0.343829602 57.001953125 -0.024891317 0.999671280 0.006147129 -2.934384346 -0.343585879 -0.014329243 0.939011931 93.301223755
0.950784683 0.025544250 0.308797657 57.113384247 -0.028661771 0.999573708 0.005562906 -2.936872959 -0.308523923 -0.014139813 0.951111495 93.753318787
0.960231900 0.027389029 0.277856976 57.229793549 -0.030067882 0.999533355 0.005383680 -2.929359913 -0.277579844 -0.013524151 0.960607350 94.217346191
0.966479301 0.021447068 0.255847186 57.342445374 -0.023839194 0.999696255 0.006251914 -2.938832998 -0.255635411 -0.012141536 0.966697037 94.680831909
0.970487893 0.018389100 0.240447700 57.449333191 -0.020714836 0.999759853 0.007148381 -2.946153164 -0.240258500 -0.011918252 0.970635772 95.163261414
0.973438084 0.023554426 0.227735534 57.531196594 -0.025673531 0.999650240 0.006346861 -2.940691471 -0.227506384 -0.012025052 0.973702312 95.643135071
0.975536048 0.028419429 0.217994869 57.628852844 -0.030674525 0.999505162 0.006966849 -2.938254833 -0.217688993 -0.013483301 0.975925028 96.143432617
0.976676464 0.035875589 0.211697847 57.722000122 -0.037932847 0.999264240 0.005663392 -2.935901880 -0.211338922 -0.013561604 0.977318764 96.654449463
0.976943195 0.042845603 0.209156021 57.812843323 -0.044338077 0.999013603 0.002450047 -2.948863745 -0.208844736 -0.011667132 0.977879226 97.171829224
0.977056861 0.044888597 0.208194494 57.927009583 -0.045958228 0.998943329 0.000300863 -2.960359335 -0.207960993 -0.009862211 0.978087425 97.689109802
0.976637423 0.043434978 0.210458532 58.045501709 -0.043784231 0.999036491 -0.003002058 -2.972613096 -0.210386142 -0.006282843 0.977598190 98.225677490
0.975876272 0.042288363 0.214189515 58.170715332 -0.041160226 0.999105215 -0.009726119 -2.973798752 -0.214409173 0.000675400 0.976743698 98.773239136
0.975057721 0.040250629 0.218271106 58.297523499 -0.037857868 0.999168515 -0.015135085 -2.963706017 -0.218698815 0.006494303 0.975770772 99.331275940
0.973835945 0.045382254 0.222674593 58.421203613 -0.043277390 0.998960376 -0.014325812 -2.978762150 -0.223093227 0.004314215 0.974787593 99.908279419
0.972368002 0.048522655 0.228354946 58.550781250 -0.047348317 0.998821974 -0.010621642 -2.983636379 -0.228601336 -0.000484078 0.973519981 100.494743347
0.971333504 0.044924028 0.233437568 58.690357208 -0.044904828 0.998976648 -0.005399709 -3.000120401 -0.233441263 -0.005237556 0.972356796 101.111404419
0.970700026 0.040687110 0.236824751 58.848937988 -0.041859485 0.999123514 -0.000077876 -3.006559849 -0.236620352 -0.009837768 0.971552372 101.722900391
0.969845653 0.037816323 0.240768135 59.009288788 -0.040045284 0.999188304 0.004369834 -3.014526844 -0.240407467 -0.013879693 0.970572829 102.362846375
0.969341099 0.032669980 0.243537590 59.174076080 -0.034995016 0.999373853 0.005225407 -3.022353649 -0.243214384 -0.013587804 0.969877362 102.992233276
0.969270766 0.029435061 0.244228959 59.330070496 -0.030818695 0.999523282 0.001845114 -3.025079727 -0.244058222 -0.009315233 0.969715834 103.632514954
0.969457984 0.028801726 0.243560374 59.502479553 -0.028464975 0.999582767 -0.004902733 -3.033252239 -0.243599966 -0.002179946 0.969873369 104.291275024
0.969614387 0.031086938 0.242655128 59.662239075 -0.029143581 0.999507964 -0.011595089 -3.039679527 -0.242896199 0.004170926 0.970043302 104.949920654
0.970176995 0.034177274 0.239975974 59.823707581 -0.031328622 0.999386191 -0.015676513 -3.041743279 -0.240364462 0.007690877 0.970652223 105.606323242
0.970813453 0.032576572 0.237613112 59.989154816 -0.030746700 0.999462128 -0.011404006 -3.046519041 -0.237856805 0.003765343 0.971292913 106.292953491
0.971222401 0.028676927 0.236441791 60.159072876 -0.028586933 0.999584079 -0.003809523 -3.060248613 -0.236452684 -0.003059252 0.971638203 106.997390747
0.971829176 0.029166462 0.233874723 60.329475403 -0.030485008 0.999533176 0.002024050 -3.069872618 -0.233706504 -0.009096703 0.972264647 107.719093323
0.972085357 0.032307088 0.232392579 60.486160278 -0.033590820 0.999434412 0.001567710 -3.084134579 -0.232210502 -0.009330205 0.972620785 108.441726685
0.972370446 0.038260009 0.230286613 60.643173218 -0.038519297 0.999252141 -0.003371333 -3.084485531 -0.230243385 -0.005592294 0.973116994 109.148429871
0.973278165 0.039148431 0.226267651 60.810531616 -0.038165107 0.999233425 -0.008720445 -3.091344357 -0.226435587 -0.000148110 0.974026144 109.886093140
0.974175930 0.037592623 0.222638756 60.977386475 -0.035916481 0.999287784 -0.011574261 -3.101520061 -0.222915292 0.003278966 0.974832296 110.645744324
0.975151002 0.035622071 0.218658566 61.148857117 -0.034256063 0.999362707 -0.010036357 -3.112747192 -0.218876734 0.002296582 0.975749791 111.413597107
0.976015925 0.032156121 0.215311274 61.314319611 -0.031161755 0.999482214 -0.008012136 -3.125061512 -0.215457425 0.001110495 0.976512611 112.183837891
0.976445675 0.030881094 0.213541910 61.490242004 -0.030501293 0.999521852 -0.005073815 -3.140845299 -0.213596478 -0.001559000 0.976920724 112.980331421
0.976830065 0.027437871 0.212250307 61.664665222 -0.027470322 0.999618709 -0.002796575 -3.146991491 -0.212246105 -0.003098805 0.977211356 113.781127930
0.977011740 0.022502767 0.211994424 61.839439392 -0.022669984 0.999741673 -0.001642084 -3.155316830 -0.211976618 -0.003201575 0.977269471 114.574470520
0.977179766 0.023351220 0.211126611 62.017856598 -0.023864506 0.999715209 -0.000116786 -3.162495852 -0.211069211 -0.004924312 0.977458715 115.383193970
0.976969361 0.028722044 0.211437598 62.184875488 -0.028925933 0.999579310 -0.002129275 -3.169036627 -0.211409807 -0.004035794 0.977389157 116.202835083
0.976658702 0.034778036 0.211962923 62.347671509 -0.034397092 0.999393165 -0.005485459 -3.177658081 -0.212025076 -0.001933487 0.977262318 117.008605957
0.976145983 0.042613298 0.212892279 62.514686584 -0.042089485 0.999089360 -0.006994192 -3.188257217 -0.212996453 -0.002133174 0.977050662 117.835914612
0.975216389 0.048786063 0.215807647 62.682342529 -0.048548374 0.998800278 -0.006405550 -3.204400063 -0.215861246 -0.004230313 0.976414859 118.651306152
0.974378347 0.051649824 0.218904451 62.853958130 -0.051889859 0.998641968 -0.004656489 -3.214921474 -0.218847677 -0.006821739 0.975735188 119.484237671
0.973775089 0.052351497 0.221407756 63.037307739 -0.052482460 0.998607814 -0.005295666 -3.232500553 -0.221376747 -0.006463236 0.975166917 120.306770325
0.973438978 0.050879192 0.223221630 63.219436646 -0.050308309 0.998699665 -0.008247240 -3.239572287 -0.223350987 -0.003201719 0.974732816 121.135856628
0.973459125 0.044830687 0.224427253 63.420051575 -0.044459321 0.998988628 -0.006710487 -3.257430792 -0.224501118 -0.003445499 0.974467754 121.975166321
0.973625720 0.038244832 0.224922866 63.613239288 -0.037391141 0.999268234 -0.008055503 -3.275947809 -0.225066349 -0.000567078 0.974343300 122.807304382
0.973409534 0.037443016 0.225990847 63.803459167 -0.036552504 0.999298692 -0.008125115 -3.292836666 -0.226136580 -0.000351466 0.974095523 123.629501343
0.972917974 0.039420858 0.227764264 64.004913330 -0.039231081 0.999215782 -0.005362193 -3.305496216 -0.227797031 -0.003718464 0.973701537 124.480041504
0.972463965 0.041824382 0.229269683 64.188468933 -0.043049764 0.999072850 0.000343446 -3.318691730 -0.229042768 -0.010203995 0.973362863 125.324806213
0.972076058 0.045385081 0.230235443 64.371170044 -0.047695823 0.998851895 0.004477999 -3.332484484 -0.229767859 -0.015334224 0.973124683 126.151214600
0.971826971 0.044730596 0.231412008 64.556205750 -0.045564018 0.998959899 -0.001744648 -3.349977255 -0.231249362 -0.008848566 0.972854257 126.969467163
0.972132146 0.040378876 0.230929822 64.759857178 -0.037624013 0.999158621 -0.016322665 -3.364334583 -0.231394619 0.007179282 0.972833514 127.760269165
