1.000000000 0.000000000 0.000000000 0.000000000 0.000000000 1.000000000 0.000000000 0.000000000 0.000000000 0.000000000 1.000000000 0.000000000
0.999031603 -0.000469996 0.043996230 0.042002942 0.000575037 0.999997020 -0.002374878 -0.019767420 -0.043994986 0.002397877 0.999028862 1.016373515
0.996008515 -0.004865286 0.089125685 0.136066854 0.005520538 0.999959528 -0.007106970 -0.041328970 -0.089087501 0.007570624 0.995995045 2.038825274
0.990858078 -0.004249759 0.134841293 0.271606445 0.005835210 0.999918401 -0.011364864 -0.060722373 -0.134782001 0.012047796 0.990802050 3.058000088
0.983458221 -0.001313205 0.181130454 0.452973485 0.003822919 0.999901474 -0.013507424 -0.090583540 -0.181094870 0.013976434 0.983366311 4.076454163
0.973909318 -0.003582024 0.226909295 0.683272004 0.006820278 0.999885738 -0.013488727 -0.116753541 -0.226835057 0.014684381 0.973822474 5.089130402
0.962225854 -0.004189661 0.272220314 0.956390321 0.008546232 0.999853671 -0.014820196 -0.144726351 -0.272118390 0.016586833 0.962120831 6.105596066
0.948708653 -0.006685916 0.316080958 1.285332322 0.012922497 0.999760926 -0.017639048 -0.172786981 -0.315887451 0.020818872 0.948568225 7.081808090
0.933573484 -0.008787387 0.358278275 1.658837795 0.016797988 0.999673545 -0.019252179 -0.206613377 -0.357992142 0.023991678 0.933416307 8.024601936
0.916282952 -0.008488433 0.400441647 2.067230225 0.018069141 0.999633551 -0.020155553 -0.239561886 -0.400123835 0.025703825 0.916100562 8.952877045
0.896683514 -0.009088380 0.442578882 2.532762051 0.019237449 0.999644756 -0.018448129 -0.283519506 -0.442253977 0.025056222 0.896539807 9.922253609
0.874926150 -0.008750079 0.484177351 3.019315481 0.019667653 0.999653876 -0.017474370 -0.319313943 -0.483856857 0.024811415 0.874795377 10.803287506
0.850918710 -0.008956455 0.525220990 3.550689220 0.020576742 0.999655545 -0.016289838 -0.352578223 -0.524894178 0.024668666 0.850809932 11.662812233
0.825421035 -0.009310202 0.564440846 4.127921581 0.022451326 0.999614358 -0.016343936 -0.388580322 -0.564071000 0.026163075 0.825311720 12.518122673
0.798138916 -0.011126779 0.602370679 4.741436005 0.025868995 0.999540269 -0.015813164 -0.423241317 -0.601917803 0.028203826 0.798059821 13.319778442
0.769436061 -0.010011854 0.638645351 5.387479782 0.026343312 0.999523818 -0.016069027 -0.458178967 -0.638180315 0.029188123 0.769333422 14.101335526
0.738898635 -0.013147384 0.673688293 6.063551903 0.031239651 0.999402940 -0.014759647 -0.488328844 -0.673092008 0.031951670 0.738868177 14.835424423
0.706758976 -0.012363984 0.707346320 6.792548656 0.031683322 0.999397278 -0.014188158 -0.522366047 -0.706744552 0.032438692 0.706724763 15.556566238
0.672578514 -0.011004954 0.739943922 7.541922569 0.032526102 0.999362767 -0.014701677 -0.558088660 -0.739310622 0.033955522 0.672507882 16.240074158
0.636883616 -0.012259841 0.770862520 8.339920998 0.037034400 0.999205768 -0.014706250 -0.585091829 -0.770069957 0.037914596 0.636831820 16.898683548
0.600178599 -0.010583413 0.799795985 9.129026413 0.037189443 0.999200344 -0.014685444 -0.613645196 -0.799000978 0.038557857 0.600092292 17.485614777
0.562506437 -0.009865622 0.826734066 9.967374802 0.040541418 0.999055088 -0.015662242 -0.648592174 -0.825798333 0.042327080 0.562374890 18.052234650
0.523531497 -0.008062293 0.851968169 10.811479568 0.045163922 0.998811960 -0.018301178 -0.674030602 -0.850808442 0.048059467 0.523273647 18.572311401
0.484633088 -0.006895213 0.874690354 11.690754890 0.046335448 0.998767316 -0.017799417 -0.698841333 -0.873489439 0.049155354 0.484355211 19.059501648
0.446372390 -0.008679601 0.894805193 12.591897964 0.051571228 0.998540521 -0.016040405 -0.723800004 -0.893360019 0.053306196 0.446168512 19.499488831
0.409461468 -0.009435783 0.912278593 13.512897491 0.055426713 0.998356700 -0.014551284 -0.750767171 -0.910642207 0.056522794 0.409311593 19.900611877
0.374383301 -0.006812842 0.927249014 14.445047379 0.056898363 0.998257458 -0.015638547 -0.777048588 -0.925526738 0.058613759 0.374118596 20.270130157
0.340828121 -0.007758518 0.940093637 15.392435074 0.057333387 0.998276234 -0.012547353 -0.800962269 -0.938375771 0.058175243 0.340685427 20.612792969
0.307445765 -0.009457657 0.951518595 16.383665085 0.059460793 0.998187423 -0.009290890 -0.828223348 -0.949706018 0.059434492 0.307450861 20.933151245
0.274948299 -0.009326571 0.961413801 17.371398926 0.060254056 0.998154521 -0.007548666 -0.845949650 -0.959569097 0.060004570 0.275002867 21.206039429
0.242568508 -0.006385641 0.970113277 18.375637054 0.057522077 0.998313665 -0.007811635 -0.866059601 -0.968427479 0.057697784 0.242526770 21.466903687
0.211851612 -0.004839119 0.977289855 19.424783707 0.057686280 0.998306096 -0.007561737 -0.878394246 -0.975597858 0.057978183 0.211771905 21.688810349
0.181307137 -0.004492908 0.983416259 20.453144073 0.059488468 0.998208404 -0.006407078 -0.896850228 -0.981625617 0.059663575 0.181249589 21.879760742
0.150662690 -0.004924633 0.988572955 21.515764236 0.061131574 0.998120248 -0.004344517 -0.913685620 -0.986693323 0.061087579 0.150680542 22.037063599
0.120470136 -0.005483327 0.992701828 22.601016998 0.060021065 0.998195529 -0.001770233 -0.923767507 -0.990900815 0.059796281 0.120581865 22.165153503
0.091135219 -0.005940820 0.995820820 23.688182831 0.060280714 0.998181343 0.000438151 -0.936665654 -0.994012356 0.059988856 0.091327593 22.259853363
0.064453498 -0.005635695 0.997904778 24.809339523 0.063146010 0.998003066 0.001557724 -0.939329326 -0.995920837 0.062913306 0.064680658 22.316589355
0.039725430 -0.005055705 0.999197841 25.923513412 0.067265593 0.997732282 0.002373989 -0.943861306 -0.996943951 0.067117326 0.039975420 22.341960907
0.016804509 -0.004646235 0.999848008 27.102811813 0.071019016 0.997469008 0.003441559 -0.946151137 -0.997333407 0.070950381 0.017091949 22.363183975
-0.003019969 -0.004708178 0.999984384 28.259738922 0.077088863 0.997012079 0.004926994 -0.944610119 -0.997019649 0.077102534 -0.002647997 22.347263336
-0.020499118 -0.005580354 0.999774277 29.462484360 0.081363939 0.996658206 0.007231226 -0.946981966 -0.996473610 0.081493810 -0.019976575 22.309103012
-0.035996031 -0.005200172 0.999338388 30.671993256 0.084374569 0.996400177 0.008224043 -0.943119287 -0.995783746 0.084614776 -0.035427690 22.251375198
-0.050133392 -0.005852990 0.998725355 31.872365952 0.086642742 0.996187329 0.010187355 -0.939349353 -0.994977236 0.087043032 -0.049435135 22.188550949
-0.063237883 -0.007105058 0.997973204 33.090476990 0.086848043 0.996141970 0.012595261 -0.935414553 -0.994212449 0.087468520 -0.062376849 22.093103409
-0.074833505 -0.006484960 0.997174978 34.296157837 0.086768091 0.996143818 0.012989810 -0.924901664 -0.993413925 0.087495036 -0.073982246 21.996469498
-0.085898362 -0.004494233 0.996293783 35.516311646 0.086488388 0.996181190 0.011950573 -0.928916037 -0.992542803 0.087194383 -0.085181631 21.895683289
-0.096221589 -0.000810526 0.995359600 36.747200012 0.086660869 0.996195495 0.009188728 -0.916194439 -0.991580188 0.087142877 -0.095785275 21.779115677
-0.105068348 0.001523490 0.994463861 37.992572784 0.088314161 0.996062100 0.007804741 -0.913233757 -0.990535855 0.088645272 -0.104789145 21.643037796
-0.112391964 0.002644555 0.993660450 39.284404755 0.087929703 0.996099949 0.007294595 -0.903149843 -0.989765823 0.088192120 -0.112186164 21.498386383
-0.117553584 0.003422756 0.993060648 40.585220337 0.087806523 0.996113241 0.006960822 -0.895281911 -0.989176989 0.088015474 -0.117397219 21.339042664
-0.122792877 0.005055407 0.992419422 41.909004211 0.089089952 0.996005833 0.005949498 -0.889257669 -0.988425434 0.089145154 -0.122752808 21.180997849
-0.127455980 0.006548034 0.991822600 43.248699188 0.087798208 0.996127188 0.004706217 -0.887034297 -0.987950623 0.087680086 -0.127537265 21.012525558
-0.131733239 0.006907440 0.991261125 44.626113892 0.088442959 0.996069610 0.004812643 -0.887942016 -0.987331867 0.088304050 -0.131826386 20.839939117
-0.134561703 0.005913826 0.990887582 46.021213531 0.088012256 0.996101260 0.006007048 -0.882999539 -0.986988842 0.088018566 -0.134557575 20.656135559
-0.137212843 0.004191909 0.990532696 47.448169708 0.088929184 0.996004999 0.008103785 -0.876717329 -0.986541569 0.089199215 -0.137037456 20.459150314
-0.139585063 0.002669750 0.990206480 48.875255585 0.088786989 0.996002138 0.009830535 -0.877253771 -0.986221492 0.089289650 -0.139264062 20.259235382
-0.140925556 0.003487763 0.990014076 50.293567657 0.091626376 0.995747805 0.009534778 -0.870600402 -0.985771060 0.092055090 -0.140645877 20.060987473
-0.141963080 0.003183727 0.989866853 51.824119568 0.090992637 0.995802879 0.009847012 -0.849748969 -0.985680878 0.091468506 -0.141656950 19.813613892
-0.141985446 0.005038445 0.989855945 53.294399261 0.093189098 0.995613813 0.008299339 -0.834719300 -0.985472441 0.093422167 -0.141832203 19.599361420
-0.141680330 0.005302461 0.989898264 54.781044006 0.092869230 0.995646477 0.007958764 -0.823195577 -0.985546529 0.093058690 -0.141555965 19.378158569
-0.140930355 0.006864739 0.989995718 56.293445587 0.092459306 0.995696783 0.006257728 -0.811351418 -0.985692620 0.092416219 -0.140958607 19.158531189
-0.139406025 0.006934144 0.990211010 57.830860138 0.092954814 0.995651543 0.006114324 -0.802598357 -0.985862732 0.092897251 -0.139444396 18.940011978
-0.137948394 0.005179536 0.990425885 59.397186279 0.092183672 0.995712757 0.007632333 -0.803999424 -0.986140132 0.092353962 -0.137834460 18.721233368
-0.136418730 0.006178322 0.990631998 60.980148315 0.093457416 0.995600998 0.006660595 -0.795273542 -0.986233056 0.093490541 -0.136396036 18.500160217
-0.135252669 0.006836861 0.990787566 62.571544647 0.093225144 0.995627820 0.005855928 -0.788615227 -0.986415625 0.093158342 -0.135298699 18.286733627
-0.133991659 0.007113829 0.990956903 64.177970886 0.094475336 0.995511293 0.005627902 -0.790539026 -0.986468792 0.094375074 -0.134062290 18.065036774
-0.132964268 0.006561826 0.991099119 65.806312561 0.093619138 0.995590210 0.005968232 -0.787864745 -0.986689389 0.093579404 -0.132992238 17.844203949
-0.131671503 0.005142183 0.991280079 67.461257935 0.095679395 0.995383620 0.007545603 -0.778795779 -0.986665130 0.095838621 -0.131555662 17.617164612
-0.131665289 0.003230138 0.991288960 69.153526306 0.097885989 0.995149791 0.009758724 -0.773554921 -0.986449480 0.098318189 -0.131342858 17.396842957
-0.130388528 0.004284561 0.991453707 70.843009949 0.099275015 0.995021522 0.008755923 -0.766872346 -0.986480236 0.099568255 -0.130164742 17.166107178
-0.129672304 0.006429871 0.991536081 72.519210815 0.101738326 0.994787574 0.006854303 -0.754916310 -0.986323655 0.101766035 -0.129650563 16.948898315
-0.128308490 0.006630331 0.991712153 74.220161438 0.100931816 0.994872689 0.006407176 -0.744732738 -0.986584842 0.100917406 -0.128319830 16.724184036
-0.128647923 0.006169689 0.991671145 75.997276306 0.101735629 0.994786799 0.007008930 -0.743010461 -0.986458123 0.101789974 -0.128604934 16.488307953
-0.128272399 0.004950274 0.991726637 77.731849670 0.101568468 0.994794965 0.008171529 -0.738672078 -0.986524224 0.101776332 -0.128107533 16.259613037
-0.128671810 0.005570265 0.991671562 79.446975708 0.102394000 0.994714141 0.007698516 -0.728825748 -0.986386836 0.102531806 -0.128562018 16.053647995
-0.128344446 0.005379702 0.991715074 81.212562561 0.103550568 0.994591951 0.008005859 -0.719176471 -0.986308753 0.103720166 -0.128207430 15.823422432
-0.128373578 0.006620997 0.991703808 82.972427368 0.104221590 0.994530499 0.006851356 -0.708850384 -0.986234307 0.104236476 -0.128361493 15.588708878
-0.128683746 0.007456272 0.991657674 84.774162292 0.103890605 0.994570613 0.006003325 -0.704683542 -0.986228824 0.103796445 -0.128759712 15.343856812
-0.129762277 0.008224670 0.991511047 86.560302734 0.103077836 0.994659483 0.005239345 -0.703572035 -0.986172736 0.102882683 -0.129917055 15.116424561
-0.131185040 0.008747322 0.991319299 88.354019165 0.102278017 0.994744480 0.004757291 -0.704002976 -0.986067772 0.102014259 -0.131390244 14.892394066
-0.132262573 0.007489996 0.991186440 90.158172607 0.101138212 0.994854450 0.005978032 -0.710198224 -0.986041427 0.101037495 -0.132339522 14.657674789
-0.133562341 0.007455208 0.991012394 91.990127563 0.100979336 0.994869649 0.006125126 -0.704891086 -0.985882461 0.100889854 -0.133629948 14.428122520
-0.134070694 0.006578188 0.990949929 93.850379944 0.098616600 0.995102704 0.006736590 -0.700365543 -0.986052632 0.098627299 -0.134062827 14.183316231
-0.136296973 0.007259794 0.990641415 95.681243896 0.098109655 0.995156288 0.006205494 -0.700627208 -0.985797942 0.098037280 -0.136349037 13.947425842
-0.138658956 0.008220877 0.990306079 97.566375732 0.097203605 0.995250165 0.005348166 -0.692177236 -0.985558271 0.097002894 -0.138799444 13.686436653
-0.142929852 0.009181766 0.989690244 99.440032959 0.097581513 0.995215654 0.004859575 -0.687801003 -0.984910607 0.097270049 -0.143142000 13.426408768
-0.147311077 0.008489187 0.989053786 101.340240479 0.096280143 0.995337367 0.005796982 -0.685707211 -0.984393001 0.096080199 -0.147441566 13.140947342
-0.151779667 0.008116642 0.988381028 103.248115540 0.094933920 0.995462954 0.006403626 -0.681760430 -0.983844757 0.094802827 -0.151861593 12.848076820
-0.156323612 0.008548025 0.987668931 105.150413513 0.093417056 0.995607972 0.006168878 -0.686140358 -0.983278275 0.093229458 -0.156435564 12.557783127
-0.160255328 0.010700235 0.987017572 107.063003540 0.094189420 0.995544136 0.004500223 -0.683747530 -0.982571423 0.093687795 -0.160549089 12.239175797
-0.165668383 0.011854331 0.986110270 108.984954834 0.093666628 0.995596468 0.003767802 -0.700531602 -0.981723249 0.092989825 -0.166049212 11.940874100
-0.169200704 0.011672610 0.985512495 110.936622620 0.092583694 0.995696485 0.004102280 -0.709423244 -0.981223404 0.091936491 -0.169553235 11.587547302
-0.173950687 0.011598911 0.984686077 112.876533508 0.090910904 0.995849609 0.004329546 -0.715029061 -0.980549037 0.090271831 -0.174283206 11.258146286
-0.178099856 0.010843966 0.983952641 114.847152710 0.089407489 0.995981514 0.005206624 -0.721480608 -0.979942203 0.088900037 -0.178353697 10.892192841
-0.183828264 0.010340974 0.982903957 116.779678345 0.087967254 0.996105492 0.005972268 -0.716999888 -0.979014277 0.087561235 -0.184021994 10.548856735
-0.188844413 0.010433464 0.981951594 118.755279541 0.088657938 0.996041119 0.006467118 -0.714992821 -0.977996707 0.088279083 -0.189021811 10.168874741
-0.193097502 0.011775278 0.981108904 120.713195801 0.089472137 0.995973289 0.005655830 -0.722515702 -0.977091670 0.088874042 -0.193373501 9.776138306
-0.198242456 0.012856622 0.980068684 122.674278259 0.089334488 0.995989084 0.005004581 -0.726327837 -0.976073384 0.088546053 -0.198595867 9.385385513
-0.204664782 0.012409870 0.978753448 124.668395996 0.089124821 0.996002316 0.006008104 -0.725445986 -0.974766195 0.088460870 -0.204952627 8.999153137
-0.209876716 0.012560601 0.977647185 126.650329590 0.088281594 0.996076524 0.006154501 -0.725716591 -0.973734140 0.087599933 -0.210162148 8.579669952
-0.215060025 0.012946934 0.976514995 128.638458252 0.087268293 0.996166706 0.006011803 -0.730632484 -0.972693920 0.086511694 -0.215365499 8.142833710
-0.220510602 0.013450135 0.975291848 130.646179199 0.086391091 0.996244431 0.005793682 -0.733275056 -0.971551180 0.085534096 -0.220844448 7.714513779
-0.225137711 0.012949266 0.974240899 132.628997803 0.087933682 0.996101141 0.007080805 -0.735892892 -0.970350802 0.087262750 -0.225398600 7.272733688
-0.228284523 0.013109219 0.973506212 134.626724243 0.090172231 0.995896161 0.007734418 -0.724016070 -0.969409704 0.089548871 -0.228529766 6.790695190
-0.231950358 0.013828929 0.972629309 136.647964478 0.091852449 0.995742500 0.007747203 -0.723176003 -0.968381226 0.091135353 -0.232233047 6.305469513
-0.235192239 0.014727807 0.971837282 138.647369385 0.092080019 0.995725632 0.007194261 -0.719580054 -0.967577338 0.091178827 -0.235543072 5.825061798
-0.239001170 0.014757128 0.970907152 140.688018799 0.091443427 0.995782971 0.007374743 -0.719319940 -0.966703951 0.090545647 -0.239342734 5.338733673
-0.242666230 0.015450920 0.969986796 142.702087402 0.090463072 0.995876789 0.006768255 -0.720487058 -0.965882778 0.089390412 -0.243063405 4.825233459
-0.249275506 0.016544051 0.968291283 144.759368896 0.089409292 0.995976865 0.006000315 -0.718294978 -0.964296460 0.088069968 -0.249751836 4.332614899
-0.254066914 0.015999392 0.967054307 146.790496826 0.087172769 0.996172488 0.006421109 -0.713978171 -0.963250160 0.085932188 -0.254489183 3.810241699
-0.258513361 0.016455252 0.965867519 148.827026367 0.087495133 0.996144056 0.006446908 -0.714216292 -0.962037146 0.086175315 -0.258956313 3.265945435
-0.264078110 0.016570240 0.964358926 150.888488770 0.086615443 0.996219933 0.006600902 -0.720987260 -0.960604250 0.085271530 -0.264515102 2.726295471
-0.268859148 0.016726503 0.963034272 152.943511963 0.086335406 0.996242940 0.006799759 -0.721967459 -0.959302306 0.084972128 -0.269293100 2.165405273
-0.273487478 0.016135788 0.961740196 154.989196777 0.086161971 0.996250689 0.007786852 -0.730423093 -0.958008707 0.084995039 -0.273852378 1.598293304
-0.278030843 0.016207727 0.960435390 157.048141479 0.086973295 0.996175528 0.008366538 -0.729485035 -0.956626594 0.085858382 -0.278377175 1.019710541
-0.282489866 0.016782699 0.959123433 159.129028320 0.087457657 0.996133447 0.008328537 -0.729139209 -0.955275178 0.086235419 -0.282865375 0.421993256
-0.286551505 0.018292371 0.957890213 161.201446533 0.088054784 0.996088743 0.007319637 -0.724066019 -0.954009712 0.086444266 -0.287041485 -0.185424805
-0.290684015 0.019567303 0.956619024 163.275711060 0.087904468 0.996108770 0.006336129 -0.730301440 -0.952772617 0.085932896 -0.291272938 -0.797367096
-0.294160783 0.021004815 0.955525100 165.355010986 0.088697203 0.996043921 0.005410134 -0.731472135 -0.951631367 0.086343847 -0.294860125 -1.420612335
-0.297545761 0.021750716 0.954459727 167.441223145 0.088157952 0.996095002 0.004783067 -0.735608399 -0.950628579 0.085566401 -0.298301369 -2.062389374
-0.301456153 0.021388154 0.953240097 169.541213989 0.088157855 0.996091187 0.005529748 -0.745452523 -0.949395776 0.085702583 -0.302163363 -2.710708618
-0.305308968 0.021641629 0.952007413 171.622940063 0.088054076 0.996100008 0.005594989 -0.749882221 -0.948173463 0.085536331 -0.306023866 -3.366020203
-0.309394360 0.022934025 0.950657248 173.719604492 0.090435170 0.995887637 0.005407225 -0.750845075 -0.946623802 0.087645814 -0.310196072 -4.045783997
-0.311685801 0.023534320 0.949893713 175.811203003 0.093250185 0.995625019 0.005930557 -0.751609445 -0.945598423 0.090426236 -0.312516749 -4.751377106
-0.314352185 0.022842847 0.949031591 177.894012451 0.093814485 0.995564282 0.007111739 -0.756223679 -0.944659472 0.091268495 -0.315100789 -5.435699463
-0.317225218 0.022492537 0.948083460 179.995727539 0.093471587 0.995592535 0.007655595 -0.753533125 -0.943732619 0.091047414 -0.317929476 -6.137798309
-0.319946259 0.023378734 0.947147191 182.089736938 0.092802741 0.995661497 0.006772531 -0.751412630 -0.942879677 0.090064704 -0.320727766 -6.834751129
-0.322682679 0.025059281 0.946175396 184.202911377 0.092034228 0.995743215 0.005015185 -0.756787181 -0.942022085 0.088698842 -0.323615402 -7.553695679
-0.325959653 0.027089363 0.944995463 186.326049805 0.091594681 0.995791733 0.003048489 -0.759844601 -0.940936089 0.087550245 -0.327069163 -8.278858185
-0.329100519 0.027771041 0.943886459 188.455642700 0.090668559 0.995878458 0.002312238 -0.774402261 -0.939931929 0.086341783 -0.330262065 -9.017585754
-0.332480162 0.029124906 0.942660451 190.615356445 0.089016460 0.996029973 0.000622630 -0.779919744 -0.938899875 0.084119305 -0.333752811 -9.768558502
-0.335361570 0.029648874 0.941622853 192.745071411 0.090338930 0.995910764 0.000816222 -0.793389499 -0.937748075 0.085338928 -0.336668640 -10.542030334
-0.338870764 0.028592248 0.940398395 194.911560059 0.089441940 0.995990157 0.001947751 -0.804072261 -0.936571777 0.084771089 -0.340069294 -11.314006805
-0.342225045 0.027899595 0.939203739 197.074371338 0.090018846 0.995934844 0.003216045 -0.819378495 -0.935295999 0.085646644 -0.343345344 -12.102069855
-0.346106291 0.027728904 0.937785447 199.235961914 0.089423627 0.995987356 0.003553524 -0.826460600 -0.933923900 0.085090078 -0.347197115 -12.892570496
-0.349838287 0.028057398 0.936389863 201.396728516 0.088920079 0.996033013 0.003376321 -0.832449675 -0.932580531 0.084445029 -0.350945354 -13.691566467
-0.353964180 0.028578958 0.934822261 203.574172974 0.088108405 0.996106625 0.002909141 -0.847308099 -0.931099474 0.083395429 -0.355104119 -14.504917145
-0.357596606 0.029251652 0.933417916 205.755538940 0.087475888 0.996164024 0.002294405 -0.858188868 -0.929770231 0.082472034 -0.358783692 -15.321147919
-0.360187143 0.029983167 0.932398081 207.867416382 0.089206912 0.996010125 0.002432058 -0.878021419 -0.928605080 0.084052354 -0.361424774 -16.140552521
-0.362711251 0.029728826 0.931427240 210.016601562 0.089759618 0.995958447 0.003165195 -0.889811397 -0.927568734 0.084752604 -0.363913804 -16.971511841
-0.365557998 0.029441075 0.930322826 212.205413818 0.091194637 0.995823741 0.004319801 -0.899873912 -0.926310360 0.086419590 -0.366716206 -17.831111908
-0.368429422 0.030554803 0.929153442 214.393844604 0.092969738 0.995660424 0.004122655 -0.910952210 -0.924995363 0.087902062 -0.369671255 -18.695034027
-0.371667504 0.031078806 0.927845538 216.587234497 0.092336118 0.995721281 0.003634774 -0.924732864 -0.923762560 0.087024584 -0.372946948 -19.562553406
-0.374701947 0.031260204 0.926618159 218.770874023 0.091541819 0.995795369 0.003423342 -0.937343478 -0.922615051 0.086107045 -0.375988066 -20.431003571
-0.377607644 0.032719824 0.925387442 220.944488525 0.091481619 0.995804489 0.002119773 -0.954211235 -0.921435595 0.085456386 -0.379016668 -21.314048767
-0.380378872 0.034035247 0.924204230 223.130981445 0.091417879 0.995812178 0.000952946 -0.967601180 -0.920301437 0.084851272 -0.381897330 -22.208393097
-0.383151919 0.033672567 0.923071384 225.308578491 0.089193091 0.996014118 0.000689169 -0.992779791 -0.919368923 0.082595646 -0.384628087 -23.099342346
-0.386706471 0.034758799 0.921547592 227.488647461 0.090170778 0.995926261 0.000273915 -1.013559818 -0.917783916 0.083202593 -0.388265371 -23.996726990
-0.389306515 0.034506287 0.920461714 229.648498535 0.091311745 0.995821536 0.001288649 -1.034841180 -0.916571140 0.084550641 -0.390830636 -24.911869049
-0.392929822 0.033424426 0.918960810 231.828903198 0.091350317 0.995814741 0.002839871 -1.055702686 -0.915019810 0.085063234 -0.394338667 -25.822090149
-0.396478623 0.032698426 0.917461455 233.957504272 0.089794345 0.995954812 0.003308456 -1.071936607 -0.913641989 0.083694577 -0.397810936 -26.724555969
-0.399534702 0.033200715 0.916116655 236.098632812 0.088789076 0.996047020 0.002625044 -1.089387894 -0.912408113 0.082389951 -0.400903195 -27.651348114
-0.403486758 0.032405976 0.914411426 238.287429810 0.086966977 0.996206462 0.003069713 -1.104597211 -0.910843134 0.080762185 -0.404774368 -28.597961426
-0.407671630 0.032290328 0.912557483 240.454498291 0.086283140 0.996265233 0.003293447 -1.114701509 -0.909042954 0.080080971 -0.408935189 -29.549003601
-0.411616087 0.032190856 0.910788655 242.607360840 0.085633449 0.996320605 0.003486752 -1.134534597 -0.907325268 0.079429179 -0.412858218 -30.506782532
-0.415652126 0.032112490 0.908956587 244.764648438 0.085014760 0.996372938 0.003675147 -1.147672176 -0.905541718 0.078802310 -0.416874558 -31.478805542
-0.420183688 0.031205032 0.906902373 246.935394287 0.083553769 0.996493459 0.004424204 -1.165130138 -0.903584242 0.077634089 -0.421317607 -32.455696106
-0.424906015 0.030848715 0.904711664 249.068420410 0.082237996 0.996601880 0.004641845 -1.176095843 -0.901494205 0.076374024 -0.425999075 -33.433074951
-0.428363502 0.031985760 0.903040230 251.219863892 0.082904428 0.996549368 0.004028437 -1.195379972 -0.899795294 0.076591663 -0.429537147 -34.444496155
-0.432133257 0.031895503 0.901245534 253.317474365 0.082737058 0.996561706 0.004402347 -1.221568942 -0.898006380 0.076468803 -0.433286399 -35.432044983
-0.435775131 0.032215171 0.899478853 255.448028564 0.082890682 0.996548653 0.004466711 -1.232023835 -0.896230519 0.076504894 -0.436941445 -36.454856873
-0.439592540 0.032575022 0.897606432 257.569763184 0.081645325 0.996654153 0.003815306 -1.247219682 -0.894478858 0.074962541 -0.440781325 -37.478126526
-0.443473399 0.032898646 0.895683587 259.696014404 0.081954405 0.996628165 0.003971136 -1.261539578 -0.892532825 0.075166307 -0.444674253 -38.522850037
-0.447117567 0.033738129 0.893838704 261.809570312 0.082496203 0.996584713 0.003650096 -1.264483929 -0.890662849 0.075370319 -0.448373765 -39.574943542
-0.450260580 0.035183575 0.892203748 263.920074463 0.084304109 0.996434748 0.003251140 -1.274832964 -0.888908446 0.076680303 -0.451621413 -40.636444092
-0.453362614 0.037177891 0.890550494 266.036773682 0.086544052 0.996244967 0.002467632 -1.289613843 -0.887114704 0.078190580 -0.454877734 -41.719680786
-0.456210583 0.037872199 0.889065564 268.167907715 0.087945826 0.996121585 0.002695525 -1.305415154 -0.885515332 0.079419330 -0.457771897 -42.813880920
-0.459189117 0.040728532 0.887404382 270.292694092 0.090306185 0.995913506 0.001020418 -1.307543874 -0.883736491 0.080606669 -0.460990697 -43.913848877
-0.461218357 0.043524664 0.886218488 272.396026611 0.092882439 0.995676935 -0.000561280 -1.330708742 -0.882411718 0.082055263 -0.463267148 -45.012031555
-0.465097189 0.043117069 0.884208977 274.549468994 0.092569664 0.995706201 0.000137930 -1.348775387 -0.880406439 0.081915081 -0.467091501 -46.106689453
-0.468213618 0.044321589 0.882503033 276.693939209 0.092747398 0.995689332 -0.000798796 -1.364345193 -0.878734291 0.081475854 -0.470306009 -47.209938049
-0.471331328 0.044966850 0.880809128 278.848876953 0.092493661 0.995712399 -0.001338415 -1.372738957 -0.877092779 0.080838427 -0.473469585 -48.358551025
-0.474783748 0.045977917 0.878900707 280.992309570 0.093539931 0.995614290 -0.001553117 -1.397046208 -0.875117540 0.081474915 -0.477002263 -49.503448486
-0.477777839 0.046352968 0.877256930 283.148254395 0.092569575 0.995703816 -0.002195634 -1.407804608 -0.873589814 0.080158278 -0.480016083 -50.675521851
-0.480316848 0.046115030 0.875881910 285.295227051 0.091234758 0.995826542 -0.002398702 -1.426522613 -0.872337043 0.078758739 -0.482519537 -51.850036621
-0.482920736 0.046932209 0.874405444 287.438995361 0.092820913 0.995680451 -0.002177863 -1.440634727 -0.870730639 0.080111377 -0.485191017 -53.030220032
-0.485331357 0.046795581 0.873077095 289.629547119 0.094198324 0.995552957 -0.000996566 -1.462696195 -0.869241118 0.081758730 -0.487581134 -54.228416443
-0.487197816 0.047446746 0.872001767 291.783508301 0.095827125 0.995397806 -0.000621124 -1.475948572 -0.868018091 0.083258815 -0.489502311 -55.434883118
-0.488870472 0.046699528 0.871105552 293.944091797 0.095028892 0.995474517 -0.000036011 -1.489822149 -0.867165029 0.082762592 -0.491095871 -56.641929626
-0.491070420 0.046421524 0.869882107 296.140655518 0.095157973 0.995462000 0.000595944 -1.496033430 -0.865906954 0.083068870 -0.493259311 -57.870491028
-0.493568569 0.046980061 0.868437052 298.361114502 0.096556760 0.995326936 0.001032732 -1.500881910 -0.864330292 0.084363192 -0.495798349 -59.125587463
-0.496450871 0.046312843 0.866828501 300.567779541 0.096070334 0.995372832 0.001840795 -1.509103298 -0.862732291 0.084190369 -0.498602986 -60.370887756
-0.498324066 0.047614317 0.865682423 302.776123047 0.096187405 0.995363057 0.000622588 -1.521572471 -0.861638606 0.083577991 -0.500593245 -61.636962891
-0.500696778 0.050172284 0.864167511 304.981994629 0.095480897 0.995428205 -0.002471656 -1.523932576 -0.860340714 0.081273936 -0.503198206 -62.909652710
-0.503203034 0.048896898 0.862783730 307.201812744 0.093772434 0.995592177 -0.001732527 -1.547231436 -0.859065473 0.080033518 -0.505570173 -64.203414917
-0.508166373 0.046975609 0.859976888 309.413757324 0.091411203 0.995813131 -0.000380044 -1.565635920 -0.856394172 0.078418396 -0.510332882 -65.473243713
-0.513117909 0.044629615 0.857157052 311.642272949 0.089187555 0.996013701 0.001530668 -1.579208732 -0.853671849 0.077233158 -0.515052855 -66.778900146
-0.518026769 0.042987820 0.854283512 313.877502441 0.087697998 0.996142447 0.003052754 -1.589867830 -0.850856841 0.076500356 -0.519798398 -68.107566833
-0.522514939 0.043049477 0.851542652 316.119140625 0.087946795 0.996118665 0.003606547 -1.595908761 -0.848082244 0.076774925 -0.524272919 -69.463645935
-0.526515424 0.045651589 0.848939002 318.359985352 0.091593735 0.995791137 0.003258262 -1.599997997 -0.845217168 0.079473019 -0.528480828 -70.851036072
-0.530389905 0.046024911 0.846503556 320.617065430 0.091490619 0.995800853 0.003182567 -1.597095966 -0.842802465 0.079135142 -0.532373548 -72.263916016
-0.534805238 0.046273187 0.843707383 322.859893799 0.092695020 0.995685875 0.004148623 -1.614237666 -0.839875579 0.080426179 -0.536787331 -73.664421082
-0.539104581 0.045077220 0.841031671 325.084014893 0.093131460 0.995633662 0.006334126 -1.626794338 -0.837073922 0.081741266 -0.540948808 -75.086746216
-0.543098867 0.043352369 0.838548839 327.324645996 0.091546781 0.995770156 0.007811063 -1.634314060 -0.834663272 0.081008628 -0.544770420 -76.523643494
-0.547007740 0.043009799 0.836021960 329.537902832 0.090736799 0.995841682 0.008137084 -1.639239311 -0.832195520 0.080309004 -0.548635662 -77.958770752
-0.551381707 0.042995576 0.833144367 331.751220703 0.090797797 0.995831370 0.008699455 -1.640591383 -0.829297245 0.080444396 -0.552987099 -79.403343201
-0.554674149 0.042864393 0.830962837 333.939666748 0.091623381 0.995745540 0.009794771 -1.638468266 -0.827007711 0.081568532 -0.556241691 -80.864303589
-0.559312701 0.043099500 0.827835560 336.177093506 0.092177719 0.995687842 0.010439903 -1.631676674 -0.823815823 0.082147166 -0.560873687 -82.350715637
-0.561323106 0.041696705 0.826545715 338.381164551 0.090918876 0.995791793 0.011510105 -1.633223534 -0.822587490 0.081609488 -0.562751949 -83.870414734
-0.565173209 0.040956892 0.823954940 340.611724854 0.090746723 0.995792449 0.012747128 -1.621298790 -0.819966018 0.081975549 -0.566511929 -85.374221802
-0.567897499 0.040443078 0.822105110 342.811676025 0.091127455 0.995741308 0.013964400 -1.610480309 -0.818039298 0.082846694 -0.569164455 -86.887847900
-0.570666671 0.039724581 0.820220411 345.018005371 0.088660352 0.995971143 0.013448795 -1.597383976 -0.816381574 0.080395810 -0.571889520 -88.417190552
-0.574654222 0.038695306 0.817480981 347.173797607 0.085046761 0.996297002 0.012624713 -1.593470097 -0.813965321 0.076778956 -0.575817168 -89.886886597
-0.577571392 0.037688252 0.815469742 349.325012207 0.081363223 0.996617377 0.011566706 -1.584616423 -0.812275410 0.073029846 -0.578684092 -91.376007080
-0.580340028 0.035365380 0.813606024 351.458099365 0.079752713 0.996722400 0.013562125 -1.588188171 -0.810459733 0.072757930 -0.581258416 -92.889312744
-0.584326327 0.035030179 0.810762405 353.638916016 0.080637723 0.996629775 0.015055737 -1.575993061 -0.807502508 0.074175492 -0.585181773 -94.424781799
-0.586852729 0.034791928 0.808945835 355.781127930 0.080008999 0.996678591 0.015176697 -1.568370819 -0.805730999 0.073629431 -0.587687194 -95.988510132
-0.590366662 0.033912092 0.806422472 357.978057861 0.078147762 0.996824503 0.015291526 -1.555628777 -0.803343117 0.072047718 -0.591142118 -97.556175232
-0.593875170 0.029851252 0.804003239 360.165161133 0.075381957 0.996980011 0.018664565 -1.540538788 -0.801018000 0.071691759 -0.594331920 -99.134689331
-0.597244263 0.028194105 0.801563680 362.314788818 0.073867366 0.997068167 0.019967740 -1.518136501 -0.798650682 0.071135014 -0.597575903 -100.724220276
-0.600902557 0.027041946 0.798864722 364.517547607 0.072098710 0.997187257 0.020477077 -1.489560127 -0.796064019 0.069901839 -0.601162076 -102.332572937
-0.604290426 0.027031925 0.796305418 366.691284180 0.071288988 0.997250199 0.020245574 -1.464045048 -0.793568492 0.069002017 -0.604555845 -103.930595398
-0.607340276 0.026168032 0.794010699 368.906097412 0.071157396 0.997232020 0.021562876 -1.448459625 -0.791248620 0.069595739 -0.607521176 -105.590118408
-0.610307395 0.025385799 0.791757822 371.046630859 0.070740208 0.997239769 0.022554303 -1.424893379 -0.788999796 0.069774173 -0.610418618 -107.214126587
-0.613479793 0.024345502 0.789335072 373.177795410 0.067938231 0.997446120 0.022038048 -1.397363186 -0.786782622 0.067145921 -0.613567054 -108.819717407
-0.616901994 0.021111393 0.786756814 375.321685791 0.058229629 0.998124778 0.018875172 -1.374549866 -0.784882963 0.057456687 -0.616974473 -110.453033447
-0.620717525 0.023065379 0.783694923 377.461914062 0.050299808 0.998679519 0.010446731 -1.370182991 -0.782419145 0.045904174 -0.621058047 -112.089874268
-0.623759151 0.033166829 0.780912578 379.606811523 0.060176414 0.998171628 0.005672081 -1.373760223 -0.779296696 0.050530534 -0.624614537 -113.768165588
-0.625224948 0.034020577 0.779702723 381.745147705 0.067372315 0.997672737 0.010493037 -1.381651640 -0.777531147 0.059090886 -0.626061916 -115.455017090
-0.627011597 0.025576251 0.778589904 383.853759766 0.067206599 0.997510493 0.021354934 -1.362126827 -0.776105464 0.065716170 -0.627169609 -117.151596069
-0.631044269 0.014088842 0.775618851 385.992675781 0.060126442 0.997715592 0.030795783 -1.322763443 -0.773413181 0.066068709 -0.630449831 -118.826530457
-0.634559035 0.008157394 0.772831321 388.086822510 0.054204825 0.997951746 0.033973102 -1.262868881 -0.770971239 0.063449129 -0.633701503 -120.494651794
-0.637377024 0.007939618 0.770511210 390.169006348 0.053164408 0.998017132 0.033694379 -1.201251030 -0.768715858 0.062439796 -0.636535287 -122.182907104
-0.640235662 0.012943069 0.768069506 392.254028320 0.058428612 0.997782111 0.031889975 -1.151537895 -0.765953243 0.065294333 -0.639571965 -123.896133423
-0.642178535 0.019231813 0.766313791 394.287200928 0.063007973 0.997626781 0.027764339 -1.106702805 -0.763961196 0.066113539 -0.641866267 -125.590866089
-0.645176888 0.021952564 0.763717771 396.345336914 0.063437492 0.997674823 0.024913501 -1.070854187 -0.761395097 0.064521953 -0.645069361 -127.285583496
-0.648950696 0.021996150 0.760512412 398.431518555 0.063484885 0.997661650 0.025316935 -1.033564568 -0.758177221 0.064710483 -0.648829639 -129.020492554
-0.651814461 0.021322083 0.758078635 400.493927002 0.064728364 0.997521222 0.027598260 -0.997031212 -0.755611122 0.067058139 -0.651578903 -130.775360107
-0.654009342 0.021463836 0.756181896 402.520050049 0.065975696 0.997406960 0.028750414 -0.944021225 -0.753603995 0.068692662 -0.653729558 -132.528152466
-0.655937433 0.021513451 0.754508615 404.559692383 0.066138566 0.997387230 0.029059337 -0.899802208 -0.751912057 0.068963222 -0.655646503 -134.275848389
-0.657170534 0.021204345 0.753443599 406.613037109 0.066193677 0.997365654 0.029666519 -0.860940933 -0.750829697 0.069369167 -0.656842947 -136.047927856
-0.658456385 0.022555029 0.752280831 408.644042969 0.067632444 0.997280061 0.029296681 -0.808974266 -0.749573946 0.070169181 -0.658190846 -137.815505981
-0.659888983 0.021639656 0.751051426 410.662322998 0.068215534 0.997182488 0.031204246 -0.757898331 -0.748260081 0.071824715 -0.659505904 -139.572692871
-0.660593808 0.021423735 0.750437737 412.704345703 0.070584573 0.996937275 0.033673160 -0.702215195 -0.747417986 0.075213611 -0.660082757 -141.362182617
-0.661873817 0.020750862 0.749327958 414.730346680 0.072143368 0.996739984 0.036121156 -0.647793770 -0.746135592 0.077966690 -0.661213160 -143.131896973
-0.663604915 0.021150595 0.747784197 416.742614746 0.070700966 0.996899188 0.034545388 -0.581693649 -0.744734764 0.075793549 -0.663042545 -144.893402100
-0.665631652 0.020968659 0.745985806 418.748229980 0.066619575 0.997283876 0.031411305 -0.525839806 -0.743300974 0.070605613 -0.665220618 -146.646697998
-0.667212844 0.020467652 0.744585872 420.740844727 0.063726239 0.997525871 0.029683551 -0.472402573 -0.742136121 0.067254901 -0.666866422 -148.402923584
-0.668310761 0.019739451 0.743620276 422.736328125 0.063128807 0.997546673 0.030255547 -0.422100067 -0.741198719 0.067163967 -0.667917252 -150.170349121
-0.669413269 0.018075198 0.742670298 424.677947998 0.060226735 0.997733712 0.030003004 -0.377017975 -0.740444899 0.064813018 -0.668984771 -151.909149170
-0.670174778 0.016945662 0.742009819 426.670867920 0.057372458 0.997930765 0.029027887 -0.329153061 -0.739982545 0.062024686 -0.669760227 -153.689270020
-0.670879304 0.016177449 0.741390049 428.657043457 0.056150820 0.998000085 0.029033745 -0.282422066 -0.739437640 0.061107799 -0.670445979 -155.462585449
-0.672053695 0.014507137 0.740360320 430.633758545 0.056481428 0.997899711 0.031716831 -0.234349251 -0.738345265 0.063132018 -0.671461582 -157.224548340
-0.671551228 0.013877153 0.740828156 432.609741211 0.059356119 0.997618973 0.035118215 -0.172680855 -0.738576889 0.067556366 -0.670775950 -159.008789062
-0.671680748 0.012383579 0.740737200 434.607269287 0.063482367 0.997144759 0.040893938 -0.108316422 -0.738115847 0.074491419 -0.670549035 -160.781341553
-0.670890450 0.011492781 0.741467416 436.594512939 0.066728137 0.996759236 0.044926766 -0.028942108 -0.738548160 0.079617679 -0.669483125 -162.545257568
-0.669793487 0.009091008 0.742491782 438.562744141 0.061220922 0.997196853 0.043017108 0.054033279 -0.740019381 0.074268609 -0.668472528 -164.287658691
-0.669217885 0.008403220 0.743018746 440.551086426 0.053976413 0.997844160 0.037329983 0.134010315 -0.741103232 0.065087378 -0.668228745 -166.042007446
-0.668222249 0.005890889 0.743938386 442.538543701 0.049138557 0.998134553 0.036233615 0.192011833 -0.742337167 0.060768168 -0.667265117 -167.795043945
-0.666586637 0.005480396 0.745407403 444.549468994 0.046988979 0.998293161 0.034680609 0.252843857 -0.743945062 0.058143564 -0.665706456 -169.537994385
-0.663715184 0.006734204 0.747955084 446.535736084 0.049792163 0.998139203 0.035197493 0.314592361 -0.746326268 0.060603410 -0.662815452 -171.299987793
-0.661219478 0.006280248 0.750166178 448.523254395 0.049815115 0.998125494 0.035552457 0.377944946 -0.748536706 0.060877591 -0.660292864 -173.028350830
-0.658844292 0.007273015 0.752244174 450.504547119 0.047597256 0.998352766 0.032035004 0.437626839 -0.750772059 0.056910839 -0.658105195 -174.742980957
-0.657478213 0.002262349 0.753470123 452.513671875 0.040954664 0.998624504 0.032738607 0.492262840 -0.752359688 0.052383039 -0.656666517 -176.466751099
-0.656611919 -0.004015446 0.754217923 454.520874023 0.032141957 0.998928428 0.033300634 0.544142723 -0.753543437 0.046107635 -0.655779243 -178.173492432
-0.655855954 -0.007512554 0.754848659 456.535949707 0.024915693 0.999190211 0.031592526 0.599104881 -0.754474759 0.039527725 -0.655137718 -179.883911133
-0.655039668 -0.008293645 0.755548954 458.544342041 0.023296650 0.999242663 0.031166205 0.646625519 -0.755235255 0.038016859 -0.654350400 -181.601928711
-0.653911531 -0.007871035 0.756530046 460.557312012 0.025540370 0.999146283 0.032471225 0.700510979 -0.756139755 0.040555369 -0.653152287 -183.324401855
-0.651723981 -0.008821767 0.758404911 462.574340820 0.027425645 0.999004304 0.035188239 0.754837036 -0.757960200 0.043732766 -0.650833130 -185.052505493
-0.650849640 -0.010902115 0.759128392 464.561279297 0.025448555 0.999021709 0.036165994 0.824522018 -0.758780003 0.042857345 -0.649935484 -186.712005615
-0.649679720 -0.011258319 0.760124683 466.596954346 0.023634059 0.999107897 0.034998003 0.885143280 -0.759840548 0.040702324 -0.648834050 -188.424163818
-0.648567379 -0.010333662 0.761087120 468.627349854 0.022142623 0.999228477 0.032436069 0.951849937 -0.760835111 0.037889440 -0.647838235 -190.136749268
-0.647287428 -0.008840097 0.762194753 470.654144287 0.023079302 0.999247015 0.031189380 1.001573563 -0.761896551 0.037779417 -0.646595955 -191.835388184
-0.646423876 -0.008743879 0.762928367 472.667053223 0.024614071 0.999174893 0.032306820 1.050292015 -0.762581348 0.039662674 -0.645675302 -193.514617920
