1.000000000 0.000000000 0.000000000 0.000000000 0.000000000 1.000000000 0.000000000 0.000000000 0.000000000 0.000000000 1.000000000 0.000000000
0.999996781 -0.002165306 -0.001311835 -0.007959419 0.002169055 0.999993563 0.002863603 -0.016121393 0.001305626 -0.002866440 0.999995053 1.522885442
0.999992311 -0.002536993 -0.002999361 -0.010319427 0.002548229 0.999989748 0.003747972 -0.037177768 0.002989821 -0.003755586 0.999988496 3.039775133
0.999988079 -0.001815196 -0.004538660 -0.026321357 0.001830960 0.999992311 0.003471531 -0.048187390 0.004532324 -0.003479799 0.999983668 4.544873238
0.999980807 -0.000872578 -0.006133231 -0.045161352 0.000893989 0.999993503 0.003489014 -0.066201568 0.006130147 -0.003494430 0.999975085 6.045155048
0.999970675 -0.001027739 -0.007590998 -0.063877635 0.001054420 0.999993265 0.003511736 -0.076593764 0.007587338 -0.003519637 0.999965012 7.548253059
0.999953270 -0.001445732 -0.009559444 -0.084456936 0.001484665 0.999990642 0.004066924 -0.091890179 0.009553474 -0.004080927 0.999946058 9.054259300
0.999929667 -0.003583812 -0.011304088 -0.091619082 0.003620829 0.999988139 0.003255818 -0.110766686 0.011292285 -0.003296519 0.999930799 10.542201042
0.999911129 -0.004547253 -0.012533118 -0.121238567 0.004591355 0.999983370 0.003492303 -0.127929643 0.012517029 -0.003549537 0.999915361 12.037047386
0.999896169 -0.004004809 -0.013844284 -0.149718419 0.004052079 0.999986053 0.003388104 -0.147233918 0.013830522 -0.003443851 0.999898434 13.524924278
0.999884903 -0.003665837 -0.014720242 -0.184519768 0.003714558 0.999987721 0.003283813 -0.158453420 0.014708024 -0.003338115 0.999886274 15.009926796
0.999869049 -0.002359485 -0.016008247 -0.206504196 0.002425537 0.999988616 0.004107996 -0.179799527 0.015998371 -0.004146287 0.999863446 16.462415695
0.999865055 -0.001060387 -0.016392728 -0.243461430 0.001138573 0.999988019 0.004760948 -0.192666769 0.016387485 -0.004778970 0.999854267 17.936426163
0.999853551 -0.000853437 -0.017093614 -0.273145735 0.000952859 0.999982655 0.005809020 -0.215360597 0.017088359 -0.005824456 0.999837041 19.436397552
0.999849141 -0.000728279 -0.017353451 -0.307431698 0.000826010 0.999983847 0.005625303 -0.222577244 0.017349072 -0.005638788 0.999833584 20.893993378
0.999842525 0.000274164 -0.017745627 -0.343802392 -0.000174572 0.999984205 0.005613475 -0.231463268 0.017746886 -0.005609493 0.999826789 22.355842590
0.999838173 0.000184451 -0.017988427 -0.376802474 -0.000069740 0.999979675 0.006377361 -0.252927363 0.017989237 -0.006375074 0.999817848 23.801156998
0.999835730 0.001493263 -0.018062439 -0.410577238 -0.001355512 0.999969900 0.007636227 -0.263350904 0.018073298 -0.007610489 0.999807715 25.240108490
0.999837339 0.001460873 -0.017976858 -0.442367315 -0.001344770 0.999978185 0.006468893 -0.279445887 0.017985916 -0.006443666 0.999817491 26.653694153
0.999837399 0.002040841 -0.017917255 -0.478571594 -0.001963241 0.999988616 0.004347520 -0.285985589 0.017925924 -0.004311637 0.999830008 28.083797455
0.999842525 0.000268277 -0.017745657 -0.509971797 -0.000193079 0.999991000 0.004239126 -0.302971244 0.017746635 -0.004235032 0.999833524 29.499053955
0.999850035 -0.000493426 -0.017311445 -0.547212541 0.000613388 0.999975860 0.006925002 -0.317858875 0.017307607 -0.006934582 0.999826193 30.916116714
0.999853015 -0.002394680 -0.016978523 -0.581221879 0.002536653 0.999961972 0.008345328 -0.336225659 0.016957892 -0.008387171 0.999821007 32.329269409
0.999854267 -0.002964011 -0.016813198 -0.613389015 0.003092287 0.999966264 0.007608630 -0.344219118 0.016790079 -0.007659512 0.999829710 33.725517273
0.999863863 -0.003324707 -0.016160710 -0.644347608 0.003417242 0.999977887 0.005701661 -0.355216086 0.016141398 -0.005756109 0.999853134 35.125686646
0.999873519 -0.001961099 -0.015781740 -0.674692094 0.002036666 0.999986529 0.004773668 -0.365948111 0.015772164 -0.004805207 0.999864042 36.473781586
0.999887824 -0.001953773 -0.014851714 -0.706029832 0.002016399 0.999989152 0.004202951 -0.388998002 0.014843342 -0.004232427 0.999880850 37.837249756
0.999904692 -0.001359647 -0.013739171 -0.730284333 0.001432234 0.999985039 0.005274803 -0.404853374 0.013731794 -0.005293978 0.999891698 39.168018341
0.999926090 -0.000731048 -0.012136686 -0.760225713 0.000819386 0.999973178 0.007275184 -0.421810716 0.012131042 -0.007284591 0.999899864 40.500732422
0.999942303 -0.001296822 -0.010665001 -0.779827833 0.001387442 0.999962986 0.008493972 -0.437853366 0.010653592 -0.008508279 0.999907076 41.787673950
0.999965429 -0.000626583 -0.008290097 -0.794679284 0.000703106 0.999957144 0.009230912 -0.451193750 0.008283958 -0.009236421 0.999923050 43.090656281
0.999987543 -0.001108768 -0.004871193 -0.812250853 0.001151106 0.999961495 0.008697378 -0.461895823 0.004861362 -0.008702877 0.999950290 44.363986969
0.999997795 -0.001487451 -0.001476927 -0.823212802 0.001497381 0.999976158 0.006745245 -0.473219752 0.001466858 -0.006747442 0.999976158 45.613601685
0.999996483 -0.001428233 0.002244906 -0.833098054 0.001416619 0.999985635 0.005166346 -0.488874733 -0.002252253 -0.005163147 0.999984145 46.826301575
0.999979019 -0.001342314 0.006334151 -0.825112700 0.001306314 0.999983013 0.005684155 -0.502926946 -0.006341673 -0.005675761 0.999963760 48.053119659
0.999929726 -0.000558259 0.011841654 -0.826970756 0.000491867 0.999984145 0.005608846 -0.516371191 -0.011844598 -0.005602627 0.999914169 49.258159637
0.999832749 0.000582753 0.018279251 -0.809371233 -0.000669904 0.999988437 0.004761999 -0.529880762 -0.018276263 -0.004773447 0.999821603 50.481506348
0.999667466 0.001566218 0.025739407 -0.793169975 -0.001685710 0.999987900 0.004621306 -0.547293127 -0.025731858 -0.004663158 0.999657989 51.667675018
0.999425054 0.002628324 0.033803303 -0.755940676 -0.002814129 0.999981165 0.005450265 -0.556624115 -0.033788342 -0.005542258 0.999413669 52.850097656
0.999002695 0.004645095 0.044408124 -0.716520786 -0.004938584 0.999966681 0.006501469 -0.573547840 -0.044376444 -0.006714298 0.998992324 54.021171570
0.998330116 0.006930843 0.057348996 -0.665385723 -0.007307096 0.999953091 0.006353679 -0.584348679 -0.057302270 -0.006762124 0.998333991 55.169841766
0.997342587 0.009103072 0.072283395 -0.599104404 -0.009610785 0.999931514 0.006679217 -0.593818426 -0.072217643 -0.007356168 0.997361779 56.299163818
0.996026993 0.011295513 0.088332728 -0.509758949 -0.012056785 0.999894619 0.008089421 -0.603787243 -0.088232040 -0.009122291 0.996058166 57.422706604
0.994280219 0.011031308 0.106231406 -0.398822784 -0.012036574 0.999888599 0.008826465 -0.612003803 -0.106122203 -0.010054642 0.994302273 58.540531158
0.992068172 0.010751930 0.125240341 -0.270153046 -0.011845005 0.999897957 0.007986396 -0.621534348 -0.125141695 -0.009406521 0.992094278 59.627460480
0.989348471 0.009837533 0.145233735 -0.113914490 -0.010991912 0.999914050 0.007148087 -0.630744278 -0.145150930 -0.008668344 0.989371538 60.699832916
0.986096144 0.007278162 0.166016310 0.063130379 -0.008549231 0.999939322 0.006942953 -0.639859200 -0.165955707 -0.008265731 0.986098588 61.757453918
0.982204020 0.001829379 0.187808260 0.260225296 -0.003600541 0.999952197 0.009089985 -0.646862149 -0.187782645 -0.009604431 0.982163668 62.799743652
0.977573633 -0.003686501 0.210561559 0.490234375 0.001473971 0.999942064 0.010663734 -0.656612337 -0.210588664 -0.010114224 0.977522433 63.836074829
0.972097933 -0.008421338 0.234424099 0.747420311 0.006281642 0.999931514 0.009872664 -0.660615027 -0.234491199 -0.008124628 0.972084284 64.867790222
0.965655744 -0.014829980 0.259401321 1.025026321 0.013200844 0.999880672 0.008021316 -0.666589975 -0.259489328 -0.004321514 0.965736330 65.870796204
0.958177209 -0.018235300 0.285594046 1.324077606 0.016337380 0.999825776 0.009026861 -0.675059497 -0.285708904 -0.003983474 0.958308160 66.863632202
0.949396670 -0.020650715 0.313400000 1.637968063 0.017883314 0.999771595 0.011702746 -0.684125960 -0.313570082 -0.005505917 0.949549079 67.860870361
0.939653754 -0.024816189 0.341225624 1.980854034 0.021195671 0.999672592 0.014335004 -0.683085263 -0.341469646 -0.006237434 0.939872086 68.801078796
0.928769350 -0.027899425 0.369606704 2.348758698 0.024371106 0.999601960 0.014212901 -0.688651323 -0.369856119 -0.004192783 0.929079592 69.712371826
0.916646004 -0.026821792 0.398799121 2.735795975 0.024746727 0.999640167 0.010351458 -0.689977229 -0.398933262 0.000380351 0.916979909 70.607086182
0.903560638 -0.028077722 0.427539289 3.154491425 0.028619928 0.999577045 0.005159774 -0.694272101 -0.427503347 0.007573975 0.903982043 71.478408813
0.889416575 -0.030062675 0.456107855 3.598215103 0.032281175 0.999474525 0.002927956 -0.702373505 -0.455956191 0.012119525 0.889919698 72.324172974
0.873765588 -0.030954061 0.485361248 4.069047928 0.031936985 0.999470353 0.006247361 -0.709551930 -0.485297561 0.010042245 0.874291420 73.162185669
0.856007278 -0.029742027 0.516107559 4.561212540 0.027511431 0.999549806 0.011971636 -0.715907037 -0.516231239 0.003951050 0.856440127 73.986846924
0.836145163 -0.029879866 0.547693789 5.074728012 0.025537802 0.999553025 0.015543723 -0.719630718 -0.547913432 0.000990087 0.836534441 74.785011292
0.815176427 -0.023708947 0.578727305 5.614206314 0.021399228 0.999712527 0.010813358 -0.722866118 -0.578817308 0.003569524 0.815449417 75.548385620
0.793166578 -0.016736425 0.608774722 6.179946899 0.018223051 0.999826908 0.003744595 -0.727691174 -0.608732045 0.008123645 0.793334305 76.291481018
0.770673752 -0.014229153 0.637071013 6.769439697 0.017144607 0.999851763 0.001591887 -0.729153514 -0.636999249 0.009695508 0.770803452 77.007507324
0.747266889 -0.016740093 0.664313197 7.397438049 0.018259397 0.999822438 0.004655153 -0.733508348 -0.664273143 0.008651316 0.747439861 77.708648682
0.722948432 -0.017208055 0.690687656 8.027576447 0.018301636 0.999815941 0.005753322 -0.754656315 -0.690659523 0.008481358 0.723130345 78.365798950
0.698039234 -0.014634270 0.715909958 8.689117432 0.018792804 0.999821186 0.002114146 -0.752700567 -0.715812862 0.011978199 0.698189437 79.000198364
0.672087371 -0.012939224 0.740358770 9.363998413 0.019041801 0.999818683 0.000187914 -0.767420411 -0.740226984 0.013971470 0.672211885 79.599197388
0.645156682 -0.010373541 0.763979852 10.057991028 0.017115574 0.999853134 -0.000877260 -0.774153650 -0.763858557 0.013641924 0.645239472 80.188690186
0.616884232 -0.008665211 0.787006199 10.771316528 0.016546641 0.999861181 -0.001961045 -0.788520932 -0.786879957 0.014232047 0.616941988 80.756805420
0.588449419 -0.002478707 0.808530211 11.507469177 0.015264793 0.999851108 -0.008044499 -0.804169059 -0.808389902 0.017075827 0.588399649 81.287460327
0.558588684 0.007055943 0.829414785 12.268432617 0.013925179 0.999743104 -0.017883183 -0.818841100 -0.829327941 0.021539094 0.558346927 81.796127319
0.528085649 0.015287930 0.849053502 13.049663544 0.012996415 0.999575317 -0.026081583 -0.840629697 -0.849091649 0.024807960 0.527662694 82.282989502
0.496279240 0.020349829 0.867924452 13.861419678 0.010204298 0.999519467 -0.029270096 -0.865832031 -0.868102968 0.023382701 0.495833099 82.754661560
0.463872492 0.019805796 0.885680556 14.691942215 0.008249638 0.999610126 -0.026674239 -0.896591187 -0.885863543 0.019679990 0.463528246 83.191902161
0.430702299 0.018684888 0.902300596 15.541212082 0.003597416 0.999742150 -0.022419896 -0.925164461 -0.902486920 0.012902251 0.430524021 83.597305298
0.396250427 0.019644411 0.917932272 16.396968842 -0.000345716 0.999774218 -0.021246649 -0.954905391 -0.918142438 0.008101650 0.396167725 83.979927063
0.361224979 0.022848992 0.932198703 17.261333466 -0.007749270 0.999738753 -0.021501632 -0.981349647 -0.932446480 0.000543066 0.361307681 84.326431274
0.325133681 0.024342922 0.945354700 18.233831406 -0.012030020 0.999694228 -0.021604711 -1.014827728 -0.945591569 -0.004348218 0.325327098 84.693954468
0.289162368 0.023757391 0.956985235 19.143262863 -0.014509751 0.999685943 -0.020433184 -1.037601471 -0.957170129 -0.007977110 0.289416254 84.973930359
0.253002793 0.023350660 0.967183709 20.084798813 -0.015397768 0.999679267 -0.020107340 -1.066273093 -0.967343032 -0.009805257 0.253281206 85.223937988
0.217287675 0.022652818 0.975844741 21.040939331 -0.014499418 0.999695301 -0.019977944 -1.091029406 -0.975999892 -0.009808218 0.217549920 85.430801392
0.182117522 0.021641167 0.983038604 21.995986938 -0.012307190 0.999729633 -0.019728584 -1.110869646 -0.983199775 -0.008505522 0.182334617 85.600433350
0.148231775 0.020362096 0.988743007 22.963088989 -0.003937787 0.999792218 -0.019999294 -1.144332290 -0.988944829 -0.000928929 0.148281172 85.724716187
0.114495881 0.023913799 0.993135870 23.985671997 -0.001584550 0.999713361 -0.023889501 -1.178583622 -0.993422449 0.001161576 0.114500955 85.845932007
0.081556864 0.028919833 0.996249020 24.955139160 -0.000621977 0.999580204 -0.028965615 -1.206652641 -0.996668518 0.001742701 0.081540614 85.928100586
0.052855447 0.032751553 0.998064935 25.932113647 0.006071395 0.999432981 -0.033117972 -1.241362214 -0.998583734 0.007810112 0.052626628 85.961700439
0.027504085 0.030757980 0.999148369 26.977804184 0.008377710 0.999484301 -0.030998940 -1.277413249 -0.999586582 0.009223173 0.027232220 85.978904724
0.005192377 0.027607663 0.999605358 27.976428986 0.009843240 0.999568999 -0.027657788 -1.313298345 -0.999938071 0.009982964 0.004918390 85.981101990
-0.013527701 0.025173960 0.999591529 28.980978012 0.009996330 0.999636471 -0.025039809 -1.346531868 -0.999858499 0.009653516 -0.013774430 85.969245911
-0.030608850 0.028041108 0.999137998 30.001674652 0.011802268 0.999546826 -0.027691016 -1.391010761 -0.999461770 0.010944504 -0.030925930 85.939430237
-0.044957992 0.032282230 0.998467147 31.000303268 0.014499885 0.999393523 -0.031659294 -1.423977375 -0.998883665 0.013054321 -0.045398816 85.886024475
-0.057040725 0.037079874 0.997683048 31.984664917 0.019398442 0.999162555 -0.036025792 -1.468135595 -0.998183370 0.017298559 -0.057712246 85.827430725
-0.066515483 0.040868696 0.996948063 33.040744781 0.024175230 0.998933494 -0.039337136 -1.517689347 -0.997492492 0.021484921 -0.067432553 85.754997253
-0.072612822 0.046387419 0.996280849 34.037246704 0.027789822 0.998624086 -0.044471089 -1.563415289 -0.996972978 0.024457296 -0.073802017 85.679229736
-0.076414734 0.050928552 0.995774627 35.047191620 0.029746031 0.998366594 -0.048778437 -1.615544200 -0.996632338 0.025892951 -0.077804841 85.601135254
-0.079115652 0.054959044 0.995349288 36.056617737 0.032043371 0.998103321 -0.052564133 -1.673615694 -0.996350288 0.027735703 -0.080726668 85.517189026
-0.081896178 0.057704717 0.994968951 37.064754486 0.033061828 0.997930288 -0.055155136 -1.736620188 -0.996092319 0.028378500 -0.083634503 85.431442261
-0.084450386 0.061160084 0.994548917 38.074142456 0.033682704 0.997719288 -0.058494937 -1.800579309 -0.995858252 0.028559178 -0.086317815 85.346611023
-0.086521000 0.065104388 0.994120479 39.074062347 0.034704760 0.997453749 -0.062302236 -1.862767935 -0.995645344 0.029110260 -0.088560134 85.258567810
-0.088920683 0.066527411 0.993814468 40.088375092 0.037330605 0.997288525 -0.063419849 -1.932876825 -0.995338917 0.031460360 -0.091163084 85.165191650
-0.091196105 0.065075487 0.993704379 41.110469818 0.037488773 0.997379541 -0.061875671 -2.009237289 -0.995127082 0.031609938 -0.093396738 85.081314087
-0.094058305 0.065275714 0.993424416 42.165580750 0.036942769 0.997389793 -0.062038496 -2.082125664 -0.994881034 0.030864613 -0.096224263 84.978919983
-0.096102349 0.066637427 0.993138373 43.198127747 0.036832228 0.997311234 -0.063353300 -2.149981499 -0.994689763 0.030491097 -0.098298356 84.870422363
-0.098342054 0.068860658 0.992767394 44.218444824 0.036417894 0.997183859 -0.065559492 -2.225600958 -0.994486094 0.029707242 -0.100572869 84.764762878
-0.100821480 0.070798025 0.992382348 45.250854492 0.034657434 0.997109413 -0.067614228 -2.305390596 -0.994300723 0.027576460 -0.102983728 84.657501221
-0.103502207 0.074035563 0.991869986 46.261722565 0.032069284 0.996955752 -0.071068726 -2.386332512 -0.994112074 0.024452792 -0.105561391 84.560844421
-0.105819158 0.078552499 0.991277874 47.300819397 0.028503319 0.996704936 -0.075939819 -2.459872246 -0.993976772 0.020218823 -0.107709482 84.458114624
-0.108432800 0.081068560 0.990792751 48.350173950 0.026156615 0.996556878 -0.078677602 -2.543740511 -0.993759632 0.017384551 -0.110179931 84.348648071
-0.111606739 0.079576157 0.990561247 49.396785736 0.023977716 0.996714175 -0.077368870 -2.627825499 -0.993463159 0.015116507 -0.113148071 84.239311218
-0.114402808 0.075180262 0.990585625 50.448097229 0.021177717 0.997090340 -0.073228113 -2.716511726 -0.993208706 0.012600840 -0.115662083 84.123031616
-0.116706476 0.073703326 0.990427911 51.500267029 0.021420807 0.997197449 -0.071682975 -2.797325611 -0.992935419 0.012849896 -0.117958181 84.001594543
-0.118818365 0.073786788 0.990170538 52.541786194 0.020811442 0.997200966 -0.071813360 -2.886113882 -0.992697895 0.012074132 -0.120021395 83.882751465
-0.120277062 0.076877989 0.989759147 53.590591431 0.021613032 0.996963501 -0.074811123 -2.961510658 -0.992505074 0.012393634 -0.121573411 83.762374878
-0.120866932 0.079474330 0.989482224 54.647159576 0.022547361 0.996752560 -0.077304080 -3.051308870 -0.992412627 0.012966705 -0.122266367 83.627601624
-0.121174723 0.079981081 0.989403725 55.722091675 0.022048760 0.996719539 -0.077872105 -3.143161058 -0.992386281 0.012378994 -0.122540690 83.494949341
-0.121488109 0.078672767 0.989470184 56.777847290 0.018781133 0.996857703 -0.076954186 -3.231040239 -0.992415190 0.009234351 -0.122583926 83.375434875
-0.121674143 0.077886023 0.989509583 57.845046997 0.014818714 0.996948004 -0.076649345 -3.318210125 -0.992459476 0.005337015 -0.122456968 83.254447937
-0.121692918 0.079163186 0.989405870 58.914230347 0.010970272 0.996860802 -0.078410357 -3.403004885 -0.992507160 0.001312067 -0.122179344 83.127899170
-0.121592224 0.079460986 0.989394426 59.996154785 0.006771879 0.996833682 -0.079226218 -3.493384361 -0.992557049 -0.002933233 -0.121745318 83.000152588
-0.122503921 0.078809977 0.989333987 61.044784546 0.003315097 0.996869147 -0.078999735 -3.614249229 -0.992462516 -0.006398038 -0.122381642 82.871894836
-0.123071618 0.073889084 0.989643276 62.123886108 0.002991839 0.997247458 -0.074084766 -3.696670532 -0.992393255 -0.006156879 -0.122953922 82.752540588
-0.123236626 0.065444611 0.990217030 63.219573975 0.006954468 0.997855544 -0.065083936 -3.780617714 -0.992352962 -0.001134292 -0.123427488 82.613090515
-0.122680359 0.059585281 0.990655899 64.313056946 0.012763630 0.998208225 -0.058458917 -3.865946293 -0.992364168 0.005472605 -0.123221070 82.471168518
-0.122429214 0.062093712 0.990532935 65.405487061 0.021116173 0.997977972 -0.059950478 -3.935934305 -0.992252588 0.013576574 -0.123492837 82.333450317
-0.121275321 0.068196930 0.990273416 66.525680542 0.026452705 0.997504830 -0.065455362 -4.002655029 -0.992266357 0.018257292 -0.122776709 82.180892944
-0.119122140 0.073678948 0.990142047 67.644515991 0.031505045 0.997021139 -0.070400521 -4.089779854 -0.992379665 0.022808209 -0.121088557 82.020706177
-0.118952468 0.078112721 0.989822567 68.741561890 0.031969532 0.996685028 -0.074812330 -4.173707962 -0.992385149 0.022745052 -0.121055372 81.901054382
-0.119734257 0.074894100 0.989977062 69.870277405 0.029181384 0.996985257 -0.071894899 -4.265172958 -0.992377043 0.020280616 -0.121558800 81.783668518
-0.119060621 0.070478961 0.990382373 70.991790771 0.028225068 0.997314572 -0.067579150 -4.348270416 -0.992485702 0.019907596 -0.120730169 81.646018982
-0.118759476 0.068425432 0.990562558 72.128791809 0.026308360 0.997489274 -0.065749779 -4.433564663 -0.992574453 0.018251667 -0.120261468 81.509460449
-0.117868811 0.069550171 0.990590572 73.262626648 0.023052540 0.997467101 -0.067289993 -4.506624699 -0.992761552 0.014904237 -0.119173571 81.373710632
-0.118010677 0.074823357 0.990189373 74.398582458 0.024372289 0.997075021 -0.072438985 -4.592108727 -0.992713213 0.015584609 -0.119489111 81.244720459
-0.116732486 0.077620402 0.990125537 75.514968872 0.024928290 0.996856153 -0.075209081 -4.683737755 -0.992850482 0.015902793 -0.118300438 81.109786987
-0.115789510 0.076778755 0.990301907 76.664283752 0.024764774 0.996921182 -0.074396372 -4.767787933 -0.992964983 0.015910283 -0.117334425 80.971862793
-0.115346044 0.069866449 0.990865290 77.813186646 0.026262686 0.997389138 -0.067269228 -4.861715317 -0.992978156 0.018263545 -0.116879776 80.833236694
-0.115930535 0.068306334 0.990905821 78.966804504 0.025499593 0.997508407 -0.065778159 -4.946759224 -0.992929935 0.017641999 -0.117383473 80.704299927
-0.116138257 0.070993833 0.990692556 80.137817383 0.022171671 0.997378945 -0.068873808 -5.031423569 -0.992985547 0.013966425 -0.117407911 80.584915161
-0.115980215 0.074250728 0.990472317 81.287239075 0.021157986 0.997160316 -0.072274588 -5.112325191 -0.993026137 0.012573978 -0.117221870 80.459564209
-0.115775086 0.073537864 0.990549505 82.472473145 0.020374903 0.997221589 -0.071651787 -5.201348305 -0.993066430 0.011886859 -0.116951741 80.324729919
-0.115022898 0.070701152 0.990843594 83.661972046 0.019803274 0.997428894 -0.068872169 -5.281508923 -0.993165433 0.011700072 -0.116127282 80.178878784
-0.114471175 0.069509268 0.990991831 84.845634460 0.020306505 0.997504473 -0.067620434 -5.371138096 -0.993219018 0.012382991 -0.115596995 80.048782349
-0.112872437 0.069850460 0.991151214 86.022369385 0.022867015 0.997444332 -0.067689866 -5.464040279 -0.993346334 0.015024350 -0.114181243 79.909606934
-0.111473769 0.070639156 0.991253614 87.217506409 0.024875516 0.997356236 -0.068276614 -5.541148186 -0.993456006 0.017046895 -0.112936243 79.769187927
-0.110896744 0.069475673 0.991400540 88.410926819 0.024382802 0.997443438 -0.067171723 -5.636264801 -0.993532777 0.016723998 -0.112307243 79.649948120
-0.109178253 0.070873916 0.991492331 89.632911682 0.025766572 0.997321546 -0.068453312 -5.714782715 -0.993688166 0.018073745 -0.110711999 79.491531372
-0.107839882 0.069294818 0.991750360 90.835647583 0.025774717 0.997427464 -0.066888817 -5.797923565 -0.993834078 0.018348804 -0.109348513 79.360549927
-0.106421769 0.068763785 0.991940498 92.052223206 0.023934284 0.997493923 -0.066580936 -5.883019447 -0.994032979 0.016655726 -0.107800879 79.233406067
-0.104805291 0.068125784 0.992156625 93.264610291 0.025066851 0.997514904 -0.065845802 -5.969167233 -0.994176805 0.017969253 -0.106252536 79.106124878
-0.102883615 0.068384126 0.992339969 94.490997314 0.023033429 0.997530282 -0.066353746 -6.062836170 -0.994426668 0.016030278 -0.104204640 78.976760864
-0.103180341 0.071017981 0.992124140 95.726036072 0.022504585 0.997359157 -0.069052249 -6.151538849 -0.994408071 0.015202507 -0.104506090 78.872909546
-0.102630407 0.069887541 0.992261410 96.945144653 0.019586304 0.997477412 -0.068229094 -6.234997749 -0.994526684 0.012432355 -0.103740349 78.762039185
-0.102342963 0.068590388 0.992381632 98.174240112 0.016235119 0.997602224 -0.067276917 -6.333645821 -0.994616687 0.009226114 -0.103211142 78.652740479
-0.102302641 0.069775902 0.992303133 99.413063049 0.013399729 0.997543037 -0.068762898 -6.419791222 -0.994663060 0.006261966 -0.102986261 78.530868530
-0.102004781 0.069129653 0.992379010 100.636909485 0.011234877 0.997598946 -0.068338461 -6.509699345 -0.994720459 0.004178406 -0.102536529 78.392974854
-0.103130788 0.066175297 0.992464066 101.880989075 0.008314122 0.997806907 -0.065667599 -6.604080200 -0.994633079 0.001479115 -0.103454798 78.270034790
-0.103717431 0.064618014 0.992505491 103.126663208 0.006178288 0.997909904 -0.064324237 -6.699140072 -0.994587600 -0.000539560 -0.103899881 78.138847351
-0.105720520 0.064134873 0.992325485 104.389381409 0.004026168 0.997937381 -0.064068638 -6.783681870 -0.994387746 -0.002778101 -0.105760679 78.022857666
-0.107044540 0.063903138 0.992198467 105.643585205 0.003994832 0.997951984 -0.063842706 -6.879921913 -0.994246185 -0.002870347 -0.107080594 77.889305115
-0.109498732 0.062283780 0.992033660 106.902122498 0.003460292 0.998052716 -0.062279742 -6.966053486 -0.993980885 -0.003386827 -0.109501027 77.755348206
-0.112752415 0.057202075 0.991975188 108.158142090 0.000519632 0.998344779 -0.057510309 -7.055958748 -0.993622959 -0.005968964 -0.112595506 77.628829956
-0.117278740 0.056968082 0.991463721 109.418106079 -0.000346747 0.998350918 -0.057404827 -7.137394905 -0.993098974 -0.007076153 -0.117065586 77.486343384
-0.122488037 0.063039042 0.990465939 110.656333923 -0.004916190 0.997929931 -0.064122066 -7.221843243 -0.992457807 -0.012723505 -0.121924564 77.339569092
-0.130111381 0.066093527 0.989294052 111.879592896 -0.003998504 0.997732639 -0.067183182 -7.307899952 -0.991491318 -0.012696993 -0.129552096 77.194328308
-0.139137521 0.061521564 0.988360167 113.110954285 -0.001491015 0.998054206 -0.062334877 -7.403445721 -0.990271926 -0.010146780 -0.138775066 77.022949219
-0.149719775 0.059915733 0.986911416 114.342208862 0.000639920 0.998167872 -0.060502037 -7.484912872 -0.988728285 -0.008426807 -0.149483815 76.835006714
-0.162494391 0.061259747 0.984806001 115.592636108 0.001674746 0.998086572 -0.061809529 -7.568748474 -0.986708045 -0.008394402 -0.162286073 76.622573853
-0.176498398 0.061377212 0.982385457 116.811531067 0.003787373 0.998088896 -0.061677877 -7.655302525 -0.984293640 -0.007165386 -0.176393554 76.404594421
-0.190752268 0.059413675 0.979838550 118.029136658 0.003779639 0.998203754 -0.059791461 -7.737413406 -0.981630921 -0.007701920 -0.190634191 76.175567627
-0.206115767 0.061910156 0.976567149 119.230644226 0.007993595 0.998069763 -0.061586186 -7.825057983 -0.978494942 -0.004887602 -0.206212804 75.922996521
-0.221403509 0.065546080 0.972976983 120.417678833 0.008125202 0.997827947 -0.065371290 -7.911280155 -0.975148439 -0.006567798 -0.221455172 75.663887024
-0.236878708 0.069594100 0.969043434 121.582443237 0.007493965 0.997532308 -0.069808222 -7.995798111 -0.971510351 -0.009274104 -0.236815691 75.386581421
-0.252335012 0.066752657 0.965334713 122.727119446 0.004193831 0.997683764 -0.067893334 -8.096785545 -0.967630863 -0.013083414 -0.252030492 75.100708008
-0.268464714 0.061156679 0.961346209 123.889411926 -0.001493100 0.997955024 -0.063902535 -8.185276031 -0.963288367 -0.018590963 -0.267824411 74.795700073
-0.284378767 0.056777485 0.957029283 125.061279297 -0.006445563 0.998108983 -0.061129898 -8.272970200 -0.958690345 -0.023552636 -0.283475041 74.468780518
-0.299855441 0.058067810 0.952215731 126.208526611 -0.008417113 0.997945905 -0.063507088 -8.358388901 -0.953947544 -0.027057853 -0.298750758 74.126579285
-0.313291967 0.060946919 0.947699130 127.376922607 -0.006914682 0.997765601 -0.066452585 -8.432507515 -0.949631691 -0.027372099 -0.312170535 73.738357544
-0.327282190 0.063174479 0.942812443 128.511779785 -0.005545568 0.997617006 -0.068771787 -8.521922112 -0.944910347 -0.027736211 -0.326151937 73.355606079
-0.341722488 0.062503740 0.937720120 129.643646240 -0.003509993 0.997694075 -0.067780405 -8.624324799 -0.939794362 -0.026453482 -0.340715140 72.956512451
-0.355849773 0.060415003 0.932588339 130.766296387 -0.003991898 0.997800827 -0.066162802 -8.715764999 -0.934534669 -0.027266815 -0.354826033 72.542289734
-0.370003700 0.059316780 0.927134693 131.883422852 -0.003742114 0.997856379 -0.065334864 -8.810741425 -0.929022729 -0.027643586 -0.368988574 72.095932007
-0.384780467 0.060699239 0.921010077 132.982803345 -0.005145917 0.997678757 -0.067901962 -8.901440620 -0.922993779 -0.030866789 -0.383574933 71.648681641
-0.400059283 0.062836297 0.914332628 134.060852051 -0.004443506 0.997502148 -0.070496239 -8.989967346 -0.916478515 -0.032265518 -0.398780793 71.198532104
-0.414613843 0.064742312 0.907691479 135.154693604 -0.003225046 0.997355163 -0.072610825 -9.080540657 -0.909991741 -0.033032801 -0.413308442 70.707359314
-0.428473324 0.067648143 0.901018500 136.248260498 -0.000498598 0.997175515 -0.075104676 -9.174878120 -0.903554320 -0.032629598 -0.427229375 70.177337646
-0.443489879 0.070549577 0.893498480 137.319992065 -0.000794806 0.996865928 -0.079105854 -9.277095795 -0.896279037 -0.035792802 -0.442043871 69.663803101
-0.458714664 0.072344787 0.885633707 138.390899658 -0.000573877 0.996655881 -0.081711099 -9.380083084 -0.888583422 -0.037990324 -0.457139164 69.121459961
-0.474240720 0.069681011 0.877633333 139.459411621 -0.002000655 0.996775031 -0.080221526 -9.480298996 -0.880392969 -0.039800156 -0.472571909 68.563362122
-0.490306973 0.065092571 0.869115651 140.525375366 -0.004854792 0.996987641 -0.077408373 -9.583583832 -0.871536255 -0.042173240 -0.488514006 67.982086182
-0.506483078 0.065389596 0.859766901 141.586914062 -0.005245952 0.996868134 -0.078907199 -9.683193207 -0.862233937 -0.044475455 -0.504553854 67.373359680
-0.521929324 0.064333379 0.850559235 142.636718750 -0.006578639 0.996818542 -0.079432778 -9.783629417 -0.852963388 -0.047053818 -0.519845545 66.730758667
-0.537778616 0.063580856 0.840685189 143.674148560 -0.007042053 0.996778727 -0.079890914 -9.880556107 -0.843056679 -0.048883777 -0.535598576 66.076080322
-0.553209186 0.062997542 0.830656886 144.698165894 -0.007928934 0.996693075 -0.080870420 -9.992303848 -0.833004653 -0.051324483 -0.550880313 65.407974243
-0.568689823 0.062320605 0.820187807 145.720977783 -0.008383072 0.996634781 -0.081540167 -10.096387863 -0.822509348 -0.053246755 -0.566253603 64.712036133
-0.583293438 0.059833497 0.810054779 146.708114624 -0.008694183 0.996766150 -0.079885051 -10.200173378 -0.812214971 -0.053639188 -0.580886960 63.996509552
-0.598271728 0.056113403 0.799326062 147.712707520 -0.008623553 0.997036338 -0.076447308 -10.307920456 -0.801246881 -0.052629299 -0.596014798 63.261608124
-0.613409877 0.054235157 0.787900269 148.710464478 -0.007877929 0.997169435 -0.074773468 -10.413825989 -0.789725423 -0.052073807 -0.611246347 62.497169495
-0.627664506 0.052965511 0.776680052 149.686813354 -0.008381974 0.997165203 -0.074775226 -10.511095047 -0.778438807 -0.053443868 -0.625441253 61.712688446
-0.642400503 0.053674057 0.764487207 150.660903931 -0.010213558 0.996856213 -0.078570977 -10.617267609 -0.766301036 -0.058282170 -0.639832735 60.915351868
-0.657618701 0.053136855 0.751474619 151.624099731 -0.012335031 0.996616185 -0.081265286 -10.721715927 -0.753249943 -0.062711030 -0.654738009 60.094299316
-0.673381507 0.049917758 0.737608016 152.574661255 -0.014066773 0.996672153 -0.080291890 -10.830021858 -0.739161372 -0.064442836 -0.670438349 59.251117706
-0.689539552 0.042246312 0.723014832 153.503463745 -0.017584570 0.997026384 -0.075027429 -10.940315247 -0.724034488 -0.064448290 -0.686746299 58.387939453
-0.706356347 0.039706048 0.706741929 154.430694580 -0.018785169 0.997022390 -0.074789450 -11.041561127 -0.707607150 -0.066104271 -0.703507185 57.489692688
-0.723679245 0.037248883 0.689130545 155.333999634 -0.020241929 0.996967137 -0.075144805 -11.139970779 -0.689839542 -0.068330064 -0.720730424 56.561416626
-0.741161644 0.033596549 0.670485437 156.219818115 -0.023316281 0.996856153 -0.075724334 -11.241537094 -0.670921564 -0.071757197 -0.738048196 55.618621826
-0.757868946 0.031978235 0.651622593 157.075653076 -0.022709638 0.996899664 -0.075335041 -11.343477249 -0.652011454 -0.071892202 -0.754793108 54.656074524
-0.773696780 0.034278277 0.632628083 157.902923584 -0.020245330 0.996687651 -0.078764260 -11.454477310 -0.633232474 -0.073747419 -0.770440102 53.653656006
-0.788979232 0.033824228 0.613488138 158.710174561 -0.017156480 0.996881425 -0.077026509 -11.555042267 -0.614180267 -0.071297616 -0.785938442 52.649459839
-0.803837359 0.034793720 0.593830645 159.497924805 -0.013197379 0.996999025 -0.076280750 -11.672313690 -0.594702721 -0.069154330 -0.800965905 51.619186401
-0.818428397 0.035761453 0.573494613 160.245422363 -0.011492234 0.996843100 -0.078560688 -11.788381577 -0.574493587 -0.070887029 -0.815433741 50.563957214
-0.832363904 0.037108254 0.552985787 160.968719482 -0.010664436 0.996498942 -0.082922615 -11.900640488 -0.554126859 -0.074919075 -0.829053998 49.511653900
-0.845139623 0.037987493 0.533194125 161.659027100 -0.007418032 0.996542156 -0.082756750 -12.014963150 -0.534494162 -0.073896259 -0.841935456 48.429939270
-0.856925964 0.035786130 0.514195740 162.332321167 -0.006575738 0.996746719 -0.080328606 -12.126049042 -0.515397608 -0.072216883 -0.853902817 47.332725525
-0.867184997 0.038029052 0.496531963 162.962463379 -0.003257266 0.996625364 -0.082019635 -12.243602753 -0.497975498 -0.072743535 -0.864134729 46.213439941
-0.876652956 0.041098926 0.479364693 163.573654175 -0.000213058 0.996311545 -0.085809648 -12.355777740 -0.481123239 -0.075327411 -0.873410702 45.107788086
-0.885809898 0.038616884 0.462438703 164.179443359 -0.002107827 0.996186316 -0.087226145 -12.473854065 -0.464043498 -0.078240529 -0.882350326 43.986011505
-0.894101083 0.035518456 0.446454585 164.768783569 -0.003630953 0.996242702 -0.086529382 -12.593218803 -0.447850496 -0.078987069 -0.890612662 42.841999054
-0.901358187 0.033315439 0.431791037 165.331222534 -0.004752915 0.996215641 -0.086786054 -12.710858345 -0.433048308 -0.080277592 -0.897788763 41.699989319
-0.907918692 0.031734429 0.417943329 165.878219604 -0.004765152 0.996283770 -0.085999385 -12.833586693 -0.419119298 -0.080072016 -0.904393435 40.524108887
-0.914194643 0.028851725 0.404247075 166.405197144 -0.006238455 0.996342719 -0.085218601 -12.952966690 -0.405227333 -0.080428265 -0.910671234 39.365528107
-0.920082986 0.023127332 0.391040236 166.939056396 -0.009347441 0.996675134 -0.080940150 -13.084371567 -0.391612023 -0.078126878 -0.916807652 38.162700653
-0.925279558 0.019923087 0.378762186 167.440368652 -0.010493461 0.996892512 -0.078071572 -13.189695358 -0.379140615 -0.076212563 -0.922195196 36.980655670
-0.929756820 0.020387072 0.367609322 167.925338745 -0.007681059 0.997174323 -0.074728742 -13.301370621 -0.368094057 -0.072303183 -0.926973045 35.786869049
-0.932969868 0.024534294 0.359117329 168.389831543 -0.003374850 0.997034371 -0.076883428 -13.402235985 -0.359938592 -0.072941892 -0.930120230 34.592144012
-0.935317338 0.029768603 0.352555335 168.846527100 0.002122454 0.996908307 -0.078544833 -13.507317543 -0.353803515 -0.072716065 -0.932488859 33.395767212
-0.937039077 0.033722565 0.347592592 169.287689209 0.006005485 0.996735632 -0.080511227 -13.628323555 -0.349172950 -0.073354706 -0.934182703 32.202949524
-0.938974023 0.030696927 0.342615664 169.737762451 0.003589473 0.996830463 -0.079474501 -13.738864899 -0.343969345 -0.073394686 -0.936108053 31.002672195
-0.941000700 0.022983111 0.337623328 170.196884155 -0.002827320 0.997122288 -0.075757451 -13.849333763 -0.338392884 -0.072242387 -0.938227773 29.806552887
-0.943063319 0.016465880 0.332205504 170.658905029 -0.008683677 0.997214615 -0.074078470 -13.954018593 -0.332499951 -0.072745450 -0.940293491 28.580564499
-0.944466233 0.009670165 0.328466147 171.087646484 -0.016116524 0.997000873 -0.075693265 -14.056690216 -0.328213006 -0.076783471 -0.941477835 27.365028381
-0.945662141 0.007867533 0.325055629 171.520584106 -0.018708836 0.996734381 -0.078552954 -14.160681725 -0.324612141 -0.080365963 -0.942426801 26.147556305
-0.946338117 0.007913145 0.323081255 171.941162109 -0.019198487 0.996558130 -0.080642775 -14.271921158 -0.322607398 -0.082518004 -0.942929089 24.934738159
-0.946553171 0.009156243 0.322417766 172.363418579 -0.018534774 0.996401191 -0.082710825 -14.388246536 -0.322014779 -0.084266134 -0.942977071 23.716598511
-0.946515620 0.011616507 0.322448790 172.780868530 -0.016560052 0.996285677 -0.084502436 -14.502861023 -0.322232723 -0.085322641 -0.942807555 22.513614655
-0.945877671 0.012866261 0.324268192 173.200912476 -0.015874559 0.996183157 -0.085831866 -14.623497009 -0.324134856 -0.086334065 -0.942063153 21.284294128
-0.945558429 0.014153806 0.325144440 173.626312256 -0.015155937 0.996055007 -0.087434351 -14.746137619 -0.325099260 -0.087602161 -0.941613674 20.076374054
-0.944841206 0.015368025 0.327168047 174.038177490 -0.014012042 0.996087432 -0.087255009 -14.866285324 -0.327228934 -0.087026417 -0.940929115 18.886775970
-0.944031000 0.014767237 0.329526037 174.467269897 -0.015065443 0.996024609 -0.087795116 -14.985851288 -0.329512537 -0.087845765 -0.940055668 17.674816132
-0.942937255 0.013884334 0.332680792 174.911376953 -0.015903667 0.996111929 -0.086649157 -15.118669510 -0.332590371 -0.086995564 -0.939050257 16.475101471
-0.941549718 0.012228979 0.336651981 175.355682373 -0.017226448 0.996285617 -0.084369361 -15.237506866 -0.336433291 -0.085237272 -0.937841773 15.291526794
-0.939560175 0.010285144 0.342229247 175.803359985 -0.019103389 0.996416867 -0.082392357 -15.350313187 -0.341850400 -0.083950318 -0.935997128 14.064132690
-0.937399805 0.007085147 0.348183066 176.263244629 -0.021891739 0.996616900 -0.079218350 -15.466098785 -0.347566396 -0.081881598 -0.934073329 12.888710022
-0.934546590 0.009344019 0.355718076 176.713165283 -0.020132493 0.996665537 -0.079072773 -15.576358795 -0.355270803 -0.081058681 -0.931242287 11.702808380
-0.931281209 0.009562220 0.364175618 177.184860229 -0.020543741 0.996686220 -0.078705251 -15.695919991 -0.363721430 -0.080778249 -0.927998722 10.517578125
-0.927484095 0.012314769 0.373659730 177.652374268 -0.019538574 0.996494889 -0.081339560 -15.801540375 -0.373351723 -0.082741931 -0.923992574 9.363632202
-0.922839105 0.013741576 0.384940416 178.134017944 -0.018806864 0.996564090 -0.080662020 -15.910474777 -0.384726197 -0.081677586 -0.919409871 8.168563843
-0.918391943 0.015868956 0.395353526 178.627609253 -0.017682156 0.996551156 -0.081075221 -16.030498505 -0.395276576 -0.081449538 -0.914943933 7.063278198
-0.913153350 0.017296076 0.407249123 179.151870728 -0.017733453 0.996467710 -0.082083277 -16.144121170 -0.407230318 -0.082176551 -0.909621060 5.944541931
-0.907030344 0.019425210 0.420616984 179.687866211 -0.016284782 0.996569574 -0.081141196 -16.261825562 -0.420750260 -0.080447182 -0.903602481 4.790611267
-0.899872184 0.020053495 0.435692459 180.248413086 -0.016013674 0.996749818 -0.078951508 -16.366325378 -0.435859650 -0.078023300 -0.896626294 3.601562500
-0.893568814 0.022400010 0.448367089 180.821914673 -0.014644522 0.996768355 -0.078983299 -16.481605530 -0.448687345 -0.077143133 -0.890353084 2.474082947
-0.886027098 0.025209785 0.462947577 181.389999390 -0.012558158 0.996849298 -0.078318208 -16.586494446 -0.463463366 -0.075205818 -0.882918894 1.335342407
-0.879080355 0.026336934 0.475945473 181.997283936 -0.011422327 0.997021914 -0.076268494 -16.687599182 -0.476536721 -0.072482541 -0.876161516 0.242286682
-0.871636450 0.027990328 0.489353120 182.613891602 -0.009327189 0.997240186 -0.073654376 -16.790725708 -0.490064234 -0.068764128 -0.868969798 -0.845046997
-0.863009572 0.030930119 0.504239857 183.233657837 -0.006111924 0.997411668 -0.071641915 -16.900268555 -0.505150616 -0.064909533 -0.860586762 -1.930473328
-0.854775548 0.033683646 0.517903686 183.877532959 -0.003467817 0.997498751 -0.070599228 -16.997058868 -0.518986285 -0.062142488 -0.852520704 -2.954902649
-0.843292415 0.036806118 0.536193252 184.507003784 -0.000098990 0.997641683 -0.068637185 -17.102100372 -0.537455022 -0.057934299 -0.841300011 -4.008132935
-0.832776725 0.039549183 0.552194536 185.167968750 0.002399620 0.997693479 -0.067837715 -17.195030212 -0.553603828 -0.055168610 -0.830950797 -4.999557495
-0.821061552 0.041786782 0.569308162 185.831207275 0.004837215 0.997790635 -0.066260785 -17.296993256 -0.570819199 -0.051650319 -0.819449663 -5.974822998
-0.810032606 0.043465935 0.584771633 186.551147461 0.005682130 0.997783959 -0.066294082 -17.388492584 -0.586357296 -0.050377619 -0.808484495 -6.940681458
-0.795058727 0.047216985 0.604691803 187.301254272 0.008528425 0.997736990 -0.066694357 -17.475702286 -0.606472492 -0.047868863 -0.793662190 -7.973388672
-0.781117618 0.048307706 0.622512341 188.059967041 0.010126132 0.997851551 -0.064728379 -17.560112000 -0.624301791 -0.044256836 -0.779928565 -8.933502197
-0.765538573 0.050464917 0.641407788 188.822692871 0.011434792 0.997828841 -0.064859793 -17.640861511 -0.643288374 -0.042318311 -0.764453590 -9.861877441
