1.000000000 0.000000000 0.000000000 0.000000000 0.000000000 1.000000000 0.000000000 0.000000000 0.000000000 0.000000000 1.000000000 0.000000000
0.999998629 0.000770233 0.001464576 -0.006326688 -0.000763543 0.999989271 -0.004563360 -0.002439682 -0.001468076 0.004562235 0.999988496 0.963928223
0.999996662 -0.001442472 0.002142721 -0.002610915 0.001453902 0.999984682 -0.005342210 -0.000890252 -0.002134982 0.005345307 0.999983430 1.918579936
0.999992907 -0.002866287 0.002452028 -0.005618683 0.002869526 0.999994993 -0.001318697 -0.004397016 -0.002448236 0.001325723 0.999996126 2.862923145
0.999983430 -0.005397567 0.002007160 -0.005158914 0.005387309 0.999972582 0.005081223 -0.009388166 -0.002034531 -0.005070326 0.999985099 3.809786081
0.999962091 -0.008693958 0.000417940 -0.002926632 0.008691746 0.999949574 0.005031849 -0.003995035 -0.000461666 -0.005028026 0.999987245 4.745924473
0.999936044 -0.011305947 -0.000212865 -0.006677822 0.011306394 0.999933600 0.002232592 -0.002199588 0.000187609 -0.002234856 0.999997497 5.679047108
0.999928355 -0.011915104 -0.001124974 -0.011381351 0.011913534 0.999928057 -0.001392731 0.002756889 0.001141488 0.001379228 0.999998391 6.591050148
0.999934137 -0.011357286 -0.001663007 -0.020809371 0.011354610 0.999934256 -0.001609675 -0.004352463 0.001681179 0.001590686 0.999997318 7.515564442
0.999931991 -0.011348059 -0.002684565 -0.030613462 0.011349030 0.999935567 0.000346409 -0.003985557 0.002680461 -0.000376853 0.999996364 8.428711891
0.999934852 -0.011047049 -0.002877421 -0.043069638 0.011055453 0.999934614 0.002920977 0.002721304 0.002844964 -0.002952598 0.999991596 9.368726730
0.999928892 -0.011289095 -0.003841845 -0.051185712 0.011306423 0.999925852 0.004518918 0.004749779 0.003790546 -0.004562034 0.999982417 10.290378571
0.999915123 -0.012285941 -0.004339229 -0.058216840 0.012307678 0.999911666 0.005018751 0.010148730 0.004277186 -0.005071730 0.999978006 11.214876175
0.999906719 -0.012632013 -0.005189367 -0.066070184 0.012659560 0.999905765 0.005310237 0.010090601 0.005121799 -0.005375437 0.999972463 12.128291130
0.999900460 -0.012936248 -0.005631085 -0.078644231 0.012958005 0.999908626 0.003844432 0.013113409 0.005580838 -0.003917017 0.999976754 13.026409149
0.999882281 -0.013600936 -0.007105283 -0.087518111 0.013614036 0.999905705 0.001798623 0.016822202 0.007080151 -0.001895143 0.999973118 13.941857338
0.999851584 -0.014839736 -0.008749689 -0.096890211 0.014842849 0.999889791 0.000291047 0.024357909 0.008744406 -0.000420874 0.999961674 14.846147537
0.999839842 -0.014569451 -0.010394291 -0.113892168 0.014565705 0.999893844 -0.000435998 0.025221836 0.010399540 0.000284528 0.999945879 15.757543564
0.999838889 -0.013232600 -0.012130136 -0.120855607 0.013216124 0.999911606 -0.001437408 0.026377054 0.012148084 0.001276863 0.999925375 16.652048111
0.999834001 -0.012296802 -0.013443104 -0.145553425 0.012283699 0.999924004 -0.001056885 0.023239199 0.013455079 0.000891579 0.999909103 17.542303085
0.999804914 -0.012813293 -0.015032650 -0.162011683 0.012809808 0.999917924 -0.000328139 0.024359439 0.015035620 0.000135510 0.999886930 18.434839249
0.999785006 -0.012543057 -0.016509363 -0.182393208 0.012566281 0.999920189 0.001303750 0.020798583 0.016491693 -0.001510931 0.999862850 19.324960709
0.999774933 -0.011567876 -0.017785231 -0.201790467 0.011606274 0.999930501 0.002057323 0.019451916 0.017760197 -0.002263280 0.999839723 20.199838638
0.999725997 -0.012707419 -0.019659134 -0.214559570 0.012756314 0.999915838 0.002363781 0.015880492 0.019627441 -0.002613911 0.999803960 21.091491699
0.999689400 -0.012544274 -0.021536106 -0.235718057 0.012578426 0.999919832 0.001451029 0.022526953 0.021516178 -0.001721468 0.999767005 21.963226318
0.999657273 -0.012755642 -0.022860652 -0.257903606 0.012801921 0.999916315 0.001879194 0.024501437 0.022834767 -0.002171210 0.999736905 22.823905945
0.999639392 -0.012867552 -0.023570264 -0.284370810 0.012953871 0.999909937 0.003513185 0.030419413 0.023522934 -0.003817244 0.999715984 23.668966293
0.999613225 -0.013990166 -0.024036031 -0.313389987 0.014141856 0.999881089 0.006152601 0.033298425 0.023947097 -0.006490136 0.999692142 24.498241425
0.999576807 -0.014283570 -0.025340591 -0.329658180 0.014487614 0.999863923 0.007886820 0.035790861 0.025224492 -0.008250607 0.999647737 25.341711044
0.999592662 -0.013241040 -0.025281640 -0.367386848 0.013406923 0.999889612 0.006403208 0.041718304 0.025194064 -0.006739549 0.999659836 26.172353745
0.999593914 -0.011058898 -0.026262840 -0.391143799 0.011163725 0.999930263 0.003848187 0.042410422 0.026218452 -0.004139816 0.999647677 26.980348587
0.999577343 -0.010633521 -0.027056284 -0.416201890 0.010692285 0.999940753 0.002028191 0.047585811 0.027033117 -0.002316627 0.999631882 27.781166077
0.999569714 -0.009571047 -0.027727349 -0.446454436 0.009616860 0.999952614 0.001519375 0.052240029 0.027711492 -0.001785371 0.999614358 28.577907562
0.999546885 -0.009346835 -0.028612958 -0.472756028 0.009385217 0.999955237 0.001207413 0.049684301 0.028600391 -0.001475405 0.999589860 29.359731674
0.999479592 -0.009468119 -0.030837582 -0.499590188 0.009475989 0.999955118 0.000109101 0.050832234 0.030835165 -0.000401261 0.999524415 30.129669189
0.999411166 -0.009656200 -0.032925326 -0.526979685 0.009662736 0.999953330 0.000039398 0.051112406 0.032923408 -0.000357524 0.999457836 30.896257401
0.999354243 -0.009645991 -0.034613509 -0.556839585 0.009690858 0.999952376 0.001128693 0.052477688 0.034600973 -0.001463399 0.999400139 31.650938034
0.999265730 -0.009539173 -0.037107848 -0.580640376 0.009660774 0.999948561 0.003099028 0.060575947 0.037076376 -0.003455243 0.999306440 32.413085938
0.999191642 -0.008687381 -0.039250642 -0.610796392 0.008864035 0.999951363 0.004328872 0.064714871 0.039211128 -0.004673292 0.999220014 33.152511597
0.999136865 -0.007601837 -0.040837206 -0.651446879 0.007808212 0.999957502 0.004896482 0.059863240 0.040798247 -0.005211121 0.999153793 33.876575470
0.999078572 -0.005006492 -0.042625714 -0.695833802 0.005191501 0.999977589 0.004230729 0.056509160 0.042603578 -0.004448122 0.999082148 34.589588165
0.998998165 -0.003324437 -0.044627756 -0.727834523 0.003478738 0.999988258 0.003380294 0.062316637 0.044615991 -0.003532156 0.998997986 35.296474457
0.998922408 -0.003460042 -0.046282005 -0.751452029 0.003677207 0.999982595 0.004607903 0.065146625 0.046265256 -0.004773126 0.998917758 35.990978241
0.998904467 -0.001441583 -0.046773918 -0.801194191 0.001732136 0.999979436 0.006171916 0.072374716 0.046764061 -0.006246173 0.998886406 36.678684235
0.998877764 0.001109640 -0.047349628 -0.832632005 -0.000798308 0.999977946 0.006593579 0.076484948 0.047355901 -0.006548380 0.998856604 37.359916687
0.998935699 0.004560743 -0.045898683 -0.873228133 -0.004355169 0.999980032 0.004577877 0.075143345 0.045918647 -0.004373108 0.998935640 38.027763367
0.998998344 0.006608831 -0.044257015 -0.908811569 -0.006533660 0.999976933 0.001842962 0.069470219 0.044268176 -0.001551955 0.999018490 38.658992767
0.999074221 0.006896550 -0.042463455 -0.933696389 -0.006913141 0.999976099 -0.000243885 0.076943971 0.042460755 0.000537215 0.999098003 39.307216644
0.999207437 0.007754082 -0.039042845 -0.969607055 -0.007724588 0.999969780 0.000906231 0.074765265 0.039048690 -0.000603923 0.999237120 39.939853668
0.999276042 0.012412391 -0.035962693 -0.993084669 -0.012284364 0.999917388 0.003778782 0.076217577 0.036006629 -0.003334267 0.999346018 40.593139648
0.999338269 0.017036598 -0.032137383 -1.022199154 -0.016822515 0.999834538 0.006920191 0.082279161 0.032249961 -0.006374979 0.999459505 41.211059570
0.999371052 0.021917647 -0.027877754 -1.046410084 -0.021702001 0.999732375 0.008014663 0.084483206 0.028045956 -0.007404619 0.999579191 41.814662933
0.999427319 0.025142191 -0.022646096 -1.059994459 -0.024966227 0.999656141 0.008019699 0.093370155 0.022839941 -0.007449719 0.999711394 42.411571503
0.999441504 0.029048903 -0.016518284 -1.083645821 -0.028884077 0.999531448 0.010130907 0.099525481 0.016804835 -0.009648133 0.999812245 42.988674164
0.999368489 0.034115206 -0.009938181 -1.100815773 -0.033998728 0.999353826 0.011662570 0.094547153 0.010329630 -0.011317319 0.999882579 43.540214539
0.999297738 0.037360311 -0.002870894 -1.105819464 -0.037326146 0.999240875 0.011152603 0.099593997 0.003285379 -0.011037610 0.999933660 44.073051453
0.999156117 0.040859699 0.004183557 -1.104470968 -0.040904939 0.999098361 0.011368536 0.099706560 -0.003715270 -0.011530071 0.999926627 44.582969666
0.998932600 0.044763148 0.011398113 -1.094779253 -0.044886671 0.998933494 0.010822204 0.103022933 -0.010901521 -0.011322276 0.999876499 45.075737000
0.998603761 0.049203362 0.019222582 -1.095434904 -0.049364127 0.998748958 0.007980087 0.107742488 -0.018805886 -0.008917851 0.999783397 45.543121338
0.998330355 0.051152244 0.026831718 -1.081727386 -0.051304147 0.998670518 0.005003299 0.105917662 -0.026540117 -0.006371524 0.999627471 45.981845856
0.998063684 0.051595490 0.034738772 -1.065569282 -0.051786575 0.998647451 0.004622926 0.110554919 -0.034453265 -0.006412977 0.999385715 46.411331177
0.997794151 0.050898843 0.042616300 -1.042540073 -0.051206913 0.998669028 0.006168094 0.109348327 -0.042245630 -0.008336738 0.999072492 46.809680939
0.997326255 0.052559733 0.050771862 -1.016546488 -0.052985374 0.998570263 0.007073233 0.108692795 -0.050327502 -0.009744487 0.998685241 47.212638855
0.996639848 0.055690445 0.060063448 -1.007916927 -0.056225903 0.998391688 0.007260642 0.108386457 -0.059562497 -0.010613367 0.998168170 47.566165924
0.995818615 0.060590342 0.068367213 -0.976360321 -0.061181627 0.998104930 0.006586297 0.111093998 -0.067838587 -0.010741575 0.997638464 47.890110016
0.994910359 0.064336836 0.077551283 -0.959354162 -0.065054014 0.997858882 0.006754580 0.108078033 -0.076950669 -0.011765224 0.996965468 48.189754486
0.994173408 0.063629441 0.087008893 -0.931078434 -0.064518809 0.997888744 0.007444980 0.106382966 -0.086351477 -0.013015311 0.996179700 48.474769592
0.993291616 0.062385254 0.097364403 -0.888914585 -0.063220002 0.997984409 0.005509082 0.106778979 -0.096824467 -0.011627503 0.995233536 48.754295349
0.992243409 0.060465246 0.108613610 -0.839272976 -0.060949728 0.998140156 0.001143290 0.105713427 -0.108342476 -0.007754392 0.994083405 49.018157959
0.990647376 0.061396770 0.121853203 -0.797041893 -0.061483365 0.998103440 -0.003052820 0.107258067 -0.121809535 -0.004467676 0.992543459 49.286754608
0.988525987 0.062889084 0.137336403 -0.757316113 -0.062763631 0.998014629 -0.005247973 0.105412930 -0.137393788 -0.003431974 0.990510583 49.548507690
0.986004949 0.064815447 0.153600842 -0.710315704 -0.064567961 0.997891486 -0.006604477 0.103951335 -0.153705046 -0.003405646 0.988110900 49.804618835
0.983199894 0.065282285 0.170458853 -0.655893326 -0.064908512 0.997860968 -0.007770833 0.101937234 -0.170601532 -0.003423948 0.985334158 50.061885834
0.979904711 0.064343840 0.188803107 -0.599841118 -0.063753866 0.997923195 -0.009202701 0.103642881 -0.189003140 -0.003019158 0.981971860 50.321865082
0.976028144 0.063674405 0.208121747 -0.532270432 -0.063112661 0.997962654 -0.009345244 0.097378641 -0.208292782 -0.004013896 0.978058279 50.563381195
0.971546113 0.063532971 0.228170395 -0.458836555 -0.062805027 0.997970998 -0.010457485 0.092433810 -0.228371844 -0.004170319 0.973565042 50.800251007
0.966258109 0.065884031 0.249007225 -0.379226685 -0.064729795 0.997820377 -0.012829902 0.091650546 -0.249309748 -0.003721190 0.968416631 51.036567688
0.959990025 0.066939816 0.271915764 -0.298099518 -0.065317661 0.997751415 -0.015023003 0.089527607 -0.272309989 -0.003338969 0.962203801 51.290939331
0.952717960 0.068512447 0.296031326 -0.199584961 -0.066799872 0.997639596 -0.015908079 0.076724112 -0.296422482 -0.004618944 0.955045760 51.513710022
0.944186866 0.071262650 0.321609616 -0.101479530 -0.069567129 0.997436166 -0.016776774 0.069672585 -0.321980625 -0.006533048 0.946723700 51.749603271
0.934331596 0.073245518 0.348797351 0.005868912 -0.071521357 0.997279584 -0.017837267 0.061069191 -0.349154979 -0.008280538 0.937028408 51.985229492
0.923128307 0.073962674 0.377311051 0.127485275 -0.072047293 0.997216225 -0.019209305 0.053932190 -0.377681494 -0.009451586 0.925887346 52.222808838
0.910712779 0.071574681 0.406791419 0.271423340 -0.068784319 0.997399867 -0.021499500 0.048039198 -0.407272518 -0.008401001 0.913268030 52.493659973
0.895722985 0.069139749 0.439203829 0.416374207 -0.065131061 0.997582972 -0.024210289 0.040411949 -0.439816177 -0.006920098 0.898061156 52.723194122
0.878389537 0.068543158 0.473004937 0.570245743 -0.062565908 0.997637272 -0.028380185 0.029252291 -0.473832607 -0.004665125 0.880602598 52.944778442
0.858988166 0.070260286 0.507151663 0.743854523 -0.061763331 0.997525632 -0.033584554 0.025035620 -0.508256435 -0.002474642 0.861202240 53.175540924
0.837268949 0.072127528 0.542013228 0.932622910 -0.061252233 0.997394562 -0.038107950 0.015991449 -0.543349683 -0.001292919 0.839505494 53.401119232
0.812623382 0.074821956 0.577966213 1.126100540 -0.062084638 0.997195065 -0.041802891 0.006506085 -0.579472840 -0.001912817 0.814989328 53.628211975
0.785130560 0.078792132 0.614297807 1.333757401 -0.065104812 0.996878862 -0.044653311 -0.007048249 -0.615898788 -0.004935061 0.787809789 53.866722107
0.755175769 0.083383173 0.650197506 1.559907913 -0.069012389 0.996477842 -0.047636297 -0.020283818 -0.651879489 -0.008897909 0.758270383 54.094493866
0.722164989 0.084282771 0.686566889 1.820066452 -0.068492554 0.996384203 -0.050272007 -0.038484097 -0.688321471 -0.010720036 0.725326538 54.330673218
0.685417414 0.082023792 0.723515809 2.098217010 -0.065073460 0.996559322 -0.051331419 -0.056535482 -0.725236833 -0.011898230 0.688396692 54.554565430
0.646465480 0.080297053 0.758705974 2.410079956 -0.061752245 0.996690392 -0.052867122 -0.076211095 -0.760440052 -0.012675026 0.649284482 54.776062012
0.603830934 0.079597622 0.793128252 2.742378235 -0.059695099 0.996723235 -0.054582667 -0.099099398 -0.794874012 -0.014387165 0.606603920 54.996047974
0.557615340 0.079695135 0.826264977 3.101196289 -0.056386702 0.996718109 -0.058082446 -0.116618395 -0.828182161 -0.014202695 0.560279012 55.205902100
0.508741558 0.078300327 0.857351184 3.466419220 -0.053019885 0.996814728 -0.059575934 -0.142921567 -0.859285116 -0.015147907 0.511272550 55.401687622
0.459639251 0.076553956 0.884800136 3.871608734 -0.051526785 0.996898413 -0.059485510 -0.166506529 -0.886609674 -0.018249033 0.462158233 55.588706970
0.410494387 0.074197926 0.908839405 4.307636261 -0.050637249 0.997000873 -0.058524191 -0.187942863 -0.910456061 -0.021997273 0.413020462 55.747444153
0.359843403 0.074096322 0.930065811 4.769697189 -0.053842120 0.996829450 -0.058583669 -0.207588553 -0.931457877 -0.028995767 0.362692028 55.915016174
0.310347408 0.075573720 0.947614431 5.247673035 -0.052580301 0.996673584 -0.062266015 -0.224086642 -0.949167967 -0.030501755 0.313288748 56.035987854
0.263915598 0.072140276 0.961844265 5.740117073 -0.041508354 0.997124791 -0.063397124 -0.257752538 -0.963652253 -0.023193082 0.266151190 56.118179321
0.219705224 0.066326484 0.973308980 6.249726295 -0.028012680 0.997703671 -0.061665561 -0.283222497 -0.975164056 -0.013716748 0.221058682 56.193214417
0.177596509 0.065301016 0.981934428 6.777094841 -0.018717339 0.997839689 -0.062973462 -0.314901233 -0.983925402 -0.007195333 0.178435102 56.251312256
0.138893902 0.066821314 0.988050282 7.320990562 -0.015291482 0.997746706 -0.065327495 -0.336952507 -0.990189195 -0.006035163 0.139602736 56.313911438
0.106513292 0.067469440 0.992019534 7.870294571 -0.006750281 0.997721255 -0.067132451 -0.375006378 -0.994288385 0.000454087 0.106726013 56.340480804
0.077548891 0.065837018 0.994812369 8.432037354 0.000579050 0.997814119 -0.066080809 -0.410460651 -0.996988356 0.005700540 0.077341259 56.362136841
0.052636493 0.064087674 0.996555150 8.985683441 0.007264003 0.997887552 -0.064557038 -0.446377218 -0.998587310 0.010637036 0.052059770 56.357234955
0.032673687 0.063121416 0.997470856 9.562103271 0.012230132 0.997903764 -0.063549422 -0.472416282 -0.999391258 0.014275594 0.031833209 56.359195709
0.017063098 0.065038770 0.997736871 10.157224655 0.015304559 0.997748196 -0.065301247 -0.500155270 -0.999737263 0.016384164 0.016029285 56.354591370
0.003643748 0.065166906 0.997867703 10.752294540 0.016152417 0.997740328 -0.065217569 -0.528263867 -0.999862909 0.016355611 0.002582911 56.350616455
-0.008189254 0.065711975 0.997804999 11.368646622 0.016838979 0.997706056 -0.065567255 -0.569822907 -0.999824703 0.016265070 -0.009276990 56.348499298
-0.017058600 0.068404891 0.997511804 11.992691994 0.021681374 0.997447670 -0.068029717 -0.611626089 -0.999619365 0.020466933 -0.018498173 56.325096130
-0.023642447 0.070478171 0.997233093 12.619527817 0.025780067 0.997223198 -0.069866277 -0.641907930 -0.999388039 0.024056926 -0.025393728 56.301521301
-0.028218970 0.069767334 0.997164071 13.259551048 0.026179237 0.997270763 -0.069033943 -0.676194131 -0.999258876 0.024156928 -0.029968409 56.283813477
-0.032080099 0.067054927 0.997233450 13.898656845 0.023997059 0.997511029 -0.066301629 -0.710689187 -0.999197185 0.021803707 -0.033609372 56.257522583
-0.034910873 0.060024954 0.997586191 14.596568108 0.021714183 0.998004615 -0.059290230 -0.751933813 -0.999154508 0.019591894 -0.036144603 56.255523682
-0.035665698 0.054737523 0.997863591 15.291280746 0.023028569 0.998278737 -0.053937208 -0.783434033 -0.999098420 0.021055663 -0.036864836 56.221435547
-0.036033150 0.052128710 0.997990072 15.983703613 0.025710572 0.998356402 -0.051219545 -0.817012131 -0.999019802 0.023813294 -0.037314184 56.193416595
-0.035816070 0.054206029 0.997887254 16.680276871 0.028805546 0.998169005 -0.053187449 -0.857941151 -0.998943150 0.026839722 -0.037311923 56.158973694
-0.034696952 0.061585519 0.997498572 17.393091202 0.029739201 0.997721136 -0.060564816 -0.887065411 -0.998955309 0.027563395 -0.036449388 56.133174896
-0.032704484 0.069480024 0.997047126 18.095069885 0.030703831 0.997179747 -0.068482138 -0.924283624 -0.998993337 0.028373493 -0.034745552 56.121429443
-0.030517908 0.070260614 0.997061729 18.826034546 0.031531427 0.997097552 -0.069298029 -0.961047530 -0.999036729 0.029323949 -0.032644749 56.103313446
-0.028502278 0.066090561 0.997406483 19.553358078 0.030752424 0.997397482 -0.065211177 -1.000462055 -0.999120593 0.028813999 -0.030460546 56.090946198
-0.026159966 0.059601288 0.997879446 20.296752930 0.030027622 0.997817457 -0.058810398 -1.045007110 -0.999206662 0.028425468 -0.027892556 56.074398041
-0.022689430 0.057755481 0.998072863 21.031574249 0.028543923 0.997960329 -0.057100073 -1.090402603 -0.999334991 0.027193349 -0.024291718 56.033699036
-0.019387318 0.063243158 0.997809827 21.765430450 0.035850812 0.997399569 -0.062520579 -1.132857203 -0.999169052 0.034560185 -0.021604221 56.014060974
-0.016184077 0.068643726 0.997509956 22.498859406 0.037648436 0.996975005 -0.067996085 -1.175391555 -0.999159992 0.036454234 -0.018719448 56.001117706
-0.013967103 0.069084778 0.997512996 23.236125946 0.031508654 0.997145295 -0.068618134 -1.218161941 -0.999405861 0.030471897 -0.016104000 56.007343292
-0.010909688 0.065741211 0.997777045 24.000305176 0.027094636 0.997489512 -0.065426007 -1.262353778 -0.999573350 0.026320629 -0.012663533 56.003322601
-0.005772334 0.062189259 0.998047709 24.747241974 0.031142989 0.997591376 -0.061980706 -1.309716940 -0.999498248 0.030724416 -0.007695190 55.987319946
-0.002060885 0.063281536 0.997993588 25.491209030 0.035685476 0.997364700 -0.063167967 -1.355765700 -0.999360919 0.035483692 -0.004313685 55.978210449
0.000182891 0.067827463 0.997697055 26.220676422 0.035084158 0.997082412 -0.067792110 -1.402216673 -0.999384344 0.035015762 -0.002197312 55.992942810
0.004419180 0.068492167 0.997641861 26.968011856 0.031648073 0.997142255 -0.068598054 -1.447077751 -0.999489307 0.031876590 0.002238906 56.000038147
0.008035677 0.067965172 0.997655332 27.729803085 0.031266574 0.997182667 -0.068184808 -1.492789388 -0.999478757 0.031741176 0.005887999 56.017307281
0.011715766 0.064747930 0.997832894 28.472480774 0.034992471 0.997263610 -0.065121844 -1.541967869 -0.999318898 0.035679590 0.009418016 56.023937225
0.015446599 0.065019399 0.997764468 29.216678619 0.039543536 0.997063100 -0.065585874 -1.593812108 -0.999098420 0.040468212 0.012830136 56.030551910
0.018549522 0.066268735 0.997629404 29.966438293 0.042042088 0.996866822 -0.066999801 -1.637612820 -0.998943627 0.043185234 0.015705328 56.027339935
0.021421945 0.066242591 0.997573555 30.714179993 0.042551763 0.996837974 -0.067107499 -1.687408209 -0.998864591 0.043886088 0.018535469 56.043865204
0.024988718 0.064674869 0.997593462 31.466444016 0.044139560 0.996860504 -0.065733001 -1.735020399 -0.998712778 0.045675922 0.022055546 56.065631866
0.028785974 0.063746214 0.997550905 32.219554901 0.046126738 0.996816635 -0.065030351 -1.778779984 -0.998520732 0.047885731 0.025753932 56.081996918
0.031365819 0.064056501 0.997453213 32.974895477 0.045227483 0.996831119 -0.065438770 -1.818146467 -0.998484194 0.047164842 0.028369309 56.092781067
0.034033805 0.065949708 0.997242391 33.742656708 0.041845296 0.996851385 -0.067351945 -1.864707470 -0.998544276 0.044022143 0.031166961 56.134807587
0.036590420 0.065789312 0.997162402 34.509201050 0.043682724 0.996771574 -0.067366444 -1.917207956 -0.998375177 0.046023738 0.033598434 56.171669006
0.039585508 0.066047430 0.997030973 35.269042969 0.041535754 0.996841848 -0.067684017 -1.955394983 -0.998352528 0.044091739 0.036717162 56.205238342
0.041673739 0.065971702 0.996950865 36.030006409 0.039816711 0.996915400 -0.067633741 -2.008146048 -0.998337567 0.042513855 0.038918413 56.243362427
0.044392399 0.065858729 0.996840954 36.783458710 0.036925826 0.997034669 -0.067515947 -2.059533358 -0.998331487 0.039806373 0.041828871 56.265872955
0.047457587 0.068817228 0.996499836 37.537296295 0.035437480 0.996879876 -0.070531152 -2.095003366 -0.998244464 0.038660679 0.044870805 56.302181244
0.050829448 0.071564659 0.996140003 38.312747955 0.033731192 0.996737242 -0.073328748 -2.160255432 -0.998137534 0.037328251 0.048249640 56.342456818
0.054507487 0.073908418 0.995774329 39.085041046 0.034019165 0.996540487 -0.075827450 -2.209605932 -0.997933686 0.038008574 0.051804613 56.384780884
0.057492420 0.075978503 0.995450616 39.851776123 0.028311795 0.996574759 -0.077699460 -2.261189222 -0.997944415 0.032650124 0.055144407 56.437583923
0.059669204 0.075373121 0.995368540 40.632690430 0.024198079 0.996742964 -0.076927803 -2.313301563 -0.997924864 0.028676227 0.057650976 56.502861023
0.063549429 0.075239375 0.995138407 41.393821716 0.027356753 0.996647954 -0.077100500 -2.369135857 -0.997603655 0.032123450 0.061278101 56.554023743
0.066802464 0.076433189 0.994834363 42.165683746 0.025776712 0.996596575 -0.078299470 -2.429687977 -0.997433186 0.030874157 0.064604916 56.613563538
0.070526831 0.077660263 0.994482219 42.948295593 0.022261107 0.996593952 -0.079403892 -2.480169773 -0.997261465 0.027738379 0.068557814 56.681770325
0.074657880 0.075772084 0.994326293 43.742027283 0.021362161 0.996758699 -0.077561401 -2.533073664 -0.996980369 0.027031528 0.072797239 56.746257782
0.078187846 0.075630113 0.994065762 44.554180145 0.020745771 0.996778965 -0.077468291 -2.603178501 -0.996722758 0.026679739 0.076366991 56.841724396
0.084499292 0.079044640 0.993283331 45.349678040 0.017613541 0.996574283 -0.080804922 -2.660651445 -0.996267855 0.024323197 0.082817562 56.903259277
0.090237476 0.087568335 0.992062986 46.136203766 0.015548177 0.995881617 -0.089319661 -2.722123384 -0.995798886 0.023484752 0.088504322 56.986488342
0.097589500 0.092246793 0.990942419 46.936370850 0.014417963 0.995459557 -0.094087198 -2.785957336 -0.995122313 0.023469293 0.095816389 57.073802948
0.104861207 0.095980003 0.989844441 47.736858368 0.009413871 0.995191395 -0.097495757 -2.845169067 -0.994442284 0.019541791 0.103453435 57.166538239
0.112192288 0.093752675 0.989253938 48.528816223 0.006484543 0.995448947 -0.095075198 -2.916631460 -0.993665338 0.017081564 0.111073755 57.261695862
0.119399868 0.092273355 0.988549113 49.336391449 0.006379760 0.995580018 -0.093700200 -2.985149860 -0.992825747 0.017494498 0.118283443 57.371204376
0.127049804 0.089023128 0.987893343 50.163883209 0.005878360 0.995879233 -0.090498760 -3.052189112 -0.991878927 0.017305043 0.126002952 57.482555389
0.134299934 0.083529867 0.987413943 50.966369629 0.003525984 0.996394396 -0.084769137 -3.122987747 -0.990934432 0.014866095 0.133521184 57.588096619
0.141717583 0.076585539 0.986940086 51.773178101 0.000949695 0.996991754 -0.077501908 -3.179854155 -0.989906669 0.011920675 0.141218528 57.703330994
0.148689300 0.073505402 0.986148298 52.592903137 -0.000440022 0.997238398 -0.074265689 -3.261723757 -0.988883853 0.010608586 0.148311034 57.843276978
0.155849189 0.075077474 0.984923542 53.394977570 -0.000591791 0.997114241 -0.075913087 -3.324654579 -0.987780690 0.011248124 0.155443877 57.979354858
0.161427155 0.081688680 0.983497977 54.170886993 0.000258337 0.996564806 -0.082816400 -3.379817009 -0.986884594 0.013622890 0.160851523 58.109359741
0.167244121 0.085749090 0.982179463 54.948909760 -0.001282084 0.996228635 -0.086757340 -3.433213711 -0.985914707 0.013250418 0.166723326 58.237419128
0.172175497 0.088267058 0.981103718 55.711662292 -0.002080989 0.996007740 -0.089242734 -3.501585722 -0.985064089 0.013323746 0.171671808 58.380901337
0.176684380 0.087613687 0.980360389 56.484382629 -0.005071791 0.996098161 -0.088106096 -3.574865818 -0.984254479 0.010594789 0.176439360 58.538009644
0.182017446 0.084421374 0.979664564 57.253417969 -0.001089728 0.996324301 -0.085654534 -3.641988754 -0.983294725 0.014523051 0.181440398 58.679691315
0.186379418 0.078311130 0.979351878 58.012977600 -0.000387662 0.996824086 -0.079634473 -3.695155621 -0.982477784 0.014462569 0.185817853 58.829727173
0.190240011 0.072460093 0.979059875 58.747619629 -0.002058685 0.997299731 -0.073409997 -3.751001358 -0.981735468 0.011949943 0.189875484 58.972427368
0.193329960 0.068850368 0.978715062 59.486606598 -0.005993919 0.997599006 -0.068994805 -3.813793421 -0.981115460 0.007472423 0.193278462 59.129070282
0.196492523 0.068693861 0.978096008 60.218936920 -0.007599930 0.997619569 -0.068538271 -3.867815256 -0.980475843 0.006033796 0.196546853 59.284175873
0.198662832 0.071085460 0.977486551 60.930233002 -0.009542159 0.997459173 -0.070598587 -3.913923979 -0.980021417 0.004697985 0.198836386 59.437232971
0.200109303 0.075334199 0.976873100 61.629974365 -0.013628007 0.997157216 -0.074106812 -3.966745853 -0.979678810 0.001516629 0.200567082 59.590774536
0.201959148 0.079309739 0.976177454 62.318912506 -0.014805418 0.996849179 -0.077926159 -4.021194935 -0.979282022 0.001285185 0.202497020 59.745933533
0.203630567 0.084541075 0.975390911 62.998313904 -0.014835081 0.996416867 -0.083266392 -4.074068069 -0.978935421 0.002485579 0.204155102 59.901718140
0.205218047 0.086603552 0.974877119 63.676586151 -0.014810980 0.996238112 -0.085383356 -4.130611420 -0.978604198 0.003083320 0.205728710 60.048736572
0.206428587 0.086557694 0.974625587 64.336967468 -0.016942294 0.996246338 -0.084889427 -4.183565140 -0.978314996 0.001011211 0.207120210 60.196506500
0.208007678 0.083651751 0.974543571 65.027130127 -0.016531693 0.996494591 -0.082007416 -4.239041328 -0.977987468 0.000947318 0.208661437 60.338836670
0.208696410 0.081138328 0.974608839 65.681571960 -0.016575411 0.996702790 -0.079428345 -4.292882442 -0.977840006 0.000421868 0.209353194 60.479957581
0.208606511 0.080097616 0.974714160 66.334449768 -0.015495811 0.996786177 -0.078595005 -4.342130661 -0.977876902 0.001291444 0.209177256 60.624538422
0.206952766 0.079416797 0.975122333 66.969474792 -0.015693538 0.996841192 -0.077854961 -4.398868561 -0.978225052 0.000809181 0.207545370 60.760765076
0.205908030 0.079761937 0.975315273 67.597305298 -0.016328150 0.996813953 -0.078072920 -4.453428268 -0.978435099 0.000150746 0.206554353 60.890510559
0.202286378 0.083019435 0.975801229 68.218292236 -0.017408518 0.996547759 -0.081175685 -4.504199982 -0.979171693 -0.000566518 0.203033283 61.052993774
0.200093940 0.086787947 0.975925326 68.819763184 -0.015424710 0.996224701 -0.085430622 -4.554435730 -0.979655266 0.002040785 0.200677201 61.176498413
0.198890552 0.087571874 0.976101279 69.417030334 -0.013215676 0.996148765 -0.086677626 -4.605891705 -0.979932606 0.004339523 0.199281901 61.286247253
0.196799964 0.086524487 0.976618290 70.005805969 -0.013712085 0.996243775 -0.085500084 -4.649713516 -0.980347753 0.003434940 0.197247177 61.404441833
0.194630072 0.083269924 0.977335811 70.586219788 -0.013880674 0.996524096 -0.082140543 -4.700291634 -0.980778515 0.002420941 0.195109397 61.519931793
0.192562714 0.079334080 0.978072464 71.164039612 -0.013278132 0.996845901 -0.078242652 -4.749968529 -0.981194854 0.002079641 0.193008751 61.636264801
0.190698907 0.078812733 0.978479683 71.729911804 -0.010135351 0.996876836 -0.078319237 -4.800738335 -0.981596231 0.005018159 0.190902114 61.744640350
0.188904792 0.080176204 0.978716910 72.293365479 -0.006530660 0.996741891 -0.080392309 -4.848957062 -0.981973708 0.008794825 0.188812926 61.856006622
0.186384931 0.082272664 0.979025960 72.841629028 -0.002205000 0.996520162 -0.083323009 -4.888146400 -0.982474327 0.013371401 0.185917750 61.958778381
0.184928030 0.084205821 0.979137897 73.388984680 -0.002684791 0.996361971 -0.085180022 -4.927580833 -0.982748389 0.013123393 0.184481338 62.052993774
0.183344483 0.086902857 0.979200006 73.925750732 -0.003451659 0.996135712 -0.087759592 -4.972260475 -0.983042657 0.012710372 0.182935938 62.155509949
0.182503134 0.084998265 0.979524314 74.486877441 -0.001173013 0.996274292 -0.086233191 -5.022725105 -0.983204544 0.014588833 0.181922883 62.258243561
0.183356851 0.083703920 0.979476333 75.029907227 0.004439783 0.996287704 -0.085971698 -5.063353539 -0.983036399 0.020112162 0.182304546 62.345085144
0.185525134 0.081757255 0.979232430 75.584976196 0.009601275 0.996334314 -0.085004166 -5.103890419 -0.982592583 0.025172289 0.184060097 62.444244385
0.187585905 0.081038542 0.978899539 76.131774902 0.012650413 0.996308804 -0.084903970 -5.146101952 -0.982166708 0.028310271 0.185868323 62.541839600
0.191217840 0.080981523 0.978201270 76.687507629 0.009740136 0.996385098 -0.084390886 -5.185198784 -0.981499314 0.025664855 0.189737841 62.646148682
0.196304739 0.081425212 0.977156281 77.255615234 0.008711128 0.996361971 -0.084775612 -5.234549046 -0.980504215 0.025153989 0.194881275 62.783836365
0.202926502 0.080391094 0.975888371 77.819793701 0.009982402 0.996402502 -0.084156744 -5.277887344 -0.979143083 0.026819343 0.201393977 62.904399872
0.210282698 0.080827713 0.974293649 78.372032166 0.007659440 0.996409655 -0.084315613 -5.318851948 -0.977610648 0.025192657 0.208908617 63.033149719
0.218591034 0.078784496 0.972630978 78.944358826 0.008216864 0.996551514 -0.082568765 -5.361732483 -0.975781977 0.026040768 0.217189863 63.171379089
0.227778539 0.078386433 0.970552683 79.522277832 0.004867459 0.996650279 -0.081636541 -5.408480644 -0.973700821 0.023319177 0.226633996 63.306880951
0.237088948 0.078398064 0.968319476 80.105133057 0.003459590 0.996664047 -0.081539996 -5.452759743 -0.971481800 0.022682220 0.236026809 63.462425232
0.246894419 0.082158387 0.965553284 80.697547913 -0.002106374 0.996442556 -0.084248133 -5.502316475 -0.969040096 0.018766578 0.246189177 63.633766174
0.256246597 0.084611565 0.962901115 81.302886963 -0.005598996 0.996274710 -0.086054154 -5.541917324 -0.966595232 0.016659804 0.255765736 63.811405182
0.267722845 0.086696878 0.959587455 81.893356323 -0.008570714 0.996118307 -0.087606162 -5.594446659 -0.963457823 0.015229820 0.267426670 63.967144012
0.277832180 0.088317789 0.956561148 82.505905151 -0.010017664 0.995976985 -0.089047372 -5.647682190 -0.960577369 0.015157716 0.277599186 64.157836914
0.287716240 0.089622252 0.953513086 83.133453369 -0.012886561 0.995884001 -0.089716323 -5.690742493 -0.957629025 0.013525341 0.287686944 64.359954834
0.298142463 0.090010226 0.950267971 83.762535095 -0.014577691 0.995857179 -0.089754790 -5.741627693 -0.954410076 0.012907003 0.298219472 64.564193726
0.308331966 0.090881266 0.946927667 84.401168823 -0.017979352 0.995804906 -0.089717947 -5.781298637 -0.951108932 0.010637764 0.308672458 64.794006348
0.318598032 0.086230248 0.943959534 85.058624268 -0.017341143 0.996217132 -0.085151099 -5.828418255 -0.947731256 0.010759638 0.318888158 65.025878906
0.329583049 0.078817934 0.940830886 85.720764160 -0.013767976 0.996804535 -0.078684047 -5.884538651 -0.944026172 0.012979589 0.329615027 65.253326416
0.340120405 0.074999914 0.937386334 86.380989075 -0.013041453 0.997094870 -0.075045221 -5.933313370 -0.940291464 0.013299530 0.340110421 65.502182007
0.350468069 0.071846761 0.933814824 87.062477112 -0.014108370 0.997345150 -0.071439736 -5.983089447 -0.936468422 0.011862741 0.350551248 65.766494751
0.359777242 0.069522731 0.930444479 87.747612000 -0.007586577 0.997405112 -0.071592502 -6.022000790 -0.933007360 0.018698467 0.359371096 66.034126282
0.368495524 0.063716039 0.927443445 88.459655762 -0.000440590 0.997660279 -0.068364926 -6.063608646 -0.929629385 0.024783550 0.367661446 66.316528320
0.375563711 0.054391097 0.925199151 89.178886414 0.009136400 0.998010635 -0.062380292 -6.105457306 -0.926751554 0.031880762 0.374319613 66.596725464
0.382150233 0.050240017 0.922733486 89.878868103 0.013837008 0.998098016 -0.060073987 -6.149998665 -0.923996627 0.035725158 0.380728215 66.895149231
0.389448375 0.050114758 0.919683874 90.585319519 0.015609998 0.998016119 -0.060993373 -6.200906277 -0.920916021 0.038110033 0.387893468 67.196289062
0.397211671 0.056136902 0.916008472 91.295242310 0.018324200 0.997443259 -0.069073558 -6.239565849 -0.917544067 0.044221945 0.395167440 67.496917725
0.404394031 0.060722377 0.912566841 91.999031067 0.022175986 0.996849179 -0.076157585 -6.279741287 -0.914315999 0.051034741 0.401773274 67.804321289
0.409601420 0.062816732 0.910099328 92.707672119 0.020160181 0.996759534 -0.077871524 -6.333019257 -0.912041783 0.050244056 0.407007724 68.133712769
0.413942814 0.064617537 0.908006549 93.393699646 0.012471040 0.996981263 -0.076634653 -6.389569283 -0.910217464 0.043046150 0.411887378 68.461074829
0.418083429 0.068407305 0.905829251 94.080566406 0.005770778 0.996940434 -0.077951416 -6.446327686 -0.908390284 0.037817538 0.416409522 68.793014526
0.422086567 0.071318716 0.903745830 94.758895874 0.005019590 0.996701598 -0.080998637 -6.507946491 -0.906541646 0.038724869 0.420336366 69.120056152
0.425944656 0.075904608 0.901559532 95.421951294 0.001002146 0.996434331 -0.084365822 -6.569414139 -0.904748678 0.036838669 0.424349844 69.437194824
0.429331332 0.078915387 0.899692714 96.082588196 -0.002007729 0.996256113 -0.086427242 -6.627318382 -0.903144836 0.035299584 0.427882433 69.763031006
0.433176517 0.077275470 0.897990286 96.735870361 -0.003055763 0.996438026 -0.084273212 -6.686942101 -0.901303947 0.033761133 0.431869686 70.089149475
0.437452257 0.074402355 0.896158338 97.380577087 -0.002486361 0.996667504 -0.081533298 -6.747177124 -0.899238169 0.033438753 0.436179459 70.404342651
0.441144049 0.071240157 0.894604266 98.022140503 -0.002341212 0.996932268 -0.078234367 -6.805694580 -0.897433281 0.032418169 0.439957500 70.718940735
0.444642484 0.070425645 0.892935216 98.653808594 -0.003406225 0.997029960 -0.076939434 -6.861302376 -0.895701647 0.031169001 0.443561763 71.045143127
0.447895020 0.072349966 0.891154051 99.265243530 -0.005610324 0.996928334 -0.078117691 -6.910962105 -0.894068539 0.029988861 0.446925163 71.361289978
0.450470388 0.072913587 0.889809012 99.878143311 -0.005012269 0.996850312 -0.079147384 -6.969413757 -0.892777324 0.031193590 0.449416995 71.678276062
0.452657878 0.070574358 0.888886988 100.468124390 -0.002094237 0.996944308 -0.078087240 -7.011724472 -0.891681790 0.033485267 0.451422513 71.975242615
0.454042256 0.069821887 0.888240159 101.067474365 -0.000989019 0.996963620 -0.077862754 -7.071166515 -0.890979588 0.034474496 0.452732652 72.283714294
0.455970258 0.069578275 0.887271106 101.650863647 -0.001783540 0.997008801 -0.077267155 -7.117808819 -0.889993250 0.033649042 0.454730451 72.588363647
0.457848847 0.068519786 0.886385620 102.224319458 -0.000176218 0.997032464 -0.076982036 -7.171328545 -0.889030039 0.035089940 0.456502229 72.888870239
0.460777342 0.069877453 0.884760618 102.778717041 -0.000131450 0.996901035 -0.078665726 -7.215380192 -0.887515724 0.036131084 0.459358603 73.165328979
0.463530749 0.069850735 0.883323312 103.330612183 0.002502654 0.996780813 -0.080135919 -7.267611027 -0.886077285 0.039356116 0.461863756 73.449203491
0.466493607 0.069161221 0.881816566 103.882942200 0.004680953 0.996731460 -0.080650330 -7.310539246 -0.884512186 0.041750606 0.464645118 73.751739502
0.469690740 0.067320690 0.880260468 104.419990540 0.007823749 0.996731758 -0.080402799 -7.359585762 -0.882796347 0.044651389 0.467628956 74.039253235
0.473078340 0.066448748 0.878510952 104.949401855 0.009503056 0.996708810 -0.080506384 -7.401143074 -0.880969107 0.046434365 0.470889866 74.321510315
0.476238191 0.065684974 0.876859546 105.465614319 0.011036035 0.996681035 -0.080654591 -7.444428444 -0.879247069 0.048087850 0.473932683 74.602806091
0.479621440 0.065117799 0.875055969 105.979431152 0.010770055 0.996730626 -0.080075398 -7.498370171 -0.877409399 0.047830280 0.477352053 74.887222290
0.483162940 0.064518571 0.873149991 106.481346130 0.011923766 0.996703744 -0.080246262 -7.548751831 -0.875449240 0.049183257 0.480801016 75.155578613
0.487064779 0.065866560 0.870878577 106.984237671 0.011709929 0.996569932 -0.081922017 -7.590453148 -0.873287320 0.050099254 0.484622806 75.441841125
0.491139144 0.065961644 0.868580103 107.479553223 0.013659083 0.996423066 -0.083393820 -7.637331009 -0.870974064 0.052821979 0.488481373 75.727409363
0.495936036 0.069254391 0.865593016 107.982681274 0.011308150 0.996215045 -0.086184129 -7.690274239 -0.868285418 0.052530073 0.493275791 76.026428223
0.501542628 0.075217299 0.861856937 108.463798523 0.007798111 0.995779753 -0.091443188 -7.736452103 -0.865097761 0.052583512 0.498839438 76.305984497
0.506846964 0.082088403 0.858118713 108.939956665 0.002527500 0.995309889 -0.096705101 -7.788507938 -0.862032354 0.051183581 0.504262269 76.619712830
0.513147712 0.088469371 0.853728652 109.421897888 -0.002527524 0.994825006 -0.101571567 -7.835299969 -0.858296573 0.049963400 0.510715842 76.920928955
0.519116938 0.092983529 0.849630296 109.901893616 -0.006429929 0.994461417 -0.104905210 -7.891506672 -0.854679048 0.048995011 0.516839683 77.237678528
0.524817348 0.093304187 0.846085727 110.384078979 -0.010808556 0.994624674 -0.102980264 -7.946578026 -0.851146221 0.044900864 0.523004770 77.547698975
0.530288458 0.092594370 0.842745781 110.880798340 -0.017443867 0.994999349 -0.098346457 -7.998267651 -0.847637832 0.037451245 0.529251873 77.878944397
0.536107302 0.090113282 0.839326262 111.379104614 -0.023408856 0.995490491 -0.091927618 -8.049548149 -0.843825221 0.029635398 0.535799146 78.217552185
0.541673779 0.088564284 0.835910201 111.880554199 -0.029953778 0.995836258 -0.086098179 -8.102298737 -0.840054929 0.021598456 0.542071223 78.567687988
0.547928929 0.086359195 0.832055271 112.395240784 -0.032393549 0.996101320 -0.082053617 -8.154848099 -0.835897446 0.018006328 0.548590243 78.919303894
0.554383099 0.089868411 0.827395320 112.920959473 -0.037655190 0.995843351 -0.082934305 -8.200055122 -0.831409335 0.014821653 0.555462778 79.274620056
0.560404956 0.093893528 0.822879255 113.439086914 -0.041536901 0.995489061 -0.085301079 -8.246018410 -0.827176511 0.013623292 0.561777055 79.649002075
0.566607237 0.097369000 0.818214834 113.969535828 -0.044124559 0.995154262 -0.087869205 -8.290302277 -0.822805703 0.013683963 0.568158031 80.036499023
0.572612345 0.099856846 0.813722134 114.498023987 -0.047005150 0.994920492 -0.089015514 -8.339776993 -0.818477631 0.012722248 0.574397504 80.423667908
