1.000000000 0.000000000 0.000000000 0.000000000 0.000000000 1.000000000 0.000000000 0.000000000 0.000000000 0.000000000 1.000000000 0.000000000
1.000000000 -0.000029069 0.000122791 -0.014832122 0.000028894 0.999998987 0.001424759 -0.012532305 -0.000122832 -0.001424756 0.999998987 1.315505505
0.999999344 -0.001155840 0.000056123 -0.028447518 0.001155749 0.999998033 0.001593639 -0.031677671 -0.000057965 -0.001593573 0.999998748 2.620857954
0.999996662 -0.002570220 -0.000191508 -0.032020345 0.002570354 0.999996424 0.000703046 -0.050691102 0.000189700 -0.000703536 0.999999762 3.930395365
0.999995291 -0.003065001 -0.000202296 -0.030938111 0.003065159 0.999994993 0.000785599 -0.072155073 0.000199887 -0.000786216 0.999999642 5.282619476
0.999993682 -0.003547592 0.000017197 -0.033996191 0.003547558 0.999992251 0.001701929 -0.095736876 -0.000023235 -0.001701858 0.999998569 6.615167141
0.999988198 -0.004860880 0.000052984 -0.039971180 0.004860740 0.999985337 0.002381942 -0.105686307 -0.000064562 -0.002381657 0.999997139 7.947794437
0.999990463 -0.004361599 0.000023867 -0.048324723 0.004361506 0.999985814 0.003056067 -0.127823085 -0.000037196 -0.003055934 0.999995351 9.295357704
0.999994576 -0.003266672 -0.000382246 -0.053226456 0.003267117 0.999993980 0.001169245 -0.143467233 0.000378424 -0.001170488 0.999999225 10.631842613
0.999998927 -0.001237784 -0.000794445 -0.054551452 0.001237226 0.999998987 -0.000702424 -0.167847246 0.000795313 0.000701441 0.999999464 11.985359192
0.999996960 0.002434853 -0.000373584 -0.072584912 -0.002435428 0.999995828 -0.001546769 -0.191796347 0.000369817 0.001547674 0.999998748 13.322866440
0.999987960 0.004896490 -0.000245686 -0.099936441 -0.004896857 0.999986887 -0.001518583 -0.215119064 0.000238247 0.001519768 0.999998808 14.633111954
0.999981105 0.006131724 -0.000396283 -0.101435639 -0.006132049 0.999980867 -0.000826622 -0.234367654 0.000391206 0.000829037 0.999999583 15.991610527
0.999994576 0.003292083 0.000080611 -0.110868156 -0.003292256 0.999992073 0.002249667 -0.261099219 -0.000073205 -0.002249921 0.999997437 17.345289230
0.999999642 -0.000807106 0.000135101 -0.113166824 0.000806534 0.999990940 0.004181019 -0.280732572 -0.000138474 -0.004180909 0.999991238 18.698577881
0.999995053 -0.003149590 -0.000085113 -0.117666788 0.003149739 0.999993384 0.001813055 -0.297840118 0.000079403 -0.001813314 0.999998331 20.028310776
0.999985993 -0.005273277 -0.000384643 -0.114588149 0.005273430 0.999985993 0.000396202 -0.327758938 0.000382548 -0.000398225 0.999999821 21.409370422
0.999996781 -0.002387311 0.000888110 -0.139162824 0.002388383 0.999996424 -0.001208261 -0.344587594 -0.000885223 0.001210378 0.999998868 22.754631042
0.999998510 0.000838548 0.001517622 -0.145061702 -0.000838641 0.999999642 0.000060483 -0.350578457 -0.001517570 -0.000061755 0.999998868 24.133995056
0.999996722 0.001609667 0.002003533 -0.154105306 -0.001617318 0.999991357 0.003823275 -0.372357517 -0.001997361 -0.003826502 0.999990702 25.498844147
0.999997258 -0.000967953 0.002137843 -0.145434588 0.000955593 0.999982893 0.005774896 -0.385085642 -0.002143396 -0.005772837 0.999981046 26.886520386
0.999977887 -0.006418505 0.001724145 -0.139561117 0.006410938 0.999969959 0.004358906 -0.416352212 -0.001752071 -0.004347757 0.999989033 28.267234802
0.999978900 -0.006237947 0.001825003 -0.142215088 0.006234030 0.999978244 0.002144453 -0.429607153 -0.001838340 -0.002133031 0.999996006 29.642293930
0.999971688 -0.006925646 0.002939191 -0.150314212 0.006926578 0.999975979 -0.000306965 -0.452961743 -0.002936995 0.000327315 0.999995649 31.007127762
0.999987900 -0.003346542 0.003607288 -0.161292285 0.003350040 0.999993920 -0.000963998 -0.475739479 -0.003604040 0.000976071 0.999993026 32.388000488
0.999990642 -0.001931064 0.003874624 -0.168645576 0.001944310 0.999992251 -0.003417777 -0.497873336 -0.003867994 0.003425278 0.999986649 33.742893219
0.999992073 -0.001382797 0.003735546 -0.165201217 0.001392858 0.999995410 -0.002691998 -0.521831870 -0.003731807 0.002697180 0.999989390 35.134056091
0.999991655 -0.001337970 0.003860725 -0.178759441 0.001343790 0.999997973 -0.001505372 -0.547043324 -0.003858703 0.001510547 0.999991417 36.514167786
0.999994040 0.000787604 0.003369419 -0.186296627 -0.000786658 0.999999642 -0.000282364 -0.562816262 -0.003369640 0.000279712 0.999994278 37.906562805
0.999986827 0.003464520 0.003784818 -0.207620159 -0.003464757 0.999993980 0.000056184 -0.586649716 -0.003784601 -0.000069296 0.999992847 39.294605255
0.999976337 0.005750189 0.003779599 -0.211409897 -0.005748540 0.999983370 -0.000447172 -0.604180038 -0.003782107 0.000425434 0.999992728 40.727504730
0.999961197 0.007953297 0.003789521 -0.223405749 -0.007954982 0.999968290 0.000429606 -0.631120563 -0.003785983 -0.000459735 0.999992728 42.109294891
0.999956608 0.008713940 0.003301283 -0.228402048 -0.008714700 0.999962032 0.000215962 -0.648179591 -0.003299275 -0.000244722 0.999994516 43.530750275
0.999962866 0.008015864 0.003163627 -0.237708345 -0.008015152 0.999967873 -0.000237382 -0.665406704 -0.003165428 0.000212016 0.999994993 44.935829163
0.999975562 0.006573718 0.002389168 -0.252505958 -0.006573326 0.999978364 -0.000171702 -0.697901905 -0.002390245 0.000155993 0.999997139 46.323371887
0.999979973 0.006137256 0.001552062 -0.257845163 -0.006137288 0.999981165 0.000015784 -0.720904827 -0.001551936 -0.000025310 0.999998808 47.729946136
0.999980092 0.006282182 0.000637433 -0.270558566 -0.006282980 0.999979496 0.001257169 -0.741601646 -0.000629522 -0.001261149 0.999998987 49.157814026
0.999977410 0.006704405 -0.000458397 -0.284356803 -0.006703976 0.999977112 0.000931905 -0.760412276 0.000464634 -0.000928811 0.999999464 50.562232971
0.999976337 0.006696709 -0.001558472 -0.296895444 -0.006694187 0.999976277 0.001617627 -0.786828876 0.001569268 -0.001607156 0.999997497 51.966846466
0.999975085 0.006612596 -0.002481472 -0.325031072 -0.006606181 0.999974847 0.002584398 -0.808344483 0.002498499 -0.002567941 0.999993563 53.365760803
0.999981582 0.005226807 -0.003093494 -0.334766567 -0.005216369 0.999980688 0.003372536 -0.824388981 0.003111062 -0.003356337 0.999989510 54.805629730
0.999988675 0.003105044 -0.003611848 -0.343314469 -0.003092352 0.999989033 0.003514239 -0.846481681 0.003622720 -0.003503030 0.999987304 56.259651184
0.999989688 0.000633352 -0.004497516 -0.317574501 -0.000619652 0.999995172 0.003046791 -0.869760334 0.004499424 -0.003043973 0.999985218 57.664539337
0.999987900 -0.000642156 -0.004873764 -0.328332901 0.000659677 0.999993324 0.003594182 -0.891358674 0.004871424 -0.003597353 0.999981642 59.088214874
0.999988198 -0.002424287 -0.004213620 -0.337097853 0.002442081 0.999988079 0.004223139 -0.914089918 0.004203332 -0.004233379 0.999982178 60.512054443
0.999986231 -0.003582403 -0.003842082 -0.344021350 0.003602359 0.999979973 0.005199786 -0.932504416 0.003823377 -0.005213554 0.999979079 61.945415497
0.999988973 -0.003607864 -0.003005612 -0.370681763 0.003621638 0.999982893 0.004590044 -0.954212725 0.002989000 -0.004600878 0.999984920 63.344303131
0.999985278 -0.004913403 -0.002302631 -0.384102881 0.004921228 0.999982119 0.003405157 -0.967403948 0.002285858 -0.003416438 0.999991536 64.757415771
0.999987245 -0.004644625 -0.001970204 -0.381379545 0.004651470 0.999983132 0.003484098 -0.998786092 0.001953988 -0.003493218 0.999992013 66.156433105
0.999991059 -0.004091313 -0.001053241 -0.389822125 0.004095112 0.999985039 0.003630516 -1.019371629 0.001038371 -0.003634797 0.999992847 67.574707031
0.999999464 -0.000747821 -0.000715482 -0.399314553 0.000751195 0.999988556 0.004725852 -1.036808968 0.000711940 -0.004726387 0.999988556 68.983879089
0.999996722 0.002571773 0.000003439 -0.414242387 -0.002571746 0.999978185 0.006088518 -1.057490468 0.000012219 -0.006088507 0.999981463 70.377143860
0.999980986 0.006114783 0.000814909 -0.427820623 -0.006119983 0.999959886 0.006538965 -1.079447746 -0.000774892 -0.006543828 0.999978304 71.744125366
0.999943435 0.010529621 0.001517001 -0.442330062 -0.010538916 0.999924898 0.006255845 -1.096496463 -0.001451015 -0.006271479 0.999979258 73.144477844
0.999904275 0.013683110 0.002065540 -0.458499044 -0.013693701 0.999892712 0.005203212 -1.111158848 -0.001994122 -0.005230999 0.999984324 74.542404175
0.999875546 0.015516903 0.002852196 -0.466777980 -0.015531438 0.999866128 0.005146457 -1.130991101 -0.002771957 -0.005190115 0.999982715 75.940513611
0.999880731 0.015180403 0.002848756 -0.466973573 -0.015195826 0.999869585 0.005472711 -1.143982887 -0.002765307 -0.005515347 0.999980986 77.356552124
0.999881685 0.015081578 0.003033145 -0.477605939 -0.015097271 0.999872386 0.005218937 -1.172894716 -0.002954049 -0.005264111 0.999981761 78.726257324
0.999902844 0.013596233 0.003073297 -0.484089524 -0.013609920 0.999897361 0.004477351 -1.190712333 -0.003012106 -0.004518743 0.999985278 80.107444763
0.999911010 0.013059989 0.002727509 -0.490818858 -0.013072646 0.999903619 0.004675894 -1.213555574 -0.002666178 -0.004711133 0.999985337 81.475860596
0.999909878 0.013161188 0.002638754 -0.496720970 -0.013173009 0.999903023 0.004513821 -1.225900888 -0.002579091 -0.004548174 0.999986351 82.851623535
0.999919534 0.012519184 0.002045124 -0.502815366 -0.012527237 0.999913633 0.003973363 -1.242209554 -0.001995204 -0.003998663 0.999989986 84.229850769
0.999920845 0.012500066 0.001433798 -0.512855053 -0.012506389 0.999911726 0.004488592 -1.260305882 -0.001377564 -0.004506168 0.999988914 85.570442200
0.999921441 0.012527195 0.000379548 -0.512725532 -0.012528987 0.999908209 0.005158132 -1.280810356 -0.000314896 -0.005162483 0.999986649 86.953826904
0.999942064 0.010728082 -0.000857261 -0.522688806 -0.010722824 0.999925017 0.005918390 -1.295208216 0.000920690 -0.005908855 0.999982119 88.357521057
0.999959946 0.008662784 -0.002244599 -0.522421062 -0.008647402 0.999939680 0.006774491 -1.330998182 0.002303149 -0.006754810 0.999974549 89.695030212
0.999977589 0.006206378 -0.002501077 -0.537261128 -0.006188708 0.999956250 0.007011590 -1.348626614 0.002544484 -0.006995954 0.999972284 91.077011108
0.999984801 0.004381446 -0.003353069 -0.542090774 -0.004359502 0.999969244 0.006523977 -1.363611579 0.003381551 -0.006509260 0.999973118 92.475479126
0.999987483 0.003510126 -0.003560307 -0.553117692 -0.003489064 0.999976456 0.005904891 -1.377130628 0.003580950 -0.005892395 0.999976218 93.806846619
0.999984562 0.003587114 -0.004237454 -0.564035058 -0.003564001 0.999978781 0.005449366 -1.397894382 0.004256912 -0.005434180 0.999976158 95.161804199
0.999986351 0.003349581 -0.004010461 -0.584417522 -0.003329909 0.999982417 0.004901932 -1.413673520 0.004026810 -0.004888510 0.999979973 96.519660950
0.999981582 0.005036015 -0.003381460 -0.611348867 -0.005022652 0.999979615 0.003948620 -1.431082606 0.003401277 -0.003931564 0.999986470 97.848823547
0.999975026 0.006318298 -0.003160303 -0.632094383 -0.006305190 0.999971569 0.004140758 -1.448613763 0.003186376 -0.004120729 0.999986410 99.188163757
0.999970376 0.007347120 -0.002287714 -0.650057614 -0.007334791 0.999958754 0.005351979 -1.466509938 0.002326942 -0.005335041 0.999983072 100.522674561
0.999964118 0.008130693 -0.002366619 -0.667844176 -0.008114167 0.999943197 0.006911209 -1.483799934 0.002422678 -0.006891758 0.999973297 101.853507996
0.999969780 0.007356388 -0.002511443 -0.666108131 -0.007342135 0.999957144 0.005638474 -1.508343458 0.002552814 -0.005619864 0.999980927 103.220237732
0.999970019 0.007441483 -0.002128897 -0.685919702 -0.007433989 0.999966204 0.003506616 -1.524448276 0.002154920 -0.003490684 0.999991596 104.543861389
0.999972343 0.007023245 -0.002445064 -0.695959508 -0.007018488 0.999973476 0.001948783 -1.543904543 0.002458686 -0.001931568 0.999995112 105.876716614
0.999987483 0.004431797 -0.002324414 -0.708582044 -0.004423981 0.999984562 0.003357044 -1.564049006 0.002339256 -0.003346719 0.999991655 107.200599670
0.999993205 0.003209420 -0.001826375 -0.723704875 -0.003200287 0.999982476 0.004982199 -1.574533224 0.001842333 -0.004976320 0.999985933 108.551612854
0.999998271 0.001554637 -0.001004426 -0.733861804 -0.001548858 0.999982417 0.005728337 -1.596957207 0.001013313 -0.005726772 0.999983072 109.884613037
1.000000000 0.000164152 0.000110324 -0.750855625 -0.000164642 0.999990046 0.004453587 -1.619989395 -0.000109592 -0.004453606 0.999990106 111.226737976
0.999996543 0.002416933 0.001033507 -0.762308359 -0.002419259 0.999994516 0.002254836 -1.637198687 -0.001028052 -0.002257328 0.999996901 112.555213928
0.999984205 0.005199919 0.002127352 -0.768526435 -0.005199178 0.999986410 -0.000353299 -1.652015090 -0.002129160 0.000342233 0.999997675 113.868194580
0.999959946 0.008167830 0.003659687 -0.778076768 -0.008167099 0.999966621 -0.000214544 -1.673305511 -0.003661317 0.000184647 0.999993265 115.189422607
0.999945104 0.009012232 0.005342635 -0.785375893 -0.009023458 0.999957144 0.002080769 -1.702363849 -0.005323654 -0.002128863 0.999983549 116.523666382
0.999939859 0.009058746 0.006180797 -0.778810501 -0.009085244 0.999949574 0.004272633 -1.719152570 -0.006141780 -0.004328530 0.999971747 117.855865479
0.999936223 0.008619237 0.007298639 -0.787019193 -0.008653827 0.999951422 0.004720975 -1.737118125 -0.007257593 -0.004783835 0.999962211 119.194602966
0.999925196 0.009229246 0.008029295 -0.777244568 -0.009261388 0.999949217 0.003975332 -1.751363277 -0.007992198 -0.004049397 0.999959886 120.546409607
0.999894083 0.011075215 0.009445678 -0.784442544 -0.011112940 0.999930441 0.003950743 -1.774509907 -0.009401266 -0.004055293 0.999947608 121.871734619
0.999856889 0.012965982 0.010868628 -0.779900193 -0.013004989 0.999909222 0.003526042 -1.787260652 -0.010821922 -0.003666884 0.999934733 123.221527100
0.999847949 0.013023598 0.011593517 -0.767362475 -0.013060605 0.999909818 0.003122088 -1.814395070 -0.011551810 -0.003273032 0.999927938 124.558959961
0.999810457 0.014610962 0.012869600 -0.763566136 -0.014636026 0.999891162 0.001855437 -1.824722886 -0.012841091 -0.002043445 0.999915481 125.910102844
0.999817550 0.013248848 0.013759954 -0.756129146 -0.013272232 0.999910653 0.001609507 -1.839659214 -0.013737400 -0.001791839 0.999904037 127.255371094
0.999803543 0.013209309 0.014776793 -0.746788144 -0.013247762 0.999909103 0.002507367 -1.855086684 -0.014742330 -0.002702634 0.999887645 128.602935791
0.999817669 0.010958138 0.015638720 -0.741519451 -0.011013945 0.999933243 0.003486867 -1.869346142 -0.015599467 -0.003658475 0.999871612 129.974288940
0.999818146 0.010289727 0.016056241 -0.724613428 -0.010351299 0.999939382 0.003756430 -1.884525180 -0.016016616 -0.003921950 0.999864042 131.329452515
0.999826193 0.008594492 0.016544236 -0.716446877 -0.008658484 0.999955297 0.003800204 -1.901773691 -0.016510837 -0.003942792 0.999855936 132.669784546
0.999836802 0.007168360 0.016583849 -0.722265005 -0.007243866 0.999963641 0.004497379 -1.919527769 -0.016551008 -0.004616776 0.999852359 133.997528076
0.999856412 0.005433632 0.016049398 -0.707167149 -0.005500682 0.999976337 0.004136555 -1.936643362 -0.016026542 -0.004224244 0.999862671 135.347702026
0.999887168 0.004441806 0.014349819 -0.688916087 -0.004497156 0.999982536 0.003827272 -1.949315310 -0.014332568 -0.003891373 0.999889731 136.687896729
0.999911487 0.002318557 0.013103075 -0.662415981 -0.002383631 0.999984920 0.004952868 -1.967388391 -0.013091394 -0.004983662 0.999901891 138.064834595
0.999920964 0.001360653 0.012499623 -0.658350825 -0.001425341 0.999985635 0.005167800 -1.985131264 -0.012492412 -0.005185208 0.999908507 139.408752441
0.999935925 0.001439677 0.011230407 -0.654769659 -0.001494959 0.999986827 0.004915674 -2.000392914 -0.011223182 -0.004932148 0.999924839 140.765716553
0.999948978 0.000738639 0.010074650 -0.647722244 -0.000784095 0.999989510 0.004508699 -2.020391941 -0.010071214 -0.004516368 0.999939084 142.105422974
0.999958158 0.001077359 0.009082042 -0.645561337 -0.001115734 0.999990463 0.004221339 -2.039075136 -0.009077407 -0.004231296 0.999949872 143.445571899
0.999964416 -0.001624519 0.008278577 -0.646848917 0.001609476 0.999997020 0.001823426 -2.057011366 -0.008281514 -0.001810037 0.999964058 144.778488159
0.999946952 -0.007272599 0.007292693 -0.635560155 0.007264856 0.999972999 0.001087657 -2.072860003 -0.007300407 -0.001034619 0.999972820 146.152114868
0.999873102 -0.014623257 0.006318919 -0.627275050 0.014600352 0.999886751 0.003655855 -2.091636896 -0.006371664 -0.003563132 0.999973357 147.496871948
0.999747813 -0.021879846 0.005055496 -0.619689226 0.021851789 0.999745846 0.005539810 -2.116421938 -0.005175422 -0.005427941 0.999971867 148.850723267
0.999693215 -0.024451371 0.003953636 -0.603234828 0.024444664 0.999699652 0.001735873 -2.128030777 -0.003994893 -0.001638695 0.999990702 150.207550049
0.999696255 -0.024215212 0.004578943 -0.598971486 0.024222808 0.999705315 -0.001610685 -2.146558523 -0.004538591 0.001721110 0.999988198 151.563018799
0.999768734 -0.020902550 0.005057539 -0.602938414 0.020920424 0.999774992 -0.003507096 -2.177288532 -0.004983094 0.003612091 0.999981046 152.894729614
0.999765992 -0.020781936 0.006007280 -0.614019692 0.020802611 0.999777794 -0.003399936 -2.208097219 -0.005935288 0.003524108 0.999976158 154.213241577
0.999693513 -0.023914373 0.006402218 -0.597214580 0.023916112 0.999713957 -0.000195371 -2.225061655 -0.006395715 0.000348428 0.999979496 155.602355957
0.999545991 -0.029280411 0.007107188 -0.583234310 0.029263113 0.999568582 0.002525966 -2.245751381 -0.007178083 -0.002316841 0.999971569 156.967086792
0.999435365 -0.032827824 0.007164584 -0.578401208 0.032798342 0.999453187 0.004194871 -2.269493341 -0.007298375 -0.003957515 0.999965549 158.298645020
0.999397337 -0.033933487 0.007314357 -0.571251512 0.033905413 0.999417305 0.003928283 -2.284233093 -0.007443395 -0.003677920 0.999965549 159.639770508
0.999459863 -0.031720832 0.008588805 -0.576895475 0.031682484 0.999487579 0.004564743 -2.302194595 -0.008729201 -0.004290164 0.999952674 160.989700317
0.999567449 -0.027815420 0.009548330 -0.574841857 0.027783128 0.999607861 0.003498259 -2.318084240 -0.009641891 -0.003231464 0.999948323 162.337066650
0.999641478 -0.024705978 0.010320864 -0.564988852 0.024689155 0.999693632 0.001754296 -2.340811253 -0.010361043 -0.001498853 0.999945223 163.703582764
0.999708652 -0.021509020 0.010953894 -0.554802299 0.021499867 0.999768376 0.000952613 -2.357363224 -0.010971846 -0.000716828 0.999939561 165.058868408
0.999751985 -0.019103851 0.011447191 -0.548430562 0.019079406 0.999815464 0.002241026 -2.380482435 -0.011487892 -0.002022065 0.999931991 166.414840698
0.999795556 -0.017263275 0.010526614 -0.527120709 0.017246794 0.999849916 0.001654244 -2.401754618 -0.010553592 -0.001472355 0.999943197 167.783889771
0.999823987 -0.015571125 0.010466781 -0.526840687 0.015579090 0.999878407 -0.000679896 -2.420367002 -0.010454921 0.000842839 0.999944985 169.147079468
0.999876916 -0.012222080 0.009838310 -0.525016308 0.012256089 0.999919116 -0.003403845 -2.442511320 -0.009795913 0.003524005 0.999945819 170.488891602
0.999929965 -0.006651699 0.009791445 -0.523107886 0.006693657 0.999968529 -0.004258720 -2.479642391 -0.009762810 0.004323962 0.999943018 171.853576660
0.999945939 -0.002213955 0.010157610 -0.522965312 0.002244164 0.999993086 -0.002963588 -2.509050369 -0.010150978 0.002986224 0.999944031 173.222381592
0.999942124 0.000792541 0.010730087 -0.526145816 -0.000780555 0.999999046 -0.001121230 -2.531232595 -0.010730966 0.001112790 0.999941826 174.582077026
0.999934673 0.002345391 0.011187735 -0.528803229 -0.002353506 0.999996960 0.000712253 -2.548665285 -0.011186031 -0.000738537 0.999937177 175.955703735
0.999948263 -0.001908326 0.009991807 -0.522148132 0.001887506 0.999996006 0.002092750 -2.575992584 -0.009995760 -0.002073782 0.999947906 177.316604614
0.999962807 -0.003242515 0.007994072 -0.507487297 0.003230534 0.999993622 0.001511198 -2.583551884 -0.007998921 -0.001485317 0.999966919 178.706848145
0.999970615 -0.003946870 0.006570199 -0.512251139 0.003960846 0.999989927 -0.002115502 -2.617534876 -0.006561783 0.002141463 0.999976158 180.082641602
0.999986112 -0.002164282 0.004800249 -0.502969861 0.002195822 0.999975979 -0.006575072 -2.638759613 -0.004785904 0.006585521 0.999966860 181.482254028
0.999987364 0.002731269 0.004224131 -0.502243638 -0.002700880 0.999970555 -0.007183127 -2.671966553 -0.004243626 0.007171627 0.999965250 182.878387451
0.999971569 0.006415594 0.003956772 -0.510443151 -0.006390453 0.999959528 -0.006334046 -2.698845625 -0.003997249 0.006308581 0.999972105 184.285278320
0.999958694 0.008093289 0.004137047 -0.516349018 -0.008082030 0.999963582 -0.002730836 -2.727960587 -0.004158997 0.002697288 0.999987721 185.696578979
0.999948800 0.009154060 0.004313927 -0.517276824 -0.009151889 0.999957979 -0.000522687 -2.755090714 -0.004318530 0.000483180 0.999990582 187.081420898
0.999954879 0.008520917 0.004195786 -0.514272153 -0.008520706 0.999963701 -0.000068286 -2.765978813 -0.004196215 0.000032532 0.999991179 188.515136719
0.999970198 0.006695997 0.003841094 -0.508439422 -0.006697048 0.999977529 0.000260724 -2.781794071 -0.003839262 -0.000286440 0.999992609 189.969955444
0.999982655 0.004292692 0.004034804 -0.504493892 -0.004296581 0.999990284 0.000955702 -2.808162928 -0.004030662 -0.000973021 0.999991417 191.409286499
0.999988854 0.001551431 0.004460002 -0.507997215 -0.001556106 0.999998271 0.001044810 -2.828925848 -0.004458373 -0.001051739 0.999989510 192.838027954
0.999988317 -0.001496532 0.004599353 -0.503883362 0.001486485 0.999996483 0.002186934 -2.850975037 -0.004602610 -0.002180072 0.999987006 194.232620239
0.999967396 -0.005917131 0.005500248 -0.503221273 0.005896338 0.999975443 0.003788897 -2.871729851 -0.005522532 -0.003756342 0.999977708 195.674270630
0.999940813 -0.009531956 0.005242596 -0.481274724 0.009510602 0.999946415 0.004083078 -2.898793221 -0.005281235 -0.004032976 0.999977946 197.122070312
0.999959469 -0.006827378 0.005865783 -0.485901952 0.006831647 0.999976397 -0.000708163 -2.912191868 -0.005860810 0.000748207 0.999982536 198.553390503
0.999980509 0.000357886 0.006234919 -0.499649882 -0.000322955 0.999984264 -0.005602562 -2.934929848 -0.006236826 0.005600439 0.999964893 199.964462280
0.999925554 0.009157911 0.008063608 -0.513977766 -0.009114723 0.999944031 -0.005376515 -2.968991995 -0.008112393 0.005302616 0.999953032 201.399276733
0.999809980 0.017223328 0.009127325 -0.528954148 -0.017205048 0.999849796 -0.002077507 -2.989583731 -0.009161736 0.001920076 0.999956191 202.832717896
0.999788284 0.018097337 0.009791448 -0.530517817 -0.018101316 0.999836087 0.000317889 -3.017168760 -0.009784089 -0.000495060 0.999952018 204.242294312
0.999828339 0.016089490 0.009188458 -0.518563151 -0.016095057 0.999870300 0.000532222 -3.033695698 -0.009178704 -0.000680019 0.999957621 205.691207886
0.999888480 0.012698045 0.007858444 -0.507649183 -0.012704168 0.999919057 0.000729768 -3.060758591 -0.007848541 -0.000829522 0.999968827 207.131759644
0.999920130 0.010699532 0.006730774 -0.512403488 -0.010700732 0.999942720 0.000142228 -3.078001261 -0.006728867 -0.000214241 0.999977350 208.595443726
0.999918044 0.010921893 0.006680550 -0.512437224 -0.010920881 0.999940336 -0.000187890 -3.098980188 -0.006682203 0.000114917 0.999977648 210.066452026
0.999906003 0.012294951 0.006065861 -0.508450866 -0.012293711 0.999924421 -0.000241657 -3.121035337 -0.006068374 0.000167063 0.999981582 211.520614624
0.999901593 0.012622673 0.006123057 -0.507781506 -0.012627946 0.999919951 0.000823195 -3.149163961 -0.006112176 -0.000900436 0.999980927 212.980743408
0.999908090 0.012372173 0.005544814 -0.506749630 -0.012373935 0.999923408 0.000283577 -3.172513247 -0.005540880 -0.000352162 0.999984562 214.456283569
0.999912143 0.012147618 0.005308912 -0.506637335 -0.012144289 0.999926031 -0.000658745 -3.200189114 -0.005316522 0.000594214 0.999985695 215.928436279
0.999926686 0.011142906 0.004744322 -0.500977159 -0.011137576 0.999937296 -0.001148425 -3.218432665 -0.004756821 0.001095501 0.999988079 217.399963379
0.999919057 0.011887705 0.004531807 -0.508387685 -0.011881245 0.999928355 -0.001449682 -3.238890648 -0.004548716 0.001395721 0.999988675 218.876571655
0.999912500 0.012434876 0.004506975 -0.515247285 -0.012427977 0.999921560 -0.001555382 -3.266400337 -0.004525963 0.001499234 0.999988616 220.351150513
0.999911606 0.012648191 0.004103126 -0.521539509 -0.012640386 0.999918282 -0.001922561 -3.289766073 -0.004127108 0.001870526 0.999989748 221.830749512
0.999899626 0.013435912 0.004498878 -0.537613273 -0.013427514 0.999908030 -0.001892025 -3.318263292 -0.004523885 0.001831427 0.999988079 223.266723633
0.999900579 0.013470487 0.004173592 -0.539570212 -0.013461044 0.999906778 -0.002282262 -3.340352058 -0.004203946 0.002225854 0.999988675 224.747024536
0.999900758 0.013498541 0.004033324 -0.549711108 -0.013491268 0.999907315 -0.001824824 -3.373933792 -0.004057582 0.001770228 0.999990225 226.211288452
0.999909818 0.012707265 0.004348443 -0.559002459 -0.012698371 0.999917209 -0.002066897 -3.397138357 -0.004374348 0.002011492 0.999988437 227.710861206
0.999929905 0.011176789 0.003912003 -0.557547152 -0.011169053 0.999935627 -0.001993881 -3.427519798 -0.003934036 0.001950048 0.999990344 229.208755493
0.999938548 0.010125156 0.004517288 -0.569695950 -0.010119111 0.999947906 -0.001359032 -3.459683657 -0.004530813 0.001313237 0.999988854 230.700485229
0.999950230 0.008853287 0.004598709 -0.573964715 -0.008848866 0.999960363 -0.000980667 -3.479768515 -0.004607209 0.000939925 0.999988973 232.207489014
0.999949872 0.008781104 0.004815734 -0.578496695 -0.008777960 0.999961257 -0.000673630 -3.506031275 -0.004821462 0.000631324 0.999988198 233.710037231
0.999946356 0.009064032 0.005007539 -0.587920427 -0.009058351 0.999958277 -0.001156175 -3.535323143 -0.005017810 0.001110753 0.999986768 235.214431763
0.999940813 0.009548707 0.005209383 -0.589761138 -0.009540103 0.999953091 -0.001673894 -3.562993050 -0.005225122 0.001624097 0.999985039 236.727844238
0.999925077 0.010833753 0.005695800 -0.591507316 -0.010828523 0.999940932 -0.000948354 -3.589391470 -0.005705738 0.000886606 0.999983311 238.227386475
0.999912202 0.011458674 0.006658887 -0.602399826 -0.011466590 0.999933600 0.001151729 -3.614746571 -0.006645248 -0.001227982 0.999977171 239.749328613
0.999907017 0.011582495 0.007196421 -0.600937843 -0.011592886 0.999931812 0.001403952 -3.635576248 -0.007179669 -0.001487249 0.999973118 241.257568359
0.999907494 0.011292886 0.007582900 -0.593809962 -0.011295404 0.999936163 0.000289390 -3.663085938 -0.007579148 -0.000375015 0.999971211 242.744033813
0.999897420 0.011754812 0.008181161 -0.587907553 -0.011743411 0.999930024 -0.001440066 -3.682942629 -0.008197516 0.001343844 0.999965489 244.257690430
0.999889195 0.011919255 0.008919747 -0.589247704 -0.011913893 0.999928832 -0.000654068 -3.707380295 -0.008926908 0.000547726 0.999960005 245.792907715
0.999905765 0.011155582 0.007998337 -0.568145633 -0.011157419 0.999937713 0.000184973 -3.731500387 -0.007995775 -0.000274196 0.999967992 247.341873169
0.999895751 0.011845287 0.008257933 -0.572388887 -0.011850313 0.999929607 0.000560021 -3.756739855 -0.008250718 -0.000657821 0.999965727 248.860916138
0.999900758 0.011904615 0.007536442 -0.554536819 -0.011912460 0.999928534 0.000996830 -3.787505150 -0.007524036 -0.001086509 0.999971092 250.404495239
0.999885261 0.012998552 0.007775249 -0.550575256 -0.013007909 0.999914706 0.001154020 -3.808283806 -0.007759586 -0.001255027 0.999969125 251.946975708
0.999858379 0.014771774 0.008066622 -0.551409483 -0.014779774 0.999890327 0.000932966 -3.829838037 -0.008051956 -0.001052057 0.999967039 253.494293213
0.999854147 0.014926880 0.008296451 -0.547911167 -0.014939521 0.999887347 0.001463848 -3.855444670 -0.008273665 -0.001587580 0.999964535 255.041046143
0.999866724 0.014074061 0.008271339 -0.545260668 -0.014087172 0.999899626 0.001528957 -3.880564690 -0.008248990 -0.001645273 0.999964595 256.590820312
0.999888420 0.012560433 0.008087010 -0.535694361 -0.012576785 0.999918938 0.001974322 -3.898846626 -0.008061556 -0.002075810 0.999965370 258.122192383
0.999918878 0.010098320 0.007761979 -0.524014473 -0.010116660 0.999946117 0.002327278 -3.914399385 -0.007738058 -0.002405615 0.999967158 259.641418457
0.999935865 0.007749950 0.008257186 -0.543011904 -0.007768233 0.999967456 0.002184469 -3.937680960 -0.008239987 -0.002248473 0.999963522 261.140228271
0.999944568 0.006665855 0.008153187 -0.541504622 -0.006673800 0.999977291 0.000947661 -3.955274582 -0.008146685 -0.001002021 0.999966323 262.691192627
0.999947786 0.005276865 0.008752057 -0.533877134 -0.005298141 0.999983072 0.002409597 -3.977607250 -0.008739194 -0.002455841 0.999958813 264.248260498
0.999951184 0.002980825 0.009423160 -0.528298378 -0.003023570 0.999985218 0.004525094 -4.002809525 -0.009409532 -0.004553364 0.999945343 265.794769287
0.999955714 0.002244943 0.009136292 -0.511381388 -0.002276101 0.999991596 0.003401335 -4.020677567 -0.009128580 -0.003421980 0.999952495 267.391448975
0.999954343 0.001914222 0.009359839 -0.496679306 -0.001934430 0.999995828 0.002150463 -4.036388397 -0.009355684 -0.002168471 0.999953866 268.940643311
0.999948442 0.001945356 0.009967058 -0.486466408 -0.001962551 0.999996603 0.001715713 -4.059262753 -0.009963687 -0.001735186 0.999948859 270.483856201
0.999934375 0.003565395 0.010887761 -0.481864691 -0.003588430 0.999991357 0.002096866 -4.087104797 -0.010880191 -0.002135799 0.999938548 272.016510010
0.999915063 0.005420975 0.011853606 -0.485837698 -0.005441711 0.999983728 0.001717805 -4.110112667 -0.011844100 -0.001782163 0.999928296 273.535156250
0.999898255 0.006362231 0.012768430 -0.472440243 -0.006383146 0.999978364 0.001597893 -4.135790348 -0.012757988 -0.001679233 0.999917209 275.093475342
0.999876797 0.008247459 0.013356218 -0.455467701 -0.008257719 0.999965668 0.000713222 -4.150383949 -0.013349877 -0.000823426 0.999910533 276.636871338
0.999868214 0.008325411 0.013935557 -0.445450783 -0.008329106 0.999965310 0.000207110 -4.181366920 -0.013933348 -0.000323154 0.999902844 278.177307129
0.999862611 0.006971663 0.015038303 -0.423545361 -0.006973466 0.999975681 0.000067472 -4.209328651 -0.015037467 -0.000172332 0.999886930 279.694030762
0.999858260 0.006350813 0.015591257 -0.403784275 -0.006354542 0.999979794 0.000189650 -4.231796741 -0.015589737 -0.000288699 0.999878407 281.268493652
0.999858856 0.005392161 0.015912896 -0.375767708 -0.005413041 0.999984562 0.001269301 -4.258551121 -0.015905805 -0.001355259 0.999872565 282.852569580
0.999859929 0.004492169 0.016123664 -0.355659008 -0.004513001 0.999989033 0.001255829 -4.281333923 -0.016117845 -0.001328419 0.999869227 284.404968262
0.999863684 0.003923546 0.016038412 -0.331587791 -0.003906640 0.999991775 -0.001085282 -4.306944847 -0.016042538 0.001022478 0.999870777 285.983703613
0.999875188 0.002239303 0.015637726 -0.307936192 -0.002187918 0.999992132 -0.003302326 -4.333326340 -0.015644997 0.003267700 0.999872267 287.544372559
0.999885619 0.002802019 0.014864598 -0.285855770 -0.002757158 0.999991596 -0.003037561 -4.369467258 -0.014872985 0.002996230 0.999884903 289.102813721
0.999897659 0.001501955 0.014228731 -0.271003246 -0.001462730 0.999995112 -0.002766760 -4.398714066 -0.014232817 0.002745664 0.999894917 290.650512695
0.999908864 0.001503964 0.013418525 -0.265801668 -0.001456072 0.999992549 -0.003578184 -4.423709393 -0.013423807 0.003558319 0.999903560 292.195526123
0.999917328 0.001606480 0.012758274 -0.252955437 -0.001557152 0.999991298 -0.003875338 -4.453220844 -0.012764388 0.003855151 0.999911129 293.768646240
0.999928594 0.001621702 0.011841787 -0.234147787 -0.001579950 0.999992490 -0.003534370 -4.484053135 -0.011847430 0.003515408 0.999923646 295.346374512
0.999940574 0.001246299 0.010832487 -0.224305868 -0.001211175 0.999993980 -0.003248437 -4.518418789 -0.010836471 0.003235124 0.999936044 296.902343750
0.999950409 0.001060897 0.009902831 -0.218833685 -0.001045425 0.999998212 -0.001567359 -4.553836346 -0.009904477 0.001556929 0.999949753 298.467681885
0.999955058 0.002543530 0.009135759 -0.206455946 -0.002539320 0.999996662 -0.000472353 -4.578674793 -0.009136929 0.000449133 0.999958158 300.025604248
0.999948084 0.002609791 0.009851246 -0.196642160 -0.002604265 0.999996424 -0.000573699 -4.595166206 -0.009852708 0.000548014 0.999951303 301.625335693
0.999937654 0.003061264 0.010737565 -0.188844442 -0.003056670 0.999995232 -0.000444161 -4.628029823 -0.010738873 0.000411312 0.999942243 303.222839355
0.999934971 0.001802501 0.011261072 -0.182429552 -0.001793642 0.999998093 -0.000796726 -4.650298595 -0.011262487 0.000776476 0.999936283 304.798248291
0.999936402 -0.000074913 0.011279877 -0.162130356 0.000091027 0.999998987 -0.001428061 -4.683406353 -0.011279759 0.001428997 0.999935389 306.385681152
0.999927819 -0.001199436 0.011955877 -0.154186726 0.001243041 0.999992609 -0.003640371 -4.705595016 -0.011951421 0.003654969 0.999921918 307.964965820
0.999931455 -0.001786589 0.011573501 -0.141151190 0.001837483 0.999988675 -0.004388368 -4.737806320 -0.011565530 0.004409333 0.999923408 309.563873291
0.999955833 -0.001028228 0.009343797 -0.134968758 0.001081950 0.999982893 -0.005746246 -4.762967110 -0.009337729 0.005756102 0.999939859 311.173553467
0.999972999 -0.000169781 0.007347020 -0.129726171 0.000206917 0.999987185 -0.005054021 -4.795429230 -0.007346068 0.005055405 0.999960244 312.774932861
0.999976337 0.000812952 0.006828384 -0.125279903 -0.000800597 0.999998033 -0.001811877 -4.826062679 -0.006829844 0.001806367 0.999975026 314.402893066
0.999970019 0.000184326 0.007739517 -0.111707926 -0.000193490 0.999999285 0.001183369 -4.848804951 -0.007739293 -0.001184831 0.999969363 316.058593750
0.999972284 -0.000819331 0.007401872 -0.099516153 0.000806367 0.999998152 0.001754131 -4.869781971 -0.007403295 -0.001748114 0.999971092 317.687042236
0.999965072 -0.001905900 0.008139580 -0.099954605 0.001902906 0.999998093 0.000375633 -4.890974998 -0.008140281 -0.000360131 0.999966800 319.318237305
0.999957144 -0.003654673 0.008509497 -0.097630501 0.003647930 0.999993026 0.000807764 -4.917922020 -0.008512390 -0.000776687 0.999963462 320.930236816
0.999946177 -0.003338074 0.009824086 -0.119863510 0.003327287 0.999993861 0.001114130 -4.940622807 -0.009827745 -0.001081383 0.999951124 322.536834717
0.999941885 -0.003140741 0.010313971 -0.108748674 0.003129976 0.999994516 0.001059756 -4.966601849 -0.010317243 -0.001027412 0.999946237 324.161254883
0.999942362 -0.002279304 0.010492056 -0.099754333 0.002279290 0.999997377 0.000013321 -4.990890026 -0.010492058 0.000010594 0.999944985 325.784576416
0.999936521 -0.000662604 0.011247547 -0.090377808 0.000671746 0.999999464 -0.000809077 -5.018161297 -0.011247005 0.000816581 0.999936402 327.393829346
0.999931753 -0.002398204 0.011431498 -0.070438385 0.002383293 0.999996305 0.001317831 -5.047780991 -0.011434616 -0.001290497 0.999933779 329.034881592
0.999924302 -0.003787128 0.011704692 -0.066588163 0.003761432 0.999990463 0.002216600 -5.072686672 -0.011712975 -0.002172405 0.999929070 330.646789551
0.999922454 -0.005458187 0.011191238 -0.043010950 0.005445857 0.999984503 0.001131957 -5.100538254 -0.011197243 -0.001070924 0.999936759 332.278625488
0.999934137 -0.004215003 0.010672755 -0.018329144 0.004203072 0.999990523 0.001140116 -5.126369953 -0.010677460 -0.001095182 0.999942422 333.925384521
0.999941945 -0.002569002 0.010464922 -0.015818596 0.002576618 0.999996424 -0.000714374 -5.155713558 -0.010463049 0.000741296 0.999944985 335.535430908
0.999950767 -0.000836334 0.009889067 -0.012220383 0.000871104 0.999993443 -0.003512222 -5.186556816 -0.009886065 0.003520663 0.999944925 337.134124756
0.999962151 0.000647118 0.008676637 -0.005146980 -0.000618088 0.999994218 -0.003348082 -5.213374615 -0.008678754 0.003342592 0.999956727 338.765228271
0.999971569 0.001280765 0.007431036 -0.000995398 -0.001281182 0.999999166 0.000051406 -5.242408276 -0.007430964 -0.000060925 0.999972403 340.349243164
0.999975920 0.002227912 0.006569945 0.003675699 -0.002251070 0.999991298 0.003519499 -5.278499603 -0.006562046 -0.003534203 0.999972224 341.947967529
0.999981046 0.003073264 0.005336288 -0.000686526 -0.003083557 0.999993384 0.001921711 -5.299977779 -0.005330347 -0.001938129 0.999983907 343.535186768
0.999991357 0.002301876 0.003455934 0.000123382 -0.002302437 0.999997318 0.000158235 -5.323581696 -0.003455561 -0.000166191 0.999994040 345.126892090
0.999999106 0.000552833 0.001220018 0.007866025 -0.000554852 0.999998450 0.001654882 -5.352612972 -0.001219102 -0.001655558 0.999997914 346.739074707
0.999999881 -0.000521382 0.000088372 0.006527601 0.000521199 0.999997735 0.002064675 -5.376904964 -0.000089448 -0.002064629 0.999997854 348.341430664
0.999999762 -0.000648371 -0.000151934 -0.018490300 0.000648590 0.999998748 0.001449001 -5.401845932 0.000150994 -0.001449100 0.999998927 349.896636963
0.999997437 -0.002223756 -0.000477503 -0.020945787 0.002224158 0.999997199 0.000844404 -5.433743477 0.000475624 -0.000845464 0.999999523 351.486419678
0.999996781 -0.002328424 -0.001016307 -0.020233452 0.002328534 0.999997258 0.000106715 -5.452182293 0.001016056 -0.000109081 0.999999464 353.086730957
0.999995291 -0.002869951 -0.001104550 -0.028951526 0.002869628 0.999995828 -0.000294036 -5.474013805 0.001105390 0.000290865 0.999999344 354.670593262
0.999993384 -0.003348916 -0.001414054 -0.033321530 0.003347734 0.999994040 -0.000837681 -5.502984047 0.001416851 0.000832942 0.999998629 356.266662598
0.999997377 -0.002253902 -0.000386013 -0.065403849 0.002253294 0.999996245 -0.001569253 -5.532822609 0.000389548 0.001568379 0.999998689 357.877960205
0.999994874 -0.003187264 -0.000313717 -0.072687343 0.003186859 0.999994099 -0.001284281 -5.561279297 0.000317809 0.001283275 0.999999106 359.454589844
0.999994159 -0.003326711 -0.000796801 -0.072861865 0.003325247 0.999992788 -0.001831228 -5.592257500 0.000802888 0.001828568 0.999998033 361.050781250
0.999987304 -0.004966258 -0.000873573 -0.078818053 0.004963298 0.999982059 -0.003358545 -5.619631767 0.000890237 0.003354167 0.999993980 362.643646240
0.999978304 -0.006484261 -0.001147890 -0.082754821 0.006482573 0.999977887 -0.001468636 -5.650245667 0.001157387 0.001461163 0.999998271 364.266601562
0.999963760 -0.008327937 -0.001777402 -0.073280632 0.008326634 0.999965072 -0.000739594 -5.678100109 0.001783499 0.000724768 0.999998152 365.863189697
0.999965131 -0.008304984 -0.000884853 -0.100124314 0.008303167 0.999963462 -0.002037911 -5.701876163 0.000901745 0.002030493 0.999997556 367.449584961
0.999977589 -0.006697348 0.000059224 -0.120944895 0.006697509 0.999971986 -0.003345415 -5.718039989 -0.000036817 0.003345737 0.999994397 369.061706543
0.999982536 -0.005884639 0.000591550 -0.132594049 0.005885666 0.999981165 -0.001750558 -5.765161991 -0.000581237 0.001754009 0.999998271 370.656219482
0.999991059 -0.004157541 0.000762019 -0.139055669 0.004158248 0.999990940 -0.000928749 -5.790014744 -0.000758151 0.000931909 0.999999285 372.258422852
0.999989510 -0.004537134 0.000623449 -0.136401311 0.004537537 0.999989510 -0.000645466 -5.829407692 -0.000620514 0.000648288 0.999999583 373.872558594
0.999990761 -0.004139024 0.001178713 -0.158621281 0.004141301 0.999989569 -0.001935515 -5.848088264 -0.001170690 0.001940379 0.999997437 375.464355469
0.999990046 -0.004152201 0.001617742 -0.157554805 0.004155166 0.999989688 -0.001833779 -5.879235268 -0.001610111 0.001840483 0.999997020 377.100067139
0.999989867 -0.004120125 0.001825452 -0.150831521 0.004123386 0.999989927 -0.001785810 -5.910211563 -0.001818075 0.001793319 0.999996722 378.726257324
0.999994814 -0.002449672 0.002078988 -0.165776312 0.002453891 0.999994934 -0.002029345 -5.935276031 -0.002074006 0.002034436 0.999995768 380.373901367
0.999996781 -0.000573299 0.002467682 -0.171051204 0.000577100 0.999998629 -0.001539754 -5.964217663 -0.002466796 0.001541173 0.999995768 381.985504150
0.999994755 0.000958931 0.003091486 -0.186410904 -0.000953646 0.999998093 -0.001710449 -5.996136665 -0.003093121 0.001707491 0.999993742 383.609924316
