1.000000000 0.000000000 0.000000000 0.000000000 0.000000000 1.000000000 0.000000000 0.000000000 0.000000000 0.000000000 1.000000000 0.000000000
0.999997735 -0.001586968 -0.001435062 -0.002516293 0.001585602 0.999998271 -0.000952244 -0.007375529 0.001436571 0.000949967 0.999998510 0.564066052
0.999995470 -0.001818355 -0.002400972 -0.007899408 0.001812116 0.999994993 -0.002598400 -0.017383974 0.002405685 0.002594037 0.999993742 1.119465113
0.999986589 -0.002499534 -0.004541465 -0.009045892 0.002483424 0.999990642 -0.003549567 -0.035004541 0.004550295 0.003538241 0.999983370 1.684697986
0.999970317 -0.004332632 -0.006366960 -0.020548090 0.004297403 0.999975443 -0.005536428 -0.041276291 0.006390791 0.005508902 0.999964416 2.251330376
0.999944687 -0.006735752 -0.008080102 -0.017685024 0.006674624 0.999949098 -0.007568464 -0.056584917 0.008130670 0.007514113 0.999938726 2.829431057
0.999923289 -0.007866669 -0.009569477 -0.025416125 0.007788210 0.999935985 -0.008208772 -0.068690225 0.009633441 0.008133614 0.999920547 3.402446747
0.999907315 -0.008168226 -0.010892410 -0.036311865 0.008087127 0.999939382 -0.007468916 -0.080198310 0.010952758 0.007380136 0.999912798 3.986503124
0.999892771 -0.008584249 -0.011863022 -0.048646428 0.008490552 0.999932528 -0.007926106 -0.094391845 0.011930261 0.007824532 0.999898195 4.578762531
0.999880850 -0.008052380 -0.013169265 -0.056304611 0.007911850 0.999911547 -0.010688585 -0.110080883 0.013254169 0.010583119 0.999856174 5.173329830
0.999875963 -0.006429474 -0.014377428 -0.073897459 0.006224180 0.999878705 -0.014278376 -0.128863081 0.014467486 0.014187116 0.999794662 5.769162655
0.999862492 -0.005227439 -0.015737087 -0.089221731 0.004943714 0.999825537 -0.018014275 -0.140946329 0.015828509 0.017933998 0.999713898 6.383853436
0.999852002 -0.003339728 -0.016876765 -0.107592560 0.003036971 0.999834597 -0.017933184 -0.156069815 0.016933866 0.017879276 0.999696732 7.011414051
0.999836147 -0.000930239 -0.018076671 -0.119384810 0.000725346 0.999935448 -0.011337949 -0.163422570 0.018086052 0.011322980 0.999772310 7.652681828
0.999827743 0.000086077 -0.018558856 -0.138469145 -0.000094094 0.999999881 -0.000431054 -0.180582538 0.018558817 0.000432726 0.999827683 8.310611725
0.999809802 0.000736864 -0.019489055 -0.159628570 -0.000616208 0.999980628 0.006196208 -0.191555798 0.019493245 -0.006183020 0.999790847 9.001800537
0.999777138 0.003302322 -0.020850252 -0.178559750 -0.003198314 0.999982297 0.005019727 -0.205171853 0.020866461 -0.004951923 0.999769986 9.693798065
0.999757528 0.005249389 -0.021384541 -0.204239234 -0.005296855 0.999983609 -0.002163640 -0.210892066 0.021372834 0.002276386 0.999768972 10.385826111
0.999729455 0.004904398 -0.022736697 -0.218780130 -0.005086985 0.999955237 -0.007979619 -0.212767094 0.022696543 0.008093122 0.999709666 11.084153175
0.999710977 0.002467892 -0.023913752 -0.236605480 -0.002624017 0.999975443 -0.006499492 -0.214574069 0.023897124 0.006560364 0.999692917 11.820341110
0.999707401 0.001887251 -0.024114311 -0.261442810 -0.001823310 0.999994755 0.002673288 -0.223384172 0.024119230 -0.002628538 0.999705613 12.579423904
0.999703228 0.001515591 -0.024312994 -0.285688192 -0.001269149 0.999947727 0.010148447 -0.229340017 0.024327103 -0.010114579 0.999652863 13.355565071
0.999686539 0.000389188 -0.025033200 -0.303714901 -0.000076846 0.999922156 0.012476861 -0.228662282 0.025036108 -0.012471027 0.999608755 14.134181023
0.999679983 -0.001388315 -0.025258236 -0.321717799 0.001678513 0.999932766 0.011471675 -0.228635058 0.025240611 -0.011510400 0.999615133 14.937344551
0.999695122 -0.001952483 -0.024613181 -0.349458843 0.002172590 0.999957860 0.008919071 -0.227188095 0.024594730 -0.008969827 0.999657273 15.766188622
0.999714434 0.000834431 -0.023881590 -0.376738936 -0.000699869 0.999983847 0.005642370 -0.229620874 0.023885913 -0.005624045 0.999698877 16.601766586
0.999727070 -0.002625608 -0.023213046 -0.394331872 0.002623146 0.999996543 -0.000136538 -0.232864574 0.023213325 0.000075609 0.999730527 17.454967499
0.999729395 -0.005438238 -0.022618188 -0.409524620 0.005298880 0.999966621 -0.006216729 -0.245822787 0.022651240 0.006095196 0.999724865 18.315891266
0.999752700 -0.004628774 -0.021752363 -0.429131508 0.004380030 0.999924660 -0.011469046 -0.260718048 0.021803811 0.011370934 0.999697626 19.210956573
0.999765754 -0.003361007 -0.021381428 -0.456297308 0.003096674 0.999918520 -0.012383872 -0.274625987 0.021421310 0.012314759 0.999694705 20.116827011
0.999748111 -0.003369795 -0.022189340 -0.473965853 0.003110020 0.999926329 -0.011731335 -0.294625580 0.022227237 0.011659371 0.999684930 21.053142548
0.999758244 -0.001451052 -0.021940941 -0.507692158 0.001164445 0.999913931 -0.013069795 -0.322187483 0.021958018 0.013041086 0.999673843 22.001739502
0.999751925 0.001508632 -0.022222461 -0.523841262 -0.001844962 0.999883950 -0.015121978 -0.343197644 0.022197070 0.015159226 0.999638677 22.939640045
0.999737024 0.004754700 -0.022432614 -0.552957296 -0.005113701 0.999859333 -0.015973426 -0.365888327 0.022353509 0.016083939 0.999620736 23.904874802
0.999728262 0.006435110 -0.022405226 -0.586124361 -0.006790879 0.999851465 -0.015839158 -0.394487560 0.022299971 0.015987005 0.999623477 24.882354736
0.999725223 0.007858458 -0.022085108 -0.624934018 -0.008213316 0.999837875 -0.016023239 -0.421868056 0.021955609 0.016200228 0.999627709 25.874166489
0.999713063 0.007455265 -0.022763977 -0.640754700 -0.007819099 0.999842465 -0.015935935 -0.448679805 0.022641584 0.016109357 0.999613822 26.847757339
0.999691904 0.009092707 -0.023097049 -0.673394620 -0.009432270 0.999848425 -0.014635420 -0.482520282 0.022960473 0.014848769 0.999626100 27.855566025
0.999679923 0.009653741 -0.023384070 -0.700080514 -0.009948463 0.999872148 -0.012520172 -0.510134518 0.023260213 0.012748800 0.999648154 28.872119904
0.999664724 0.010338418 -0.023738133 -0.728562415 -0.010606422 0.999881089 -0.011191996 -0.539171994 0.023619602 0.011440020 0.999655545 29.892536163
0.999671161 0.010122563 -0.023561757 -0.756012678 -0.010419305 0.999867499 -0.012505715 -0.563521922 0.023432046 0.012747100 0.999644160 30.946144104
0.999652326 0.011132609 -0.023902869 -0.788733602 -0.011456097 0.999844074 -0.013439388 -0.597968757 0.023749527 0.013708549 0.999623954 32.000064850
0.999651611 0.010747417 -0.024108000 -0.821331143 -0.011049804 0.999861479 -0.012445084 -0.625280499 0.023970909 0.012707137 0.999631882 33.034542084
0.999637544 0.010598227 -0.024747670 -0.852229238 -0.010849461 0.999890745 -0.010039710 -0.647768378 0.024638563 0.010304571 0.999643326 34.089756012
0.999632120 0.010375109 -0.025060179 -0.888313234 -0.010537973 0.999924123 -0.006375639 -0.674328387 0.024992129 0.006637377 0.999665618 35.141345978
0.999623656 0.010054896 -0.025524326 -0.923322499 -0.010158027 0.999940753 -0.003914031 -0.698857605 0.025483457 0.004171835 0.999666512 36.217437744
0.999610305 0.010324924 -0.025934460 -0.957407951 -0.010418276 0.999939740 -0.003466987 -0.716648102 0.025897101 0.003735828 0.999657631 37.289646149
0.999596000 0.009647669 -0.026736075 -0.984169602 -0.009776395 0.999941230 -0.004688150 -0.741176069 0.026689274 0.004947638 0.999631524 38.382415771
0.999575019 0.010208162 -0.027305838 -1.024619460 -0.010353895 0.999932885 -0.005200969 -0.760955691 0.027250912 0.005481480 0.999613583 39.450874329
0.999554336 0.009719809 -0.028225677 -1.049893856 -0.009835448 0.999943793 -0.003961038 -0.784360051 0.028185589 0.004236885 0.999593735 40.559211731
0.999524891 0.010390285 -0.029017275 -1.088424921 -0.010461509 0.999942601 -0.002303788 -0.798711479 0.028991673 0.002606258 0.999576271 41.645988464
0.999517798 0.009852665 -0.029447189 -1.130435944 -0.009841498 0.999951422 0.000524151 -0.826194286 0.029450923 -0.000234094 0.999566197 42.737998962
0.999492466 0.011368904 -0.029757325 -1.175030828 -0.011361838 0.999935389 0.000406531 -0.848136485 0.029760024 -0.000068226 0.999557078 43.813270569
0.999458969 0.013133011 -0.030154612 -1.220845103 -0.013235864 0.999907255 -0.003213814 -0.868597746 0.030109607 0.003611197 0.999540091 44.887474060
0.999444723 0.014414330 -0.030040780 -1.261639714 -0.014649617 0.999863625 -0.007626932 -0.885533154 0.029926745 0.008062783 0.999519587 45.969638824
0.999443889 0.014793151 -0.029885367 -1.302677870 -0.015030829 0.999857068 -0.007744060 -0.911371112 0.029766534 0.008188955 0.999523342 47.050621033
0.999422669 0.015263436 -0.030353149 -1.337306499 -0.015422652 0.999868453 -0.005018224 -0.937837839 0.030272562 0.005483453 0.999526620 48.143764496
0.999427021 0.015210346 -0.030236775 -1.376876354 -0.015295037 0.999879718 -0.002571582 -0.968496621 0.030194024 0.003032581 0.999539435 49.243843079
0.999453306 0.013958358 -0.029971115 -1.416490316 -0.014016610 0.999900281 -0.001734364 -0.985527039 0.029943919 0.002153509 0.999549270 50.331665039
0.999456704 0.013913249 -0.029877495 -1.447457552 -0.013993388 0.999899030 -0.002474845 -1.008746386 0.029840045 0.002891588 0.999550521 51.422504425
0.999470234 0.013279720 -0.029713362 -1.483895302 -0.013421355 0.999899447 -0.004572321 -1.027379036 0.029649656 0.004968693 0.999548018 52.510829926
0.999479532 0.012981170 -0.029531371 -1.513442516 -0.013182101 0.999891222 -0.006619492 -1.049449205 0.029442228 0.007005332 0.999541938 53.598392487
0.999493003 0.012501161 -0.029281497 -1.552403688 -0.012771061 0.999877512 -0.009048593 -1.081447840 0.029164793 0.009417961 0.999530256 54.702144623
0.999528050 0.010059740 -0.029025653 -1.585614443 -0.010418075 0.999871075 -0.012220760 -1.114498377 0.028898973 0.012517383 0.999503970 55.785682678
0.999543846 0.008398720 -0.029010283 -1.615025282 -0.008808929 0.999862611 -0.014041397 -1.144676208 0.028888367 0.014290541 0.999480486 56.873336792
0.999566436 0.006841949 -0.028638847 -1.648209929 -0.007174042 0.999908030 -0.011509253 -1.177530646 0.028557468 0.011709719 0.999523580 57.961753845
0.999582589 0.005785506 -0.028304499 -1.686025977 -0.005942744 0.999967337 -0.005474255 -1.207825184 0.028271904 0.005640177 0.999584377 59.064033508
0.999593079 0.004322722 -0.028195370 -1.715101719 -0.004315312 0.999990642 0.000323632 -1.227879882 0.028196504 -0.000201829 0.999602377 60.156387329
0.999610722 0.002805662 -0.027759448 -1.753596187 -0.002787941 0.999995887 0.000677077 -1.243574023 0.027761234 -0.000599422 0.999614418 61.252628326
0.999609828 -0.000412499 -0.027928594 -1.780266404 0.000349448 0.999997377 -0.002262441 -1.259932280 0.027929455 0.002251799 0.999607384 62.347534180
0.999616206 -0.001922420 -0.027635492 -1.818634987 0.001767377 0.999982595 -0.005633628 -1.278859138 0.027645839 0.005582624 0.999602199 63.435497284
0.999630809 0.000818978 -0.027158992 -1.871845841 -0.001072556 0.999955952 -0.009323516 -1.315977812 0.027150160 0.009349204 0.999587655 64.532836914
0.999631226 0.000937575 -0.027138716 -1.903228998 -0.001310756 0.999904811 -0.013736353 -1.340169430 0.027123254 0.013766860 0.999537289 65.625999451
0.999644697 0.004116925 -0.026334187 -1.943074584 -0.004500696 0.999884307 -0.014530465 -1.368633032 0.026271319 0.014643825 0.999547601 66.717208862
0.999653518 0.007205911 -0.025316732 -1.975972056 -0.007485419 0.999911904 -0.010963106 -1.402073622 0.025235502 0.011148813 0.999619365 67.807670593
0.999644995 0.008632743 -0.025205426 -2.011664629 -0.008858874 0.999921381 -0.008873661 -1.428569794 0.025126841 0.009093802 0.999642909 68.904571533
0.999654889 0.007680870 -0.025122879 -2.044926643 -0.007880862 0.999937952 -0.007871225 -1.458126903 0.025060862 0.008066499 0.999653399 70.002464294
0.999653161 0.006688818 -0.025471658 -2.071393490 -0.006877194 0.999949574 -0.007315102 -1.482717395 0.025421442 0.007487739 0.999648809 71.105018616
0.999659121 0.005629926 -0.025494330 -2.106028795 -0.005775654 0.999967396 -0.005646090 -1.512731791 0.025461711 0.005791412 0.999659002 72.193756104
0.999658704 0.003900952 -0.025830466 -2.137439251 -0.003999600 0.999984920 -0.003768483 -1.536402941 0.025815375 0.003870509 0.999659240 73.296813965
0.999636173 0.003010500 -0.026804661 -2.170252562 -0.003072777 0.999992669 -0.002282475 -1.561062574 0.026797595 0.002364009 0.999638081 74.377426147
0.999625623 0.002597349 -0.027237276 -2.205187798 -0.002688214 0.999990940 -0.003299979 -1.588118553 0.027228458 0.003371963 0.999623537 75.467704773
0.999609470 0.002332191 -0.027847219 -2.238387823 -0.002531940 0.999971330 -0.007139941 -1.613165855 0.027829768 0.007207660 0.999586701 76.534729004
0.999579191 0.002870222 -0.028865002 -2.269537210 -0.003135925 0.999953091 -0.009163979 -1.639345646 0.028837346 0.009250641 0.999541283 77.613540649
0.999560058 0.004609647 -0.029298812 -2.311578035 -0.004822221 0.999962509 -0.007188842 -1.667238116 0.029264577 0.007326965 0.999544859 78.684104919
0.999535084 0.005897440 -0.029914763 -2.351764679 -0.005988834 0.999977648 -0.002966505 -1.688567758 0.029896598 0.003144280 0.999548078 79.758193970
0.999514461 0.006465929 -0.030480247 -2.391018867 -0.006436955 0.999978721 0.001048599 -1.715416193 0.030486381 -0.000851890 0.999534845 80.822547913
0.999484777 0.007731018 -0.031152235 -2.433868408 -0.007679330 0.999968946 0.001778518 -1.735211372 0.031165017 -0.001538374 0.999513090 81.890968323
0.999467492 0.007781128 -0.031689290 -2.473333120 -0.007808654 0.999969244 -0.000744947 -1.748874903 0.031682517 0.000992001 0.999497473 82.962295532
0.999476016 0.007437281 -0.031501606 -2.526501894 -0.007488508 0.999970794 -0.001508501 -1.771415353 0.031489469 0.001743611 0.999502540 84.027160645
0.999456525 0.006678313 -0.032280706 -2.558082342 -0.006736056 0.999975920 -0.001680337 -1.794423699 0.032268707 0.001896869 0.999477446 85.079986572
0.999431789 0.005298759 -0.033286680 -2.594833612 -0.005349288 0.999984682 -0.001429142 -1.812009931 0.033278596 0.001606390 0.999444842 86.126739502
0.999403179 0.004438217 -0.034257185 -2.624703884 -0.004461965 0.999989867 -0.000616807 -1.827214956 0.034254100 0.000769293 0.999412835 87.152770996
0.999400377 0.004653187 -0.034311354 -2.669230461 -0.004573092 0.999986649 0.002412471 -1.853355527 0.034322120 -0.002254115 0.999408305 88.156135559
0.999356031 0.003545588 -0.035707019 -2.709117174 -0.003416958 0.999987483 0.003662759 -1.878652573 0.035719555 -0.003538391 0.999355614 89.134773254
0.999295533 0.002278066 -0.037459504 -2.757814646 -0.002147168 0.999991477 0.003534254 -1.892326236 0.037467234 -0.003451333 0.999291897 90.094215393
0.999178708 0.001297250 -0.040500440 -2.801697969 -0.001190019 0.999995708 0.002671654 -1.912518978 0.040503733 -0.002621264 0.999175966 91.026123047
0.999024153 0.001130314 -0.044153277 -2.847101688 -0.001052805 0.999997854 0.001778653 -1.932346344 0.044155192 -0.001730433 0.999023199 91.944427490
0.998906672 0.001964894 -0.046708174 -2.872535944 -0.001861497 0.999995708 0.002257085 -1.957349062 0.046712410 -0.002167670 0.998906016 92.811882019
0.998753130 0.003064135 -0.049828075 -2.922193289 -0.002900044 0.999990106 0.003365112 -1.975173712 0.049837895 -0.003216413 0.998752117 93.677536011
0.998609900 0.003859187 -0.052567411 -2.981024742 -0.003617480 0.999982476 0.004692410 -1.993932605 0.052584596 -0.004495725 0.998606324 94.516830444
0.998425782 0.005248885 -0.055843040 -3.029037476 -0.004909027 0.999968588 0.006221387 -2.008530140 0.055873942 -0.005937458 0.998420179 95.334915161
0.998298228 0.006572107 -0.057943713 -3.092261553 -0.006171884 0.999955893 0.007083353 -2.025184155 0.057987709 -0.006713677 0.998294711 96.123016357
0.998114467 0.008687386 -0.060762506 -3.140918016 -0.008238064 0.999936879 0.007641342 -2.044904470 0.060825054 -0.007126369 0.998122990 96.897766113
0.997899711 0.010366510 -0.063943088 -3.188979864 -0.009976771 0.999929667 0.006411389 -2.058174610 0.064005055 -0.005759978 0.997932971 97.628936768
0.997729540 0.011671213 -0.066328809 -3.247015238 -0.011511482 0.999929845 0.002789857 -2.077711582 0.066356719 -0.002019980 0.997793913 98.318618774
0.997537136 0.014191856 -0.068689451 -3.309439898 -0.014292242 0.999897361 -0.000970213 -2.088796854 0.068668634 0.001949550 0.997637630 98.993171692
0.997351766 0.015900731 -0.070969358 -3.354347706 -0.016190037 0.999862790 -0.003503086 -2.109410286 0.070903920 0.004642805 0.997472346 99.635528564
0.997245073 0.017992670 -0.071961850 -3.403074503 -0.018355807 0.999821901 -0.004388080 -2.124586105 0.071870081 0.005696909 0.997397721 100.252029419
0.997274280 0.020416664 -0.070902705 -3.456199646 -0.020748334 0.999776959 -0.003944397 -2.139986038 0.070806362 0.005404758 0.997475445 100.835166931
0.997436106 0.024034828 -0.067406081 -3.507727861 -0.024266092 0.999702096 -0.002614113 -2.152855873 0.067323171 0.004243093 0.997722208 101.414672852
0.997669220 0.026548415 -0.062859356 -3.526470661 -0.026675038 0.999643445 -0.001175871 -2.168191433 0.062805727 0.002849906 0.998021722 101.960884094
0.998098433 0.027174730 -0.055326510 -3.558603048 -0.027144471 0.999630690 0.001298446 -2.187392473 0.055341363 0.000205832 0.998467445 102.472358704
0.998592556 0.027412938 -0.045402739 -3.582718372 -0.027266327 0.999620795 0.003845415 -2.200376272 0.045490939 -0.002602037 0.998961389 102.973999023
0.999067783 0.027053013 -0.033640642 -3.594787359 -0.026904363 0.999626160 0.004863723 -2.210444450 0.033759646 -0.003954109 0.999422133 103.449020386
0.999453306 0.026213838 -0.020146316 -3.596715212 -0.026117407 0.999646187 0.005034874 -2.221339703 0.020271171 -0.004505951 0.999784350 103.907386780
0.999646366 0.026126781 -0.004956907 -3.590987444 -0.026107635 0.999651551 0.003888667 -2.228937626 0.005056778 -0.003757879 0.999980152 104.345130920
0.999610841 0.024885116 0.012606723 -3.560584068 -0.024897618 0.999689639 0.000835599 -2.240060329 -0.012582016 -0.001149151 0.999920189 104.773277283
0.999118209 0.024511095 0.034089074 -3.537895918 -0.024409290 0.999696255 -0.003399493 -2.255655766 -0.034162045 0.002564406 0.999413013 105.191078186
0.998064697 0.022341928 0.058031585 -3.486734390 -0.021882789 0.999724090 -0.008535444 -2.262352467 -0.058206271 0.007249033 0.998278260 105.600433350
0.996142387 0.020102147 0.085418217 -3.432603836 -0.019186245 0.999749422 -0.011530077 -2.270918131 -0.085628591 0.009846744 0.996278465 106.012191772
0.993226647 0.017213972 0.114910781 -3.353024483 -0.015929451 0.999800026 -0.012087411 -2.291493416 -0.115095876 0.010175074 0.993302286 106.403442383
0.989060998 0.014905095 0.146752179 -3.254748344 -0.012879545 0.999808371 -0.014743108 -2.293929577 -0.146943793 0.012691732 0.989063442 106.785194397
0.982977450 0.012644737 0.183290601 -3.167001724 -0.009846840 0.999820828 -0.016166950 -2.308157921 -0.183462173 0.014086915 0.982925832 107.157112122
0.975129187 0.009252450 0.221443951 -3.048555374 -0.005728723 0.999846637 -0.016549496 -2.325634241 -0.221563116 0.014869306 0.975032687 107.519264221
0.965121150 0.007156655 0.261705875 -2.936006546 -0.002765657 0.999849200 -0.017142838 -2.343952179 -0.261789113 0.015821127 0.964995444 107.854415894
0.952850997 0.007398866 0.303348333 -2.807641983 -0.002168571 0.999843180 -0.017575113 -2.366520166 -0.303430796 0.016088631 0.952717662 108.173545837
0.937655866 0.009660962 0.347430795 -2.659568787 -0.003507176 0.999825716 -0.018336758 -2.377079487 -0.347547382 0.015975067 0.937526345 108.501495361
0.920020640 0.010208596 0.391736925 -2.483993530 -0.003638276 0.999840081 -0.017510921 -2.384392262 -0.391853034 0.014685162 0.919910610 108.821426392
0.899723709 0.008744633 0.436372340 -2.305225372 -0.001890717 0.999867976 -0.016138410 -2.395984173 -0.436455846 0.013695054 0.899621427 109.125564575
0.876470745 0.007699655 0.481393516 -2.114807129 0.000257825 0.999864459 -0.016461765 -2.410899639 -0.481455028 0.014552371 0.876349986 109.403167725
0.851306319 0.008959525 0.524592519 -1.897930145 0.000937749 0.999826610 -0.018597834 -2.427182674 -0.524668157 0.016324390 0.851150274 109.689079285
0.823322415 0.011155250 0.567464352 -1.679672241 0.001682079 0.999754488 -0.022093730 -2.441992521 -0.567571521 0.019144783 0.823101461 109.958786011
0.792054176 0.015708165 0.610248685 -1.445922852 0.000284153 0.999659300 -0.026100636 -2.459721804 -0.610450745 0.020846521 0.791779876 110.231658936
0.758317649 0.021709850 0.651523650 -1.197154999 -0.003305557 0.999560475 -0.029459631 -2.476330280 -0.651876867 0.020186109 0.758056104 110.473396301
0.720869660 0.026881717 0.692549109 -0.921558380 -0.004509887 0.999408305 -0.034098335 -2.469962835 -0.693055987 0.021457138 0.720564365 110.725364685
0.681688607 0.027080933 0.731141031 -0.626842499 -0.002935295 0.999407947 -0.034280583 -2.494113207 -0.731636524 0.021222569 0.681364536 110.950668335
0.641031146 0.024646481 0.767119050 -0.314762115 0.000805191 0.999462128 -0.032784194 -2.509033918 -0.767514408 0.021633368 0.640666544 111.145156860
0.597055078 0.023029286 0.801869631 0.012065887 0.002441830 0.999531031 -0.030524157 -2.515113592 -0.802196503 0.020182634 0.596718848 111.344116211
0.550677121 0.021346055 0.834445357 0.353393555 0.003883176 0.999596655 -0.028133443 -2.523604393 -0.834709346 0.018732740 0.550372064 111.527427673
0.502743006 0.019014206 0.864226758 0.706790924 0.005154349 0.999674320 -0.024992662 -2.537910223 -0.864420533 0.017019413 0.502481282 111.686195374
0.452696770 0.014525476 0.891546190 1.073024750 0.007197055 0.999775231 -0.019943211 -2.563073158 -0.891635478 0.015444734 0.452490479 111.799140930
0.400637150 0.014580999 0.916120768 1.441917419 0.004476434 0.999830306 -0.017870951 -2.578623772 -0.916225851 0.011260722 0.400503904 111.931152344
0.349063009 0.019698925 0.936892211 1.821369171 0.000561687 0.999774456 -0.021230347 -2.592471361 -0.937099099 0.007936969 0.348973215 112.045028687
0.299077034 0.024503306 0.953914285 2.206249237 0.000134939 0.999669135 -0.025720922 -2.607421637 -0.954228938 0.007821257 0.298974782 112.126663208
0.252295196 0.026686264 0.967282295 2.607028961 0.001585343 0.999606907 -0.027991569 -2.618952274 -0.967649043 0.008595612 0.252153695 112.200340271
0.211333543 0.026336189 0.977059126 3.029676437 0.008689999 0.999546766 -0.028821943 -2.636887074 -0.977375388 0.014581686 0.211008906 112.247734070
0.175772712 0.026416404 0.984076262 3.465326309 0.016155774 0.999427855 -0.029714195 -2.647419453 -0.984298170 0.021121459 0.175245374 112.298728943
0.145248517 0.027448812 0.989014387 3.910896301 0.020644793 0.999313354 -0.030766580 -2.664923906 -0.989179790 0.024886796 0.144582108 112.335464478
0.117152810 0.025667408 0.992782176 4.382672310 0.018862331 0.999428093 -0.028065074 -2.683354616 -0.992934763 0.022014087 0.116601668 112.375358582
0.090640202 0.022367775 0.995632470 4.845245361 0.012346269 0.999645650 -0.023581913 -2.700359106 -0.995807171 0.014429816 0.090331927 112.411796570
0.067031287 0.018434098 0.997580588 5.351402283 0.007644552 0.999790490 -0.018988602 -2.715020657 -0.997721612 0.008898888 0.066876322 112.437667847
0.044285841 0.015936101 0.998891771 5.877856255 0.011078252 0.999803424 -0.016441800 -2.735153198 -0.998957455 0.011794114 0.044100594 112.447639465
0.024287432 0.016491080 0.999568999 6.414093018 0.019633733 0.999663234 -0.016969692 -2.755862713 -0.999512196 0.020037420 0.023955472 112.427856445
0.006558533 0.018836429 0.999801040 6.971262932 0.023628505 0.999540508 -0.018986519 -2.777782917 -0.999699295 0.023748329 0.006110443 112.424468994
-0.007660213 0.024212606 0.999677479 7.542950630 0.024149634 0.999419689 -0.024021313 -2.788214684 -0.999679029 0.023957836 -0.008240494 112.410530090
-0.018943654 0.029075686 0.999397695 8.135754585 0.021343149 0.999361038 -0.028670060 -2.800221205 -0.999592721 0.020787179 -0.019552117 112.406303406
-0.025438003 0.028935004 0.999257565 8.755840302 0.023297485 0.999326706 -0.028343925 -2.817238808 -0.999404907 0.022559173 -0.026094990 112.385368347
-0.027886247 0.025746534 0.999279499 9.416549683 0.029926460 0.999241650 -0.024910422 -2.836229086 -0.999163032 0.029210240 -0.028635602 112.358963013
-0.027236663 0.023972495 0.999341547 10.075035095 0.031446926 0.999238133 -0.023112942 -2.858420849 -0.999134243 0.030796699 -0.027969774 112.335517883
-0.025754437 0.023636499 0.999388814 10.754068375 0.029819179 0.999293745 -0.022865804 -2.883802176 -0.999223471 0.029212059 -0.026441069 112.329208374
-0.024452433 0.024051715 0.999411643 11.464093208 0.026771791 0.999367774 -0.023395639 -2.904335022 -0.999342442 0.026183959 -0.025080882 112.329650879
-0.023212498 0.025348574 0.999409139 12.179059982 0.025904465 0.999358118 -0.024745617 -2.921407461 -0.999394894 0.025314752 -0.023854239 112.317558289
-0.022543088 0.026131099 0.999404311 12.901276588 0.024740225 0.999366820 -0.025572063 -2.947913647 -0.999439716 0.024149014 -0.023175303 112.311820984
-0.021835528 0.025660448 0.999432206 13.653601646 0.024352245 0.999387622 -0.025127256 -2.970256805 -0.999464929 0.023789750 -0.022447046 112.303497314
-0.021605598 0.024312202 0.999470890 14.396827698 0.022787595 0.999456525 -0.023819253 -2.996135235 -0.999506831 0.022260910 -0.022147873 112.294891357
-0.021071792 0.023122955 0.999510527 15.165492058 0.023564734 0.999466240 -0.022625137 -3.020771265 -0.999500215 0.023076447 -0.021605432 112.281082153
-0.021458028 0.021060919 0.999547899 15.957046509 0.024633309 0.999485731 -0.020530788 -3.042326927 -0.999466240 0.024181621 -0.021965792 112.252182007
-0.022580488 0.019063752 0.999563277 16.746513367 0.021856738 0.999588609 -0.018570485 -3.071613073 -0.999506056 0.021427862 -0.022987870 112.240295410
-0.023850245 0.018239403 0.999549150 17.554920197 0.021417035 0.999613404 -0.017729543 -3.095065117 -0.999486089 0.020984525 -0.024231659 112.225250244
-0.025245681 0.015663953 0.999558568 18.365810394 0.023320451 0.999614358 -0.015075826 -3.116991282 -0.999409258 0.022929557 -0.025601236 112.209709167
-0.026581999 0.014278172 0.999544680 19.182983398 0.024530191 0.999606192 -0.013626693 -3.135915756 -0.999345601 0.024156798 -0.026921777 112.190597534
-0.028306281 0.013234029 0.999511659 20.010677338 0.022065990 0.999676943 -0.012611306 -3.164340258 -0.999355733 0.021698235 -0.028589159 112.171890259
-0.028646143 0.018239589 0.999423206 20.813247681 0.019156350 0.999659896 -0.017694836 -3.187178612 -0.999406040 0.018638412 -0.028985804 112.143753052
-0.029463507 0.022999853 0.999301195 21.656869888 0.021209966 0.999524534 -0.022379637 -3.209830046 -0.999340773 0.020535761 -0.029937325 112.119224548
-0.030504635 0.024640383 0.999230862 22.500801086 0.021340027 0.999484301 -0.023995161 -3.236871481 -0.999306798 0.020591650 -0.031014729 112.095108032
-0.032383140 0.022332065 0.999226034 23.347246170 0.018011006 0.999601066 -0.021756742 -3.265963078 -0.999313235 0.017292514 -0.032772444 112.082420349
-0.033422820 0.018147338 0.999276519 24.185230255 0.014382931 0.999740362 -0.017674694 -3.303356647 -0.999337792 0.013781788 -0.033675153 112.065673828
-0.033858851 0.012760366 0.999345183 25.011264801 0.013370112 0.999834776 -0.012313625 -3.330719948 -0.999337196 0.012944431 -0.034023862 112.036491394
-0.033915091 0.007052719 0.999399841 25.861465454 0.009649085 0.999930799 -0.006729020 -3.352405787 -0.999378145 0.009415078 -0.033980798 112.012077332
-0.033929318 0.005619044 0.999408424 26.708808899 0.006986457 0.999961078 -0.005384965 -3.378024340 -0.999399841 0.006799616 -0.033967257 111.996330261
-0.032858972 0.012656920 0.999379873 27.541610718 0.009399093 0.999879479 -0.012354211 -3.408297777 -0.999415815 0.008987317 -0.032973975 111.972343445
-0.031421714 0.023644723 0.999226511 28.372705460 0.012339016 0.999653161 -0.023266805 -3.437536716 -0.999430060 0.011598390 -0.031702571 111.937736511
-0.031325739 0.029151337 0.999084055 29.212221146 0.014252764 0.999485970 -0.028716179 -3.456843853 -0.999407589 0.013340154 -0.031725124 111.927932739
-0.030040113 0.023484521 0.999272764 30.052747726 0.015873063 0.999609113 -0.023015250 -3.491053104 -0.999422669 0.015170140 -0.030401142 111.903648376
-0.028928844 0.016002197 0.999453366 30.892169952 0.018839451 0.999702990 -0.015460892 -3.521410942 -0.999403894 0.018381886 -0.029221725 111.877052307
-0.028620763 0.012992626 0.999505877 31.722112656 0.019788356 0.999726951 -0.012428861 -3.551654100 -0.999394476 0.019422855 -0.028870050 111.854621887
-0.028633071 0.013940645 0.999492764 32.536094666 0.019212412 0.999725699 -0.013393505 -3.575994015 -0.999405324 0.018819170 -0.028893052 111.835357666
-0.029717352 0.015001873 0.999445736 33.352844238 0.016176982 0.999763608 -0.014525641 -3.600280762 -0.999427438 0.015736353 -0.029953012 111.819572449
-0.031557783 0.015074706 0.999388218 34.167106628 0.014844188 0.999783039 -0.014611925 -3.626336098 -0.999391675 0.014373986 -0.031774711 111.800895691
-0.034128182 0.014704974 0.999309301 34.987331390 0.013323839 0.999809563 -0.014257303 -3.661075830 -0.999328673 0.012828060 -0.034317609 111.791503906
-0.036348332 0.015325980 0.999221683 35.779674530 0.013084239 0.999803960 -0.014858951 -3.681938410 -0.999253511 0.012533957 -0.036541734 111.768447876
-0.038549766 0.015850315 0.999130964 36.586906433 0.011269390 0.999817491 -0.015426395 -3.706527710 -0.999193132 0.010664913 -0.038721353 111.745040894
-0.040753171 0.014944209 0.999057472 37.389541626 0.009211056 0.999851286 -0.014580349 -3.731516361 -0.999126792 0.008608179 -0.040884763 111.718391418
-0.042282213 0.013665586 0.999012232 38.161830902 0.009153875 0.999869764 -0.013289887 -3.761778355 -0.999063790 0.008582908 -0.042401798 111.680732727
-0.044309050 0.013616960 0.998925090 38.952777863 0.008427044 0.999876618 -0.013256134 -3.789691687 -0.998982310 0.007830619 -0.044418335 111.652381897
-0.045976691 0.014434399 0.998838246 39.731933594 0.008041126 0.999868572 -0.014079154 -3.818426847 -0.998910129 0.007384471 -0.046086717 111.614677429
-0.047197290 0.014371251 0.998782218 40.532405853 0.008265975 0.999867857 -0.013996265 -3.844284773 -0.998851359 0.007595323 -0.047309846 111.588684082
-0.048170902 0.013413711 0.998749018 41.319175720 0.010512851 0.999861240 -0.012921602 -3.866518259 -0.998783767 0.009877255 -0.048305236 111.554412842
-0.049951512 0.012820014 0.998669386 42.096508026 0.010573892 0.999868333 -0.012306520 -3.891147137 -0.998695672 0.009945093 -0.050080493 111.524955750
-0.051346004 0.012341555 0.998604655 42.860820770 0.009224640 0.999886870 -0.011883091 -3.916471481 -0.998638332 0.008601620 -0.051454041 111.493820190
-0.052761875 0.011538851 0.998540461 43.622375488 0.007967097 0.999906301 -0.011133661 -3.938320160 -0.998575330 0.007368035 -0.052848861 111.459899902
-0.053555474 0.009924984 0.998515546 44.361537933 0.006532237 0.999932706 -0.009588713 -3.966518641 -0.998543501 0.006009012 -0.053616703 111.428100586
-0.054873385 0.009374412 0.998449326 45.085979462 0.006160774 0.999940097 -0.009049822 -3.992743969 -0.998474300 0.005654626 -0.054927852 111.401931763
-0.054880418 0.012154885 0.998418927 45.791801453 0.006634733 0.999908268 -0.011808323 -4.013363838 -0.998470902 0.005976197 -0.054956026 111.367950439
-0.055004258 0.014852903 0.998375654 46.493827820 0.006558897 0.999873161 -0.014513827 -4.038660526 -0.998464584 0.005749920 -0.055094700 111.333480835
-0.054285169 0.016339969 0.998391747 47.153251648 0.004245668 0.999860823 -0.016133165 -4.058651447 -0.998516440 0.003363049 -0.054346990 111.284568787
-0.054475166 0.017206023 0.998366892 47.847305298 0.004469639 0.999845684 -0.016987627 -4.083283424 -0.998505116 0.003536935 -0.054543667 111.252182007
-0.054181118 0.016758444 0.998390496 48.543144226 0.005817872 0.999847472 -0.016467175 -4.107962608 -0.998514175 0.004916298 -0.054270349 111.213455200
-0.054251567 0.016569894 0.998389781 49.233394623 0.007221607 0.999842644 -0.016201591 -4.129619598 -0.998501182 0.006331017 -0.054362692 111.175529480
-0.054638125 0.016877843 0.998363554 49.930820465 0.002898211 0.999855578 -0.016744455 -4.150386333 -0.998502016 0.001978583 -0.054679152 111.151031494
-0.054250851 0.016770132 0.998386502 50.598880768 0.000603753 0.999859333 -0.016762063 -4.180502415 -0.998527169 -0.000306577 -0.054253343 111.116104126
-0.054271743 0.015114921 0.998411775 51.283683777 0.002295913 0.999884665 -0.015012417 -4.208409786 -0.998523593 0.001477517 -0.054300189 111.085639954
-0.055197902 0.014764201 0.998366296 51.966682434 0.002839917 0.999888957 -0.014629705 -4.227449417 -0.998471379 0.002027748 -0.055233702 111.050910950
-0.058763910 0.013890368 0.998175263 52.632373810 -0.000553954 0.999902606 -0.013947017 -4.251739025 -0.998271763 -0.001372524 -0.058750492 111.019493103
-0.064105965 0.013691274 0.997849166 53.318130493 -0.004206554 0.999893308 -0.013989567 -4.274249554 -0.997934222 -0.005094322 -0.064041533 110.983749390
-0.069928929 0.017565640 0.997397304 53.974060059 -0.001243148 0.999842644 -0.017695863 -4.295064449 -0.997551203 -0.002477365 -0.069896095 110.930290222
-0.076524757 0.020634726 0.996854126 54.648170471 0.002368754 0.999786794 -0.020513590 -4.314858913 -0.997064888 0.000791504 -0.076557316 110.878509521
-0.083430521 0.022257766 0.996264994 55.313720703 0.001689433 0.999752223 -0.022194196 -4.338773251 -0.996512175 -0.000168550 -0.083447449 110.818099976
-0.089756101 0.021248389 0.995737076 55.990234375 -0.002239142 0.999765575 -0.021536190 -4.363159180 -0.995961249 -0.004162602 -0.089687482 110.762680054
-0.096021265 0.020635668 0.995165348 56.697372437 -0.002150918 0.999778450 -0.020938862 -4.383487701 -0.995376945 -0.004151095 -0.095955603 110.711380005
-0.100409672 0.021159602 0.994721174 57.382007599 -0.004130796 0.999756336 -0.021683684 -4.408687592 -0.994937599 -0.006286242 -0.100297801 110.646003723
-0.104574956 0.020673839 0.994302094 58.078151703 -0.005996560 0.999752641 -0.021417852 -4.424462318 -0.994498909 -0.008202164 -0.104425110 110.578262329
-0.107475691 0.017241053 0.994058192 58.785797119 -0.005841289 0.999821424 -0.017972559 -4.452338219 -0.994190574 -0.007738194 -0.107355788 110.507179260
-0.109011643 0.014526553 0.993934333 59.498657227 -0.003633427 0.999880731 -0.015011963 -4.471549511 -0.994033813 -0.005247866 -0.108945861 110.428665161
-0.109937318 0.011316582 0.993874073 60.196876526 -0.004442439 0.999919593 -0.011876818 -4.499357224 -0.993928611 -0.005720931 -0.109878212 110.345817566
-0.111661218 0.010721939 0.993688464 60.928249359 -0.005479380 0.999919951 -0.011404897 -4.524039268 -0.993731201 -0.006718282 -0.111593530 110.276527405
-0.112073787 0.014634593 0.993592143 61.651454926 -0.003309066 0.999880493 -0.015100466 -4.540730476 -0.993694365 -0.004980229 -0.112011969 110.197334290
-0.111701071 0.019172499 0.993556857 62.363609314 0.002891484 0.999815881 -0.018968202 -4.557578087 -0.993737638 0.000754085 -0.111735947 110.098686218
-0.112164579 0.024403566 0.993389964 63.105499268 0.010455872 0.999672055 -0.023377310 -4.581061363 -0.993634641 0.007764652 -0.112382956 110.007064819
-0.112755984 0.024960225 0.993309140 63.846294403 0.010215214 0.999660730 -0.023960246 -4.609349251 -0.993570209 0.007445205 -0.112972699 109.921356201
-0.113870308 0.022392560 0.993243217 64.623741150 0.008222671 0.999732971 -0.021596182 -4.640207291 -0.993461609 0.005707949 -0.114024021 109.852928162
-0.113561392 0.017545870 0.993376017 65.371337891 0.008218976 0.999826431 -0.016720219 -4.662956238 -0.993497014 0.006265762 -0.113685891 109.767127991
-0.113323890 0.015905576 0.993430793 66.120849609 0.010735457 0.999833107 -0.014783452 -4.688099861 -0.993500113 0.008989614 -0.113475733 109.674530029
-0.114121102 0.015088046 0.993352294 66.867668152 0.010574006 0.999846458 -0.013971894 -4.715288639 -0.993410587 0.008909225 -0.114263125 109.591178894
-0.116113894 0.016354982 0.993101239 67.615409851 0.009027540 0.999840498 -0.015410463 -4.738201141 -0.993194878 0.007175892 -0.116243020 109.513565063
-0.118092194 0.016891239 0.992858946 68.363822937 0.008634779 0.999834955 -0.015982885 -4.763581276 -0.992965102 0.006685663 -0.118218556 109.422889709
-0.120204873 0.017081447 0.992602170 69.103355408 0.009779759 0.999823809 -0.016021388 -4.788777828 -0.992700934 0.007781561 -0.120350748 109.335067749
-0.122268625 0.017290911 0.992346406 69.853820801 0.009517252 0.999822676 -0.016248543 -4.812350750 -0.992451429 0.007457724 -0.122411512 109.247291565
-0.124397755 0.016933026 0.992087960 70.600433350 0.009177650 0.999831259 -0.015914405 -4.836095333 -0.992190003 0.007125320 -0.124532171 109.157630920
-0.126253664 0.017049048 0.991851449 71.350570679 0.006473843 0.999845147 -0.016362391 -4.860543251 -0.991976857 0.004355279 -0.126344487 109.070693970
-0.127234891 0.018757356 0.991695225 72.104110718 0.006776861 0.999814272 -0.018041449 -4.884308815 -0.991849482 0.004425079 -0.127338365 108.977058411
-0.128322050 0.019188967 0.991546869 72.869743347 0.005764267 0.999810338 -0.018602898 -4.906649590 -0.991715789 0.003328380 -0.128408313 108.887428284
-0.129511520 0.019115355 0.991393626 73.634544373 0.005138761 0.999813676 -0.018606396 -4.936442375 -0.991564572 0.002684792 -0.129585624 108.787597656
-0.130527407 0.017114727 0.991296947 74.390747070 0.005840896 0.999846935 -0.016493250 -4.952469826 -0.991427481 0.003637241 -0.130607396 108.693939209
-0.131468624 0.014612549 0.991212606 75.172271729 0.003858204 0.999891341 -0.014228761 -4.975992680 -0.991312802 0.001953664 -0.131510720 108.595756531
-0.133455381 0.012913628 0.990970671 75.962348938 0.000427945 0.999915779 -0.012972563 -4.990533829 -0.991054714 -0.001307177 -0.133449659 108.503822327
-0.135485902 0.011940552 0.990707338 76.740730286 0.001053660 0.999928534 -0.011907596 -5.018336773 -0.990778685 -0.000569443 -0.135488808 108.394607544
-0.137088537 0.012776047 0.990476429 77.537574768 0.002493072 0.999918103 -0.012552776 -5.038321495 -0.990555644 0.000748487 -0.137109160 108.288017273
-0.139398187 0.014208429 0.990134478 78.332153320 0.002075871 0.999899030 -0.014056294 -5.055553913 -0.990234256 0.000095969 -0.139413610 108.177764893
-0.140969753 0.017374968 0.989861429 79.125740051 0.003345249 0.999848664 -0.017073864 -5.085244179 -0.990008235 0.000904435 -0.141006529 108.067337036
-0.141085997 0.021262834 0.989768982 79.942100525 0.005595272 0.999770463 -0.020680118 -5.109527588 -0.989981532 0.002620352 -0.141172588 107.950706482
-0.142561272 0.025247103 0.989463925 80.728363037 0.006740732 0.999676228 -0.024536479 -5.141063690 -0.989763021 0.003171760 -0.142685294 107.841850281
-0.142530084 0.026449002 0.989437044 81.554260254 0.009035784 0.999635994 -0.025420016 -5.170338631 -0.989749253 0.005317222 -0.142717198 107.726379395
-0.141610503 0.025476627 0.989594579 82.386291504 0.012313465 0.999636769 -0.023973107 -5.204319477 -0.989845872 0.008790494 -0.141872764 107.605209351
-0.141281337 0.023432517 0.989692152 83.205047607 0.013092366 0.999676645 -0.021799944 -5.240911484 -0.989882886 0.009877486 -0.141542435 107.473251343
-0.140419275 0.021897206 0.989849985 84.052543640 0.012321400 0.999716640 -0.020367570 -5.268635750 -0.990015447 0.009336337 -0.140649289 107.357116699
-0.138975590 0.019144075 0.990110755 84.926612854 0.011481932 0.999777079 -0.017719330 -5.298864841 -0.990229249 0.008905830 -0.139164418 107.256843567
-0.137688205 0.016038008 0.990345776 85.782875061 0.011946995 0.999823034 -0.014530491 -5.323849201 -0.990403593 0.009830979 -0.137855440 107.148712158
-0.135601208 0.012686726 0.990682244 86.629043579 0.012377586 0.999861658 -0.011110076 -5.350732327 -0.990686178 0.010755716 -0.135739475 107.029296875
-0.134238780 0.012808270 0.990866244 87.500999451 0.010641729 0.999877453 -0.011483051 -5.370837688 -0.990891874 0.009003059 -0.134358630 106.922554016
-0.133023292 0.016839508 0.990969837 88.353172302 0.011217276 0.999817193 -0.015484095 -5.400168896 -0.991049409 0.009056237 -0.133187875 106.812805176
-0.130846217 0.023132939 0.991132736 89.203048706 0.012430029 0.999687433 -0.021691632 -5.426022530 -0.991324723 0.009481541 -0.131092861 106.700134277
-0.129514471 0.026286812 0.991229057 90.038139343 0.009305384 0.999636769 -0.025293933 -5.453990936 -0.991533875 0.005947836 -0.129712030 106.596649170
-0.128107980 0.023833290 0.991473794 90.900894165 0.008036889 0.999703348 -0.022992671 -5.484073162 -0.991727650 0.005022821 -0.128261521 106.492156982
