1.000000000 0.000000000 0.000000000 0.000000000 0.000000000 1.000000000 0.000000000 0.000000000 0.000000000 0.000000000 1.000000000 0.000000000
0.999997377 0.001016493 0.002046240 -0.008993727 -0.001014266 0.999998868 -0.001089030 -0.016669966 -0.002047344 0.001086952 0.999997318 1.206166387
0.999993265 0.001156187 0.003485592 -0.014793549 -0.001154121 0.999999166 -0.000594862 -0.037339821 -0.003486277 0.000590835 0.999993742 2.412978411
0.999988616 0.000800469 0.004702638 -0.017014954 -0.000798812 0.999999642 -0.000354242 -0.056153871 -0.004702920 0.000350482 0.999988854 3.611159086
0.999984980 0.000370187 0.005466928 -0.010730242 -0.000368108 0.999999881 -0.000381255 -0.077211715 -0.005467068 0.000379237 0.999984980 4.810600281
0.999980390 0.000196241 0.006255473 -0.009096745 -0.000196971 1.000000000 0.000115943 -0.103231035 -0.006255451 -0.000117173 0.999980450 6.002970219
0.999976575 0.000265119 0.006837649 0.001212567 -0.000258601 0.999999523 -0.000954070 -0.122278392 -0.006837899 0.000952279 0.999976158 7.206660748
0.999970078 -0.000374859 0.007730450 0.001826502 0.000383898 0.999999225 -0.001167793 -0.146208435 -0.007730006 0.001170726 0.999969423 8.391930580
0.999969244 -0.000509883 0.007825205 0.006497294 0.000507667 0.999999821 0.000285183 -0.166802555 -0.007825349 -0.000281201 0.999969363 9.588512421
0.999978483 -0.000706680 0.006518605 0.006844565 0.000697843 0.999998808 0.001357864 -0.189489976 -0.006519557 -0.001353286 0.999977827 10.781608582
0.999988019 -0.002668866 0.004105827 0.004776221 0.002665788 0.999996185 0.000755124 -0.208819732 -0.004107827 -0.000744170 0.999991298 11.951554298
0.999994338 -0.002186985 0.002552022 -0.007397503 0.002186351 0.999997556 0.000250913 -0.226520583 -0.002552564 -0.000245332 0.999996722 13.153478622
0.999997258 -0.002156914 0.000932753 -0.002349343 0.002156640 0.999997616 0.000294861 -0.253676564 -0.000933387 -0.000292849 0.999999523 14.358797073
0.999999583 -0.000888224 -0.000042762 -0.012098846 0.000888231 0.999999583 0.000183009 -0.273923337 0.000042600 -0.000183047 1.000000000 15.556124687
0.999999285 -0.001037799 -0.000569901 -0.017530367 0.001037901 0.999999464 0.000178326 -0.292413890 0.000569716 -0.000178917 0.999999821 16.755741119
0.999997914 -0.001489334 -0.001411940 -0.019457171 0.001489968 0.999998808 0.000448318 -0.307287812 0.001411271 -0.000450421 0.999998927 17.937843323
0.999997556 -0.001334100 -0.001756742 -0.027972547 0.001335975 0.999998510 0.001066650 -0.333172679 0.001755316 -0.001068994 0.999997914 19.135168076
0.999994993 -0.001209806 -0.002914351 -0.033802126 0.001210584 0.999999225 0.000265297 -0.355654806 0.002914028 -0.000268824 0.999995708 20.329233170
0.999994278 -0.001830786 -0.002847395 -0.054847158 0.001828820 0.999998093 -0.000692903 -0.379416853 0.002848658 0.000687692 0.999995708 21.550336838
0.999993086 -0.000675027 -0.003654476 -0.063584335 0.000674193 0.999999762 -0.000229408 -0.397996426 0.003654630 0.000226943 0.999993324 22.748338699
0.999990642 -0.001327252 -0.004110750 -0.082556233 0.001326014 0.999999046 -0.000303874 -0.418996990 0.004111149 0.000298420 0.999991477 23.929145813
0.999986649 -0.001196139 -0.005030855 -0.095980264 0.001191717 0.999998927 -0.000882044 -0.440858394 0.005031905 0.000876037 0.999986947 25.122547150
0.999981105 -0.000801117 -0.006097484 -0.097805798 0.000801209 0.999999702 0.000012639 -0.466170371 0.006097472 -0.000017524 0.999981403 26.326377869
0.999973595 -0.002483768 -0.006827206 -0.110200711 0.002495663 0.999995410 0.001734350 -0.486286968 0.006822867 -0.001751343 0.999975204 27.530750275
0.999966621 -0.002220530 -0.007862239 -0.125815332 0.002232527 0.999996364 0.001517512 -0.505458176 0.007858841 -0.001535015 0.999967933 28.729787827
0.999957025 -0.003028117 -0.008759456 -0.141105920 0.003035648 0.999995053 0.000846624 -0.527232826 0.008756849 -0.000873179 0.999961257 29.927312851
0.999950945 -0.002970232 -0.009450809 -0.157881513 0.002971573 0.999995589 0.000127896 -0.550513685 0.009450388 -0.000155973 0.999955356 31.116491318
0.999943376 -0.002771409 -0.010273566 -0.175935403 0.002775345 0.999996066 0.000368928 -0.569545805 0.010272503 -0.000397420 0.999947131 32.311790466
0.999931037 -0.002910078 -0.011376957 -0.190568700 0.002919787 0.999995410 0.000836871 -0.588622451 0.011374470 -0.000870031 0.999934912 33.517814636
0.999927640 -0.003345891 -0.011554280 -0.216047406 0.003351915 0.999994278 0.000502102 -0.602338076 0.011552534 -0.000540794 0.999933124 34.729850769
0.999916971 -0.004170218 -0.012193953 -0.230163425 0.004182708 0.999990761 0.000999014 -0.629094362 0.012189674 -0.001049935 0.999925137 35.929565430
0.999912381 -0.003913140 -0.012644848 -0.255172908 0.003921960 0.999992073 0.000672764 -0.646893024 0.012642114 -0.000722298 0.999919832 37.116405487
0.999906003 -0.004785711 -0.012847479 -0.270968884 0.004805267 0.999987364 0.001491735 -0.668837547 0.012840177 -0.001553330 0.999916375 38.312969208
0.999907792 -0.004041609 -0.012963898 -0.291536570 0.004079332 0.999987543 0.002884746 -0.689970493 0.012952077 -0.002937364 0.999911785 39.512866974
0.999906778 -0.003502727 -0.013198344 -0.308683753 0.003545983 0.999988437 0.003255383 -0.700750470 0.013186789 -0.003301880 0.999907613 40.715011597
0.999905527 -0.002918835 -0.013430034 -0.324205786 0.002960713 0.999990821 0.003099414 -0.722141683 0.013420864 -0.003138883 0.999904990 41.912921906
0.999913692 -0.001493883 -0.013055035 -0.333338082 0.001533177 0.999994338 0.003000404 -0.741331339 0.013050479 -0.003020161 0.999910295 43.118099213
0.999919713 0.000871725 -0.012643259 -0.355883151 -0.000811414 0.999988258 0.004774546 -0.755423903 0.012647273 -0.004763904 0.999908686 44.320964813
0.999940634 0.000752365 -0.010868752 -0.374740124 -0.000667470 0.999969244 0.007812382 -0.771229148 0.010874297 -0.007804663 0.999910414 45.525989532
0.999957502 0.001148050 -0.009145980 -0.394192785 -0.001049239 0.999941111 0.010801294 -0.780389965 0.009157841 -0.010791238 0.999899864 46.748069763
0.999965608 0.001659333 -0.008124658 -0.403141081 -0.001544942 0.999899864 0.014065544 -0.785271049 0.008147184 -0.014052508 0.999868095 47.950935364
0.999978721 0.000395657 -0.006515857 -0.420968205 -0.000297025 0.999885499 0.015131207 -0.790970325 0.006521098 -0.015128950 0.999864280 49.160274506
0.999987125 -0.001140998 -0.004942880 -0.410426348 0.001209000 0.999904394 0.013776476 -0.800921619 0.004926688 -0.013782275 0.999892890 50.404869080
0.999991596 -0.000270520 -0.004088795 -0.418178558 0.000320118 0.999926329 0.012134337 -0.806262255 0.004085211 -0.012135544 0.999918044 51.619693756
0.999995112 -0.000564906 -0.003077836 -0.431326747 0.000601219 0.999930084 0.011810036 -0.812481701 0.003070949 -0.011811829 0.999925494 52.821853638
0.999994576 -0.000665742 -0.003224154 -0.439116061 0.000701746 0.999937296 0.011178609 -0.815878808 0.003216510 -0.011180812 0.999932349 54.025783539
0.999992788 -0.001034007 -0.003652792 -0.452233911 0.001069793 0.999951303 0.009808633 -0.819654226 0.003642472 -0.009812470 0.999945223 55.239608765
0.999984384 -0.000042015 -0.005588931 -0.457790911 0.000100162 0.999945879 0.010404167 -0.823565364 0.005588191 -0.010404564 0.999930263 56.426937103
0.999976933 -0.000389131 -0.006777708 -0.472365856 0.000465065 0.999937117 0.011205572 -0.827537119 0.006772921 -0.011208466 0.999914229 57.630962372
0.999972641 -0.000537436 -0.007379289 -0.491100907 0.000624780 0.999929726 0.011839083 -0.840209901 0.007372407 -0.011843369 0.999902666 58.837642670
0.999962628 0.000353558 -0.008635401 -0.503212690 -0.000253735 0.999933183 0.011558153 -0.845037997 0.008638910 -0.011555530 0.999895930 60.033908844
0.999956906 0.000951600 -0.009235485 -0.523143470 -0.000845867 0.999934137 0.011445785 -0.853117943 0.009245768 -0.011437479 0.999891818 61.239067078
0.999957323 -0.000102817 -0.009239319 -0.539547384 0.000201301 0.999943197 0.010658941 -0.858084679 0.009237698 -0.010660347 0.999900520 62.438732147
0.999954641 -0.000256714 -0.009522106 -0.551408589 0.000351592 0.999950290 0.009963559 -0.867089093 0.009519074 -0.009966454 0.999905050 63.660232544
0.999947965 -0.000523869 -0.010189476 -0.560328424 0.000636404 0.999938786 0.011044196 -0.873540580 0.010183067 -0.011050105 0.999887109 64.856483459
0.999946773 -0.001401807 -0.010224602 -0.579596996 0.001531360 0.999918520 0.012673847 -0.884937346 0.010206003 -0.012688830 0.999867380 66.058540344
0.999950826 -0.000160357 -0.009915177 -0.606588364 0.000268531 0.999940455 0.010909644 -0.891096354 0.009912837 -0.010911770 0.999891341 67.258201599
0.999951839 0.001620455 -0.009678259 -0.629572093 -0.001524589 0.999949813 0.009904520 -0.900378168 0.009693824 -0.009889288 0.999904096 68.457084656
0.999944329 0.003116379 -0.010082304 -0.643380105 -0.003011939 0.999941826 0.010357436 -0.912328839 0.010113995 -0.010326492 0.999895513 69.662284851
0.999936461 0.004878622 -0.010162931 -0.660768628 -0.004770816 0.999932408 0.010605027 -0.920196950 0.010213981 -0.010555867 0.999892116 70.849266052
0.999937594 0.005768236 -0.009565348 -0.680162966 -0.005663625 0.999924242 0.010927700 -0.930906892 0.009627657 -0.010872844 0.999894559 72.053352356
0.999941587 0.006384621 -0.008720991 -0.696450353 -0.006279421 0.999907851 0.012037424 -0.939882994 0.008797042 -0.011981959 0.999889493 73.248489380
0.999939620 0.008151209 -0.007366998 -0.705146492 -0.008055892 0.999884665 0.012876776 -0.946136534 0.007471109 -0.012816652 0.999889970 74.443290710
0.999964893 0.006784140 -0.004920120 -0.711409688 -0.006733413 0.999924779 0.010254214 -0.952807486 0.004989316 -0.010220724 0.999935329 75.633110046
0.999988139 0.004128614 -0.002586479 -0.716853619 -0.004115182 0.999978125 0.005176902 -0.962958932 0.002607796 -0.005166197 0.999983251 76.807594299
0.999989271 0.004598881 -0.000554715 -0.717164755 -0.004596072 0.999977112 0.004963225 -0.977363527 0.000577527 -0.004960623 0.999987543 77.996368408
0.999992430 0.003386216 0.001915624 -0.716657162 -0.003402790 0.999956250 0.008715715 -0.992578626 -0.001886027 -0.008722168 0.999960184 79.177024841
0.999980867 0.003638541 0.005000723 -0.719708979 -0.003688256 0.999943495 0.009968546 -1.005021095 -0.004964169 -0.009986799 0.999937832 80.361946106
0.999951780 0.003701813 0.009098811 -0.716558397 -0.003778718 0.999957144 0.008449612 -1.016001582 -0.009067142 -0.008483587 0.999922931 81.529258728
0.999913990 0.002414427 0.012891274 -0.715116143 -0.002483474 0.999982655 0.005342850 -1.024713755 -0.012878151 -0.005374406 0.999902606 82.695404053
0.999868393 0.000891052 0.016200153 -0.696650505 -0.000920850 0.999997914 0.001832004 -1.040264726 -0.016198486 -0.001846680 0.999867082 83.861869812
0.999799788 0.000504845 0.020004466 -0.681501508 -0.000524303 0.999999404 0.000967434 -1.058259130 -0.020003965 -0.000977729 0.999799430 85.013893127
0.999728203 0.000364272 0.023310976 -0.655232430 -0.000422313 0.999996841 0.002485006 -1.076442599 -0.023309998 -0.002494175 0.999725163 86.187873840
0.999629438 0.001709198 0.027167033 -0.636449099 -0.001796681 0.999993265 0.003196085 -1.099048138 -0.027161388 -0.003243711 0.999625802 87.352951050
0.999518275 0.001555479 0.030997440 -0.605894804 -0.001589573 0.999998152 0.001075293 -1.120065212 -0.030995710 -0.001124048 0.999518871 88.498008728
0.999406695 0.001516508 0.034409538 -0.567868710 -0.001480706 0.999998331 -0.001065923 -1.140440226 -0.034411099 0.001014341 0.999407232 89.645233154
0.999284923 0.001412671 0.037784170 -0.532923937 -0.001347156 0.999997556 -0.001759334 -1.155938864 -0.037786562 0.001707174 0.999284387 90.805580139
0.999174416 0.000583949 0.040621743 -0.487896204 -0.000561752 0.999999702 -0.000557851 -1.175625682 -0.040622056 0.000534572 0.999174416 91.959594727
0.999049664 -0.000307154 0.043585144 -0.449504852 0.000260446 0.999999404 0.001077335 -1.199613810 -0.043585449 -0.001064959 0.999049127 93.102302551
0.998933971 -0.001122755 0.046148255 -0.392801762 0.000995156 0.999995589 0.002787865 -1.216164231 -0.046151184 -0.002738969 0.998930693 94.269660950
0.998822391 -0.002652002 0.048443791 -0.334417820 0.002484348 0.999990702 0.003520689 -1.229663610 -0.048452679 -0.003396192 0.998819709 95.430618286
0.998704255 -0.003619088 0.050761327 -0.281169891 0.003550164 0.999992669 0.001447903 -1.252506852 -0.050766196 -0.001265816 0.998709738 96.581779480
0.998599708 -0.005388331 0.052626949 -0.214395046 0.005510828 0.999982417 -0.002182817 -1.270401597 -0.052614264 0.002469778 0.998611867 97.736122131
0.998460770 -0.004229257 0.055300824 -0.173737049 0.004499990 0.999978483 -0.004772027 -1.291205764 -0.055279456 0.005013535 0.998458326 98.880233765
0.998364329 -0.004313834 0.057009175 -0.108753681 0.004641295 0.999973476 -0.005612834 -1.311672807 -0.056983452 0.005868250 0.998357892 100.060607910
0.998367131 -0.004372474 0.056956049 -0.035145760 0.004667259 0.999976397 -0.005043657 -1.335738540 -0.056932654 0.005301250 0.998363972 101.247833252
0.998428106 -0.004270793 0.055884138 0.033223152 0.004455460 0.999985039 -0.003180286 -1.359233022 -0.055869717 0.003424277 0.998432219 102.435096741
0.998500705 -0.004941578 0.054515135 0.097623348 0.005045486 0.999985695 -0.001768574 -1.379359484 -0.054505616 0.002040978 0.998511374 103.622673035
0.998611927 -0.004403777 0.052486919 0.154505253 0.004460267 0.999989569 -0.000959176 -1.397862911 -0.052482147 0.001191950 0.998621166 104.815460205
0.998745501 -0.004010519 0.049913529 0.207634926 0.004034157 0.999991775 -0.000372866 -1.416594863 -0.049911622 0.000573757 0.998753488 106.012954712
0.998892903 -0.003414999 0.046917915 0.253678799 0.003445763 0.999993920 -0.000574820 -1.432912827 -0.046915665 0.000735852 0.998898566 107.212921143
0.999061108 -0.002480319 0.043252140 0.300658703 0.002538381 0.999995947 -0.001287541 -1.446964502 -0.043248773 0.001396123 0.999063373 108.420532227
0.999229848 -0.002267099 0.039172895 0.344912767 0.002301900 0.999997020 -0.000843313 -1.466585636 -0.039170865 0.000932836 0.999232113 109.634597778
0.999374866 -0.001667728 0.035314258 0.379329920 0.001653826 0.999998569 0.000422879 -1.490630746 -0.035314910 -0.000364211 0.999376178 110.854103088
0.999519825 -0.001240651 0.030960608 0.407622337 0.001204144 0.999998569 0.001197760 -1.512025833 -0.030962048 -0.001159904 0.999519885 112.061141968
0.999653459 -0.001147798 0.026299473 0.435415745 0.001101313 0.999997795 0.001781912 -1.530942559 -0.026301460 -0.001752330 0.999652505 113.267707825
0.999770820 -0.000373366 0.021404544 0.455405354 0.000333912 0.999998212 0.001846788 -1.544603586 -0.021405196 -0.001839218 0.999769211 114.482917786
0.999872565 -0.000174409 0.015964795 0.473204613 0.000148493 0.999998689 0.001624551 -1.562414765 -0.015965056 -0.001621973 0.999871254 115.720993042
0.999934077 0.000229721 0.011481270 0.471834004 -0.000245897 0.999998987 0.001407557 -1.578117490 -0.011480935 -0.001410287 0.999933124 116.943916321
0.999981225 0.000935129 0.006056385 0.483541220 -0.000941218 0.999999046 0.001002527 -1.604079723 -0.006055441 -0.001008209 0.999981165 118.139564514
0.999993324 0.002692848 0.002481039 0.481673837 -0.002695081 0.999995947 0.000897101 -1.620918274 -0.002478613 -0.000903782 0.999996543 119.374084473
0.999990523 0.004347189 -0.000076985 0.474662721 -0.004347091 0.999989808 0.001237677 -1.642551422 0.000082364 -0.001237331 0.999999225 120.591735840
0.999981344 0.006060297 -0.000734706 0.459502816 -0.006059729 0.999981344 0.000772219 -1.662330508 0.000739372 -0.000767752 0.999999404 121.816726685
0.999963045 0.008417534 -0.001744883 0.447409987 -0.008415663 0.999963999 0.001076846 -1.679705262 0.001753885 -0.001062122 0.999997914 123.056770325
0.999949336 0.009923215 -0.001679772 0.417100668 -0.009920124 0.999949098 0.001838456 -1.696554184 0.001697930 -0.001821699 0.999996901 124.276039124
0.999951363 0.009583643 -0.002328625 0.406111270 -0.009579222 0.999952316 0.001902275 -1.708308816 0.002346745 -0.001879876 0.999995470 125.525115967
0.999907553 0.013262301 -0.002999701 0.392710537 -0.013250181 0.999904096 0.004024945 -1.724215031 0.003052794 -0.003984826 0.999987423 126.773193359
0.999890149 0.014381787 -0.003583062 0.373408318 -0.014355729 0.999871075 0.007195053 -1.737833858 0.003686078 -0.007142825 0.999967694 128.009460449
0.999903977 0.013164485 -0.004322522 0.366703808 -0.013135108 0.999890924 0.006755602 -1.750486612 0.004410985 -0.006698176 0.999967813 129.261779785
0.999903858 0.012789648 -0.005358984 0.359922886 -0.012761921 0.999905169 0.005176635 -1.759305835 0.005424683 -0.005107746 0.999972224 130.502304077
0.999925494 0.010867368 -0.005554609 0.340358496 -0.010834914 0.999924242 0.005839915 -1.765748739 0.005617653 -0.005779297 0.999967515 131.777725220
0.999943435 0.008237453 -0.006730371 0.332524002 -0.008184072 0.999935150 0.007920761 -1.778886199 0.006795181 -0.007865231 0.999945998 133.034118652
0.999962211 0.005097689 -0.007041479 0.326120913 -0.005025921 0.999935627 0.010172445 -1.798574924 0.007092882 -0.010136671 0.999923468 134.282073975
0.999967873 0.003484544 -0.007216529 0.311210632 -0.003407560 0.999937475 0.010652749 -1.796558976 0.007253197 -0.010627816 0.999917209 135.573272705
0.999972761 -0.001110393 -0.007293670 0.304912448 0.001176300 0.999958456 0.009038124 -1.808145881 0.007283331 -0.009046458 0.999932528 136.839874268
0.999971986 -0.002958376 -0.006871809 0.288688958 0.003012997 0.999963820 0.007951847 -1.815248847 0.006848036 -0.007972329 0.999944746 138.112152100
0.999965489 -0.004546693 -0.006952222 0.277090609 0.004600188 0.999959767 0.007698125 -1.826176167 0.006916942 -0.007729841 0.999946177 139.388534546
0.999968886 -0.004760780 -0.006292131 0.266476154 0.004811882 0.999955356 0.008131436 -1.839799523 0.006253138 -0.008161460 0.999947131 140.661819458
0.999973893 -0.004405822 -0.005725010 0.250277519 0.004463776 0.999938548 0.010149834 -1.850838542 0.005679940 -0.010175125 0.999932110 141.935806274
0.999983490 -0.002396650 -0.005222613 0.241572022 0.002458080 0.999927521 0.011787832 -1.862480879 0.005193983 -0.011800474 0.999916911 143.237762451
0.999987125 -0.002392756 -0.004481436 0.227484584 0.002438499 0.999944687 0.010229730 -1.871565580 0.004456711 -0.010240526 0.999937654 144.511611938
0.999989033 -0.002004059 -0.004237868 0.214555502 0.002040892 0.999960005 0.008704980 -1.888673306 0.004220253 -0.008713533 0.999953151 145.776306152
0.999990404 -0.002293459 -0.003725617 0.201797187 0.002317490 0.999976456 0.006458743 -1.902047396 0.003710717 -0.006467315 0.999972224 147.049652100
0.999990582 -0.003268309 -0.002865395 0.187810034 0.003275314 0.999991655 0.002443511 -1.921414614 0.002857385 -0.002452872 0.999992907 148.310684204
0.999995232 -0.002502741 -0.001812494 0.172419429 0.002500101 0.999995828 -0.001456979 -1.937970042 0.001816133 0.001452440 0.999997318 149.587463379
0.999993682 -0.003288559 -0.001369293 0.164803788 0.003285889 0.999992728 -0.001947421 -1.963998079 0.001375688 0.001942909 0.999997139 150.867858887
0.999994218 -0.003152562 -0.001280997 0.154467121 0.003150725 0.999993980 -0.001433917 -1.995958686 0.001285509 0.001429872 0.999998152 152.135375977
0.999995351 -0.002551439 -0.001653791 0.148218155 0.002549698 0.999996185 -0.001054237 -2.018917322 0.001656474 0.001050016 0.999998093 153.396331787
0.999997616 -0.001376929 -0.001689979 0.138399005 0.001377185 0.999999046 0.000149980 -2.043079138 0.001689770 -0.000152307 0.999998569 154.673233032
0.999996781 -0.001251536 -0.002198554 0.134196609 0.001253131 0.999998927 0.000724342 -2.063850880 0.002197645 -0.000727094 0.999997318 155.944168091
0.999995470 -0.001247199 -0.002730804 0.122700691 0.001248253 0.999999166 0.000384519 -2.085060596 0.002730322 -0.000387926 0.999996185 157.209197998
0.999993205 -0.000738543 -0.003612020 0.110014319 0.000740849 0.999999523 0.000637176 -2.104557037 0.003611548 -0.000639848 0.999993265 158.475830078
0.999987900 -0.001946637 -0.004511899 0.105966330 0.001954452 0.999996603 0.001728420 -2.128262997 0.004508519 -0.001737217 0.999988317 159.759552002
0.999988377 -0.000805791 -0.004755583 0.085367978 0.000816333 0.999997199 0.002215160 -2.148827314 0.004753784 -0.002219016 0.999986231 161.007492065
0.999984622 -0.000895391 -0.005474657 0.070811689 0.000903180 0.999998569 0.001420444 -2.173425913 0.005473377 -0.001425366 0.999984026 162.288909912
0.999981344 -0.000605270 -0.006081982 0.056409001 0.000607605 0.999999762 0.000382103 -2.196923733 0.006081749 -0.000385792 0.999981403 163.552688599
0.999976039 0.000049320 -0.006920697 0.040643930 -0.000047297 0.999999940 0.000292445 -2.220371008 0.006920711 -0.000292111 0.999975979 164.813919067
0.999970198 -0.000145427 -0.007717911 0.024148107 0.000143863 0.999999940 -0.000203253 -2.246269226 0.007717940 0.000202137 0.999970198 166.088562012
0.999962389 0.000160998 -0.008668336 0.007745862 -0.000170515 0.999999404 -0.001097187 -2.271847725 0.008668154 0.001098624 0.999961853 167.374191284
0.999955177 0.001085059 -0.009407166 0.022146583 -0.001095194 0.999998808 -0.001072355 -2.283986568 0.009405992 0.001082610 0.999955177 168.637741089
0.999946952 0.001518752 -0.010184949 0.003654242 -0.001513390 0.999998689 0.000534127 -2.309162378 0.010185747 -0.000518684 0.999947965 169.919631958
0.999940157 0.001091060 -0.010886331 -0.013557434 -0.001085414 0.999999285 0.000524558 -2.328684807 0.010886895 -0.000512711 0.999940634 171.180831909
0.999929249 0.001740681 -0.011765103 -0.035789609 -0.001732201 0.999998212 0.000730884 -2.345952034 0.011766355 -0.000710453 0.999930501 172.452682495
0.999918818 0.002096626 -0.012569353 -0.057174683 -0.002084780 0.999997377 0.000955472 -2.369409800 0.012571323 -0.000929190 0.999920547 173.742904663
0.999911606 0.002197906 -0.013114231 -0.084180593 -0.002192942 0.999997497 0.000392931 -2.393251419 0.013115062 -0.000364137 0.999913931 175.002807617
0.999904275 0.003047157 -0.013497531 -0.113580227 -0.003050458 0.999995351 -0.000223992 -2.412597418 0.013496785 0.000265144 0.999908864 176.270233154
0.999898434 0.002872274 -0.013959219 -0.141514063 -0.002871655 0.999995887 0.000064371 -2.429975748 0.013959346 -0.000024279 0.999902546 177.531066895
0.999899507 0.002665986 -0.013924945 -0.184291363 -0.002682447 0.999995708 -0.001163575 -2.456887007 0.013921783 0.001200811 0.999902368 178.775711060
0.999898553 0.001590122 -0.014154829 -0.205469847 -0.001633513 0.999993980 -0.003054422 -2.474697590 0.014149887 0.003077234 0.999895155 180.041229248
0.999893904 -0.001545382 -0.014482356 -0.227018833 0.001505958 0.999995112 -0.002732714 -2.502974749 0.014486508 0.002710614 0.999891400 181.304183960
0.999881446 -0.001696895 -0.015302753 -0.244823217 0.001717876 0.999997616 0.001358036 -2.532663107 0.015300412 -0.001384163 0.999881983 182.560974121
0.999883711 -0.002344512 -0.015069939 -0.271214962 0.002423347 0.999983490 0.005215148 -2.549890995 0.015057463 -0.005251061 0.999872863 183.826461792
0.999881864 -0.001612686 -0.015286097 -0.300065517 0.001683958 0.999987781 0.004650767 -2.565433025 0.015278410 -0.004675959 0.999872327 185.084579468
0.999891222 0.000054689 -0.014747488 -0.330823183 -0.000033896 0.999998987 0.001410158 -2.580944538 0.014747551 -0.001409505 0.999890268 186.334030151
0.999887526 -0.000662556 -0.014983746 -0.360082388 0.000659639 0.999999762 -0.000199639 -2.608920574 0.014983875 0.000189733 0.999887705 187.570220947
0.999884009 -0.000448473 -0.015225270 -0.384168148 0.000448104 0.999999881 -0.000027614 -2.629495621 0.015225281 0.000020788 0.999884069 188.820037842
0.999884963 -0.000652870 -0.015153019 -0.412365198 0.000669104 0.999999225 0.001066297 -2.652373075 0.015152311 -0.001076313 0.999884605 190.070190430
0.999887645 -0.000457308 -0.014982858 -0.437437296 0.000507295 0.999994338 0.003332653 -2.674126148 0.014981248 -0.003339880 0.999882221 191.320129395
0.999904752 -0.000764951 -0.013778773 -0.468729258 0.000821621 0.999991238 0.004107701 -2.698565722 0.013775510 -0.004118630 0.999896646 192.577590942
0.999918938 -0.000876574 -0.012700307 -0.487244248 0.000921693 0.999993265 0.003547185 -2.716559410 0.012697113 -0.003558604 0.999913037 193.818191528
0.999936640 -0.001780316 -0.011115822 -0.509391785 0.001801898 0.999996483 0.001931843 -2.736870050 0.011112344 -0.001951750 0.999936342 195.047302246
0.999944746 -0.002120247 -0.010296578 -0.524608374 0.002125436 0.999997616 0.000493019 -2.760099173 0.010295507 -0.000514876 0.999946892 196.293289185
0.999961138 -0.002523548 -0.008450676 -0.541562200 0.002525406 0.999996781 0.000209201 -2.784627676 0.008450121 -0.000230535 0.999964297 197.506637573
0.999973774 -0.001880949 -0.006995765 -0.560769320 0.001887084 0.999997854 0.000870461 -2.808702707 0.006994112 -0.000883640 0.999975145 198.727050781
0.999979496 -0.002248498 -0.005997497 -0.566106617 0.002264715 0.999993801 0.002698572 -2.830600262 0.005991391 -0.002712099 0.999978364 199.944244385
0.999988019 -0.001474204 -0.004670147 -0.583630502 0.001489499 0.999993563 0.003273300 -2.857280254 0.004665292 -0.003280217 0.999983728 201.154006958
0.999993205 -0.001213083 -0.003473486 -0.595299482 0.001224195 0.999994159 0.003198835 -2.871628284 0.003469585 -0.003203065 0.999988854 202.365097046
0.999994397 -0.001959878 -0.002704058 -0.601951838 0.001968045 0.999993503 0.003020982 -2.893305540 0.002698120 -0.003026287 0.999991775 203.576934814
0.999995649 -0.002235867 -0.001912020 -0.605677843 0.002242426 0.999991596 0.003435518 -2.914968014 0.001904322 -0.003439791 0.999992251 204.771118164
0.999998629 -0.001451361 -0.000808090 -0.620457053 0.001454181 0.999992788 0.003500443 -2.936779022 0.000803004 -0.003501613 0.999993563 205.961532593
0.999998331 -0.001830387 -0.000158099 -0.601256311 0.001831000 0.999990463 0.003963868 -2.956885338 0.000150842 -0.003964150 0.999992132 207.145446777
0.999995828 -0.002872359 -0.000189251 -0.600809574 0.002873033 0.999989152 0.003658606 -2.973098516 0.000178740 -0.003659134 0.999993265 208.308792114
0.999995768 -0.002895227 0.000253537 -0.609758914 0.002893948 0.999983728 0.004910375 -2.998693228 -0.000267750 -0.004909620 0.999987900 209.458862305
0.999993563 -0.003582913 -0.000066493 -0.616828144 0.003583234 0.999977291 0.005703025 -3.012279749 0.000046058 -0.005703227 0.999983728 210.597900391
0.999993801 -0.003459869 -0.000655385 -0.622493982 0.003463594 0.999977350 0.005769632 -3.032381773 0.000635408 -0.005771866 0.999983132 211.720489502
0.999995053 -0.002955478 -0.001090165 -0.632247090 0.002960707 0.999983966 0.004826386 -3.049771309 0.001075883 -0.004829589 0.999987781 212.819122314
0.999996781 -0.001982416 -0.001572945 -0.639113665 0.001988664 0.999990106 0.003980729 -3.070446968 0.001565038 -0.003983844 0.999990821 213.908096313
0.999994874 -0.002267042 -0.002254900 -0.645796180 0.002275340 0.999990642 0.003684316 -3.086292744 0.002246526 -0.003689428 0.999990642 214.975799561
0.999989867 -0.002762044 -0.003560220 -0.653677821 0.002775119 0.999989390 0.003672967 -3.109346390 0.003550038 -0.003682810 0.999986947 216.028198242
0.999981940 -0.003229226 -0.005068682 -0.662911415 0.003252072 0.999984562 0.004505489 -3.126802444 0.005054054 -0.004521892 0.999976993 217.086517334
0.999962032 -0.004330119 -0.007562669 -0.673402429 0.004376864 0.999971330 0.006175472 -3.143036604 0.007535711 -0.006208338 0.999952316 218.119247437
0.999944925 -0.004192328 -0.009622779 -0.689786911 0.004268397 0.999959707 0.007898201 -3.157967329 0.009589279 -0.007938839 0.999922514 219.145935059
0.999918282 -0.004195394 -0.012077503 -0.704769611 0.004295775 0.999956369 0.008297450 -3.178561687 0.012042165 -0.008348653 0.999892652 220.153259277
0.999886453 -0.003374430 -0.014687941 -0.728902102 0.003481091 0.999967694 0.007242335 -3.185434818 0.014663029 -0.007292643 0.999865890 221.165328979
0.999848008 -0.003196262 -0.017137691 -0.751897573 0.003326746 0.999965668 0.007590763 -3.199994564 0.017112840 -0.007646622 0.999824345 222.133575439
0.999797881 -0.003005788 -0.019877471 -0.780340195 0.003165048 0.999963105 0.007985488 -3.215837002 0.019852735 -0.008046787 0.999770522 223.074417114
0.999759257 -0.002067381 -0.021843249 -0.793590546 0.002242553 0.999965489 0.007998036 -3.228980541 0.021825960 -0.008045096 0.999729395 224.006561279
0.999690771 -0.002000999 -0.024785265 -0.823797226 0.002176093 0.999972880 0.007039476 -3.235895157 0.024770506 -0.007091235 0.999668002 224.909072876
0.999613106 -0.002319513 -0.027718388 -0.857067108 0.002495098 0.999977052 0.006301724 -3.251942158 0.027703134 -0.006368446 0.999595881 225.793594360
0.999524593 -0.001399211 -0.030800018 -0.895438671 0.001591914 0.999979317 0.006232954 -3.267787695 0.030790661 -0.006279021 0.999506116 226.656723022
0.999412060 -0.000537853 -0.034281574 -0.920901775 0.000736959 0.999982953 0.005795580 -3.286525249 0.034277871 -0.005817437 0.999395430 227.476745605
0.999331832 0.001213211 -0.036529131 -0.960292816 -0.001017389 0.999985039 0.005378828 -3.296444654 0.036535110 -0.005338070 0.999318123 228.293136597
0.999311268 0.001949746 -0.037056524 -0.999415874 -0.001749146 0.999983668 0.005444985 -3.305080652 0.037066534 -0.005376418 0.999298334 229.094894409
0.999307871 0.001355401 -0.037175193 -1.021221161 -0.001084105 0.999972641 0.007316961 -3.331148624 0.037184097 -0.007271595 0.999282002 229.893280029
0.999318659 0.001110579 -0.036890902 -1.051589966 -0.000824851 0.999969542 0.007759540 -3.342227697 0.036898397 -0.007723824 0.999289155 230.652496338
0.999342561 0.000934728 -0.036243722 -1.083657265 -0.000658495 0.999970675 0.007632738 -3.357263088 0.036249794 -0.007603853 0.999313831 231.395782471
0.999347866 0.001089236 -0.036091961 -1.114368916 -0.000892307 0.999984622 0.005471971 -3.369194031 0.036097366 -0.005436197 0.999333501 232.131729126
0.999382555 0.000993111 -0.035121497 -1.141754150 -0.000870126 0.999993443 0.003516818 -3.382068634 0.035124760 -0.003484086 0.999376833 232.862106323
0.999422729 0.001026211 -0.033958133 -1.169869423 -0.000954644 0.999997318 0.002123637 -3.395513058 0.033960219 -0.002089993 0.999421000 233.585327148
0.999458671 0.001729756 -0.032853406 -1.193246841 -0.001684439 0.999997616 0.001406984 -3.401208639 0.032855760 -0.001350883 0.999459207 234.316040039
0.999517977 0.001267399 -0.031019244 -1.217814445 -0.001225793 0.999998331 0.001360267 -3.414314270 0.031020917 -0.001321588 0.999517858 235.035446167
0.999571502 0.001396722 -0.029238405 -1.240936756 -0.001350388 0.999997795 0.001604364 -3.430622101 0.029240582 -0.001564194 0.999571204 235.742828369
0.999619305 0.001402441 -0.027555112 -1.263410568 -0.001365638 0.999998152 0.001354408 -3.441053629 0.027556961 -0.001316262 0.999619365 236.464584351
0.999680579 0.001302034 -0.025240818 -1.284455776 -0.001281924 0.999998868 0.000812899 -3.455157757 0.025241848 -0.000780282 0.999681056 237.194290161
0.999738991 0.001025379 -0.022824358 -1.297780037 -0.000996741 0.999998689 0.001266066 -3.466478825 0.022825627 -0.001242985 0.999738693 237.899459839
0.999815464 0.000043656 -0.019209774 -1.316676378 -0.000004789 0.999997973 0.002023361 -3.480304718 0.019209823 -0.002022896 0.999813437 238.614852905
0.999869108 -0.000646790 -0.016165359 -1.327290297 0.000680505 0.999997616 0.002080182 -3.491322756 0.016163975 -0.002090910 0.999867141 239.289474487
0.999915659 -0.000250763 -0.012986111 -1.338023186 0.000284142 0.999996662 0.002568586 -3.508492470 0.012985423 -0.002572059 0.999912381 239.988967896
0.999950409 -0.000635830 -0.009937369 -1.346734405 0.000655341 0.999997854 0.001960182 -3.517402411 0.009936102 -0.001966598 0.999948680 240.678710938
0.999976933 -0.001120431 -0.006695149 -1.358217239 0.001133700 0.999997377 0.001978436 -3.529717684 0.006692914 -0.001985981 0.999975622 241.366699219
0.999992132 -0.000266355 -0.003963983 -1.362155795 0.000269706 0.999999583 0.000844720 -3.538476706 0.003963756 -0.000845783 0.999991775 242.063095093
0.999999285 -0.000236093 -0.001167098 -1.362489700 0.000236725 0.999999821 0.000541663 -3.552147150 0.001166970 -0.000541939 0.999999166 242.759506226
0.999998629 0.000067497 0.001642058 -1.364513993 -0.000070093 0.999998748 0.001580986 -3.563937187 -0.001641949 -0.001581099 0.999997377 243.468795776
0.999991357 0.000204446 0.004153804 -1.364345670 -0.000213652 0.999997497 0.002215953 -3.574393988 -0.004153341 -0.002216822 0.999988914 244.174896240
0.999977708 -0.000254721 0.006669878 -1.362879634 0.000240934 0.999997854 0.002067887 -3.586111069 -0.006670390 -0.002066233 0.999975622 244.878829956
0.999961138 -0.000069287 0.008818229 -1.350968122 0.000064231 0.999999821 0.000573581 -3.597250938 -0.008818267 -0.000572993 0.999960959 245.581756592
0.999942958 -0.000527492 0.010669943 -1.347382545 0.000548464 0.999997914 -0.001962697 -3.607018471 -0.010668886 0.001968438 0.999941170 246.289260864
0.999928296 -0.000978871 0.011935631 -1.341832638 0.001025118 0.999992013 -0.003869194 -3.616231918 -0.011931747 0.003881152 0.999921262 247.005386353
0.999927878 -0.000810468 0.011984142 -1.330888510 0.000856997 0.999992132 -0.003877916 -3.631360054 -0.011980904 0.003887907 0.999920666 247.729843140
0.999926329 -0.002395643 0.011898946 -1.321441174 0.002447768 0.999987483 -0.004367973 -3.646556139 -0.011888333 0.004396777 0.999919653 248.459182739
0.999929667 -0.000094533 0.011860983 -1.317586899 0.000151092 0.999988616 -0.004767697 -3.658611298 -0.011860398 0.004769153 0.999918282 249.187286377
0.999925733 0.000064239 0.012187186 -1.311018944 -0.000002170 0.999987006 -0.005092937 -3.672223091 -0.012187355 0.005092532 0.999912739 249.928802490
0.999924600 -0.000658929 0.012259988 -1.303909779 0.000746684 0.999974132 -0.007154664 -3.688436985 -0.012254956 0.007163279 0.999899268 250.679916382
0.999908447 -0.004758453 0.012668524 -1.294730902 0.004872528 0.999947727 -0.008989036 -3.706374645 -0.012625088 0.009049941 0.999879360 251.425369263
0.999875426 -0.008110729 0.013540007 -1.285633802 0.008243890 0.999917924 -0.009807927 -3.719611168 -0.013459346 0.009918327 0.999860227 252.181808472
0.999884009 -0.005454112 0.014218392 -1.280129194 0.005540578 0.999966383 -0.006048992 -3.730984449 -0.014184922 0.006127069 0.999880612 252.959701538
0.999891460 -0.001663429 0.014638409 -1.275656700 0.001661351 0.999998629 0.000154140 -3.746025562 -0.014638645 -0.000129804 0.999892831 253.729446411
0.999879003 -0.002490534 0.015353118 -1.264656782 0.002434313 0.999990284 0.003679435 -3.760578394 -0.015362132 -0.003641616 0.999875367 254.513732910
0.999831855 -0.003658679 0.017969154 -1.251564026 0.003633244 0.999992371 0.001447910 -3.770127773 -0.017974313 -0.001382380 0.999837518 255.317749023
0.999753356 -0.003147705 0.021985542 -1.246508598 0.003252775 0.999983430 -0.004744928 -3.775130749 -0.021970242 0.004815272 0.999747038 256.110229492
0.999652147 -0.000840060 0.026361216 -1.239975929 0.001062206 0.999964058 -0.008414119 -3.785423756 -0.026353199 0.008439193 0.999617100 256.914855957
0.999566793 0.000881906 0.029419038 -1.220624924 -0.000640557 0.999966085 -0.008212260 -3.800546646 -0.029425282 0.008189858 0.999533415 257.728668213
0.999490142 -0.000241903 0.031928670 -1.184401512 0.000438823 0.999980927 -0.006160654 -3.812827826 -0.031926572 0.006171524 0.999471188 258.548309326
0.999389529 -0.003342564 0.034776967 -1.149737358 0.003441034 0.999990225 -0.002772001 -3.830592394 -0.034767359 0.002889977 0.999391258 259.384002686
0.999273062 -0.006351943 0.037589259 -1.119580269 0.006411391 0.999978364 -0.001461186 -3.844677925 -0.037579168 0.001701123 0.999292195 260.222961426
0.999158025 -0.006053034 0.040578783 -1.085036278 0.006078159 0.999981403 -0.000495826 -3.867282391 -0.040575027 0.000742053 0.999176204 261.071228027
0.999067426 -0.003683396 0.043019630 -1.051445961 0.003794395 0.999989688 -0.002498823 -3.881160736 -0.043009982 0.002659727 0.999071121 261.913970947
0.998945773 -0.002677687 0.045827873 -1.024957657 0.002902163 0.999984086 -0.004832411 -3.897502422 -0.045814205 0.004960316 0.998937666 262.754486084
0.998822272 -0.002403115 0.048458755 -1.000349045 0.002638493 0.999985039 -0.004793898 -3.915658474 -0.048446510 0.004916110 0.998813689 263.576599121
0.998680890 -0.001479090 0.051325928 -0.963274002 0.001615579 0.999995291 -0.002617871 -3.933732510 -0.051321812 0.002697339 0.998678505 264.417144775
0.998514950 0.000134730 0.054478068 -0.923955917 -0.000072783 0.999999344 -0.001139073 -3.948332310 -0.054478187 0.001133416 0.998514295 265.267700195
0.998384535 0.000554168 0.056815531 -0.869126320 -0.000469675 0.999998748 -0.001500493 -3.960952520 -0.056816291 0.001471385 0.998383582 266.137420654
0.998240471 0.000828361 0.059289835 -0.820872307 -0.000718859 0.999997973 -0.001868193 -3.976788282 -0.059291266 0.001822285 0.998239040 266.980651855
0.998089850 -0.001219128 0.061767496 -0.768800735 0.001371883 0.999996126 -0.002430716 -3.988086224 -0.061764292 0.002510811 0.998087585 267.817413330
0.997977614 -0.004228604 0.063425079 -0.708736420 0.004364963 0.999988437 -0.002011512 -4.003406525 -0.063415840 0.002284293 0.997984588 268.664672852
0.997930884 -0.004637650 0.064128295 -0.651304245 0.004786060 0.999986231 -0.002160847 -4.016358852 -0.064117387 0.002463298 0.997939348 269.518585205
0.997904003 -0.005709788 0.064459421 -0.599098206 0.005832378 0.999981523 -0.001713814 -4.037924767 -0.064448446 0.002086173 0.997918844 270.362548828
0.997875512 -0.006084289 0.064864531 -0.547348022 0.006186877 0.999979913 -0.001380833 -4.056308746 -0.064854831 0.001779208 0.997893095 271.212066650
0.997891426 -0.005786648 0.064647026 -0.495691299 0.005863500 0.999982297 -0.000999125 -4.068504333 -0.064640097 0.001376076 0.997907698 272.070617676
0.997956574 -0.005235962 0.063681357 -0.440944672 0.005305251 0.999985516 -0.000919013 -4.080383301 -0.063675620 0.001254981 0.997969866 272.926239014
0.998005569 -0.005616568 0.062875576 -0.397804260 0.005696955 0.999983191 -0.001099290 -4.099877357 -0.062868342 0.001455297 0.998020768 273.792480469
0.998111725 -0.005564556 0.061171625 -0.347885132 0.005711393 0.999981225 -0.002225821 -4.114473343 -0.061158091 0.002570993 0.998124778 274.646148682
0.998204350 -0.004943549 0.059696045 -0.299585342 0.005135541 0.999982119 -0.003063160 -4.131827354 -0.059679836 0.003364231 0.998211920 275.517059326
0.998307824 -0.004007640 0.058012448 -0.252996445 0.004217414 0.999984980 -0.003494036 -4.146439075 -0.057997577 0.003732786 0.998309731 276.368316650
0.998402894 -0.002939638 0.056418702 -0.215276718 0.003136773 0.999989271 -0.003405903 -4.169335842 -0.056408085 0.003577436 0.998401403 277.215759277
0.998530924 -0.002352298 0.054133523 -0.173152924 0.002524548 0.999991953 -0.003113780 -4.183178425 -0.054125767 0.003245868 0.998528838 278.059661865
0.998689651 -0.002525806 0.051114041 -0.137437820 0.002606513 0.999995470 -0.001512359 -4.202984810 -0.051109988 0.001643607 0.998691678 278.911285400
0.998888910 -0.003792047 0.046974707 -0.102818489 0.003750030 0.999992490 0.000982560 -4.219977856 -0.046978079 -0.000805312 0.998895586 279.752410889
0.999105632 -0.005367230 0.041942459 -0.070225716 0.005251474 0.999982119 0.002869580 -4.239000797 -0.041957110 -0.002646754 0.999115884 280.598480225
0.999286711 -0.005951430 0.037291750 -0.046997070 0.005788485 0.999973238 0.004475906 -4.257784843 -0.037317391 -0.004256851 0.999294400 281.430541992
0.999432981 -0.005966545 0.033138212 -0.032830238 0.005810085 0.999971509 0.004815720 -4.266122818 -0.033165999 -0.004620454 0.999439180 282.251373291
0.999578595 -0.006999065 0.028172227 -0.006536007 0.006839716 0.999960065 0.005748624 -4.284584045 -0.028211337 -0.005553512 0.999586582 283.067810059
0.999694884 -0.007751339 0.023453299 0.006358624 0.007624465 0.999955833 0.005494236 -4.291778088 -0.023494853 -0.005313740 0.999709845 283.868347168
0.999781966 -0.007706145 0.019408206 0.015448570 0.007602201 0.999956369 0.005423808 -4.305577278 -0.019449156 -0.005275080 0.999796927 284.660522461
0.999855459 -0.007384818 0.015312608 0.027092457 0.007308349 0.999960601 0.005043819 -4.316689014 -0.015349252 -0.004931180 0.999870062 285.433441162
