1.000000000 0.000000000 0.000000000 0.000000000 0.000000000 1.000000000 0.000000000 0.000000000 0.000000000 0.000000000 1.000000000 0.000000000
0.999978960 0.000407879 -0.006473320 -0.008256541 -0.000405264 0.999999821 0.000405270 -0.001970891 0.006473484 -0.000402638 0.999978960 0.091709390
0.999907076 0.000959773 -0.013598165 -0.016229937 -0.000958043 0.999999523 0.000133698 -0.001617987 0.013598287 -0.000120658 0.999907553 0.188552171
0.999772489 0.001366917 -0.021286039 -0.026079871 -0.001379175 0.999998868 -0.000561158 -0.002126015 0.021285247 0.000590387 0.999773264 0.285262555
0.999540567 0.001681635 -0.030261835 -0.042462125 -0.001741589 0.999996543 -0.001954918 -0.002209377 0.030258443 0.002006724 0.999540091 0.390649676
0.999125481 0.001925242 -0.041767824 -0.058958977 -0.002070077 0.999992013 -0.003424662 -0.004944365 0.041760895 0.003508130 0.999121487 0.501207232
0.998479128 0.001735863 -0.055103309 -0.084257036 -0.001961428 0.999989927 -0.004039686 -0.007946679 0.055095743 0.004141623 0.998472512 0.626082242
0.997428179 0.001854583 -0.071649455 -0.108822659 -0.002178341 0.999987781 -0.004440765 -0.004031897 0.071640342 0.004585421 0.997420013 0.761146724
0.995905221 0.000211961 -0.090403423 -0.135108396 -0.000592316 0.999991059 -0.004180496 -0.009323238 0.090401731 0.004216925 0.995896459 0.916519403
0.993912935 -0.000759278 -0.110165901 -0.176086277 0.000279881 0.999990404 -0.004366999 -0.012642370 0.110168166 0.004309583 0.993903637 1.075495243
0.991225481 -0.001132336 -0.132176995 -0.223524526 0.000513430 0.999988735 -0.004716392 -0.015224347 0.132180840 0.004607144 0.991214931 1.235849380
0.987703383 0.002474830 -0.156320021 -0.278656483 -0.003473823 0.999975264 -0.006117822 -0.019719200 0.156301022 0.006585621 0.987687528 1.404180169
0.983311296 0.006870109 -0.181801155 -0.345502228 -0.008370199 0.999936938 -0.007485300 -0.026905842 0.181738257 0.008882091 0.983306825 1.580047607
0.977937400 0.009864566 -0.208665073 -0.411377341 -0.011923444 0.999891818 -0.008611324 -0.027551308 0.208557546 0.010909342 0.977949262 1.747957110
0.971247017 0.010583497 -0.237838715 -0.490954995 -0.013083640 0.999874473 -0.008935799 -0.028564507 0.237714291 0.011790664 0.971263528 1.934704185
0.963174939 0.012345959 -0.268591940 -0.579277754 -0.015148823 0.999850273 -0.008365316 -0.033218633 0.268448442 0.012126115 0.963217735 2.131320715
0.953739583 0.014382505 -0.300289780 -0.677477062 -0.017473361 0.999818385 -0.007609794 -0.032001246 0.300125808 0.012504834 0.953817666 2.321456194
0.942457199 0.016077392 -0.333940089 -0.775936246 -0.019346563 0.999791920 -0.006466015 -0.033026300 0.333766639 0.012554535 0.942572117 2.507672310
0.929927468 0.018350916 -0.367284775 -0.871578455 -0.021980558 0.999742150 -0.005701684 -0.039641857 0.367085427 0.013375277 0.930091083 2.677507162
0.916085780 0.021221315 -0.400420338 -0.994293988 -0.025394358 0.999664426 -0.005117663 -0.039619993 0.400177360 0.014856636 0.916317284 2.859842062
0.900044739 0.022003973 -0.435241669 -1.111127138 -0.026575342 0.999637067 -0.004418258 -0.041060254 0.434986472 0.015543325 0.900302827 3.033899307
0.881622612 0.017737033 -0.471621662 -1.234224319 -0.022720674 0.999729991 -0.004874283 -0.043517180 0.471407861 0.015012841 0.881787539 3.210237741
0.860324800 0.012513784 -0.509592593 -1.368488789 -0.017677030 0.999829769 -0.005291156 -0.047398392 0.509439647 0.013560196 0.860399544 3.387961149
0.835228443 0.014133178 -0.549721420 -1.528901100 -0.018358657 0.999829054 -0.002188219 -0.050849900 0.549596548 0.011919810 0.835345149 3.568405151
0.806158841 0.019795032 -0.591368020 -1.705139399 -0.023107674 0.999731064 0.001963672 -0.057657901 0.591247857 0.012082107 0.806399405 3.729779720
0.773680091 0.022911064 -0.633162081 -1.902988434 -0.026494358 0.999641776 0.003797922 -0.060501933 0.633022249 0.013836845 0.774009943 3.896526814
0.737637877 0.021777222 -0.674845278 -2.115610361 -0.025488181 0.999665439 0.004399362 -0.060163885 0.674715281 0.013955442 0.737946153 4.067333221
0.697550774 0.017441453 -0.716323078 -2.332814217 -0.019390931 0.999797046 0.005460882 -0.059288882 0.716272950 0.010080929 0.697747409 4.235273361
0.654466271 0.013602197 -0.755968809 -2.569663048 -0.014083453 0.999884009 0.005798485 -0.056599729 0.755959988 0.006851739 0.654581964 4.400559902
0.609763503 0.014166540 -0.792456806 -2.829243183 -0.011899061 0.999891162 0.008718942 -0.062134027 0.792494118 0.004112999 0.609865725 4.545639038
0.561374962 0.014630361 -0.827432215 -3.105953693 -0.009519495 0.999891698 0.011221186 -0.058020920 0.827506781 0.001577444 0.561453462 4.683644772
0.510852933 0.015831269 -0.859522343 -3.405911207 -0.008156572 0.999874651 0.013568556 -0.054802358 0.859629393 0.000079220 0.510918081 4.806919098
0.458800167 0.016719716 -0.888382137 -3.722569466 -0.007770397 0.999860227 0.014804798 -0.042005733 0.888505518 0.000110638 0.458865970 4.907950401
0.404123366 0.018917270 -0.914508879 -4.053922653 -0.006334602 0.999820054 0.017882720 -0.040206715 0.914682567 -0.001433775 0.404170483 5.003222942
0.347627044 0.020832200 -0.937401414 -4.405168533 -0.006094155 0.999782264 0.019958546 -0.031990618 0.937613070 -0.001225460 0.347678274 5.100547791
0.292228431 0.023807948 -0.956052184 -4.783053398 -0.003488693 0.999709964 0.023828771 -0.025254518 0.956342161 -0.003628072 0.292226732 5.174592972
0.238722339 0.025635058 -0.970749438 -5.156135559 0.001076939 0.999643922 0.026662923 -0.026575327 0.971087277 -0.007410474 0.238609716 5.232063770
0.187913328 0.026049878 -0.981840074 -5.540075779 0.003471328 0.999624372 0.027186099 -0.021764278 0.982179463 -0.008516920 0.187752306 5.264330864
0.140344769 0.027374776 -0.989724159 -5.923657417 0.000756476 0.999614477 0.027755601 -0.019229069 0.990102410 -0.004644056 0.140269950 5.274167538
0.098071970 0.027840057 -0.994789839 -6.347366333 -0.000896159 0.999610662 0.027886624 -0.010993123 0.995178938 -0.001843406 0.098058738 5.272981167
0.060294755 0.026165986 -0.997837603 -6.793304920 -0.002178950 0.999657452 0.026082043 -0.000418544 0.998178244 0.000601628 0.060331114 5.262474537
0.025816191 0.023412960 -0.999392509 -7.256199360 -0.001506343 0.999725461 0.023381848 0.008604288 0.999665558 0.000901798 0.025844371 5.247974396
-0.005290116 0.020669922 -0.999772370 -7.718354225 -0.000783014 0.999785960 0.020674346 0.012252837 0.999985695 0.000892205 -0.005272799 5.218487263
-0.032083098 0.018709412 -0.999310076 -8.211609840 -0.001002609 0.999823689 0.018751217 0.018040538 0.999484718 0.001603514 -0.032058682 5.183265686
-0.052711271 0.016177462 -0.998478770 -8.717628479 -0.001765251 0.999865711 0.016293123 0.029380135 0.998608232 0.002621397 -0.052675635 5.136257648
-0.068866670 0.015637573 -0.997503281 -9.232651711 -0.001226416 0.999875069 0.015759423 0.039430097 0.997625113 0.002308653 -0.068838887 5.088587761
-0.081792690 0.015897587 -0.996522546 -9.776842117 -0.000513141 0.999871969 0.015993139 0.048212588 0.996649206 0.001819479 -0.081774056 5.029909134
-0.091411784 0.017106086 -0.995666265 -10.326935768 -0.000615799 0.999851286 0.017234525 0.052953266 0.995813012 0.002188569 -0.091387652 4.971009731
-0.098363988 0.018459659 -0.994979262 -10.894010544 -0.002755733 0.999819040 0.018821882 0.051359788 0.995146692 0.004593293 -0.098295316 4.909503937
-0.102825701 0.019678680 -0.994504690 -11.477212906 -0.002853484 0.999794364 0.020078380 0.053440198 0.994695306 0.004902376 -0.102748401 4.847113132
-0.104213186 0.020266337 -0.994348466 -12.082612038 -0.000876231 0.999790132 0.020469079 0.066586688 0.994554579 0.003004427 -0.104173556 4.780668259
-0.102993757 0.022420950 -0.994429290 -12.699494362 0.001663121 0.999748409 0.022368627 0.076132849 0.994680583 0.000649973 -0.103005134 4.715082645
-0.101525389 0.025001945 -0.994518697 -13.339867592 0.001142517 0.999686420 0.025015226 0.080792814 0.994832277 0.001403426 -0.101522118 4.648046494
-0.099786811 0.024848755 -0.994698524 -13.996251106 -0.001240074 0.999684215 0.025097707 0.085813940 0.995008051 0.003737920 -0.099724486 4.573304176
-0.098315507 0.022410475 -0.994902909 -14.662494659 -0.002888836 0.999735773 0.022804808 0.095009670 0.995151103 0.005116177 -0.098224789 4.507556915
-0.096858464 0.022332985 -0.995047569 -15.342406273 -0.002936356 0.999737442 0.022724072 0.108389333 0.995293856 0.005122832 -0.096767455 4.435768127
-0.095085166 0.024979232 -0.995155692 -16.055456161 -0.003446043 0.999670863 0.025421830 0.122596830 0.995463192 0.005846588 -0.094967790 4.367326260
-0.093455270 0.028594457 -0.995212793 -16.771005630 -0.004129699 0.999567747 0.029107383 0.130226076 0.995614886 0.006830167 -0.093296789 4.301548481
-0.091671109 0.030668326 -0.995316982 -17.498914719 -0.004215153 0.999504745 0.031185588 0.141439527 0.995780408 0.007054231 -0.091496438 4.230217934
-0.089874968 0.030081598 -0.995498657 -18.236606598 -0.005663539 0.999512136 0.030714188 0.153294504 0.995936930 0.008398482 -0.089660756 4.158558846
-0.088287063 0.026583940 -0.995740294 -18.987710953 -0.008446765 0.999587893 0.027435591 0.173545480 0.996059239 0.010832992 -0.088026129 4.085525513
-0.086670168 0.026013298 -0.995897353 -19.770874023 -0.009254203 0.999594867 0.026915245 0.188840508 0.996194065 0.011548986 -0.086394325 4.014574051
-0.085040189 0.028603489 -0.995966852 -20.546743393 -0.006821414 0.999547720 0.029288771 0.204799086 0.996354163 0.009284625 -0.084806614 3.948582172
-0.083981179 0.030623186 -0.995996654 -21.336978912 -0.004927124 0.999502659 0.031146431 0.219116539 0.996455133 0.007523113 -0.083788529 3.881924152
-0.082650408 0.032617450 -0.996044695 -22.139013290 -0.003630770 0.999447763 0.033030167 0.229386270 0.996572018 0.006346366 -0.082486339 3.813801527
-0.082284890 0.027990190 -0.996215701 -22.924160004 -0.003698769 0.999590039 0.028390508 0.234137475 0.996601999 0.006020882 -0.082147628 3.747373104
-0.081966989 0.020838242 -0.996417165 -23.725000381 -0.002495632 0.999773979 0.021113738 0.247189671 0.996631920 0.004217320 -0.081896454 3.684422016
-0.082103699 0.016399339 -0.996488869 -24.555669785 0.001250688 0.999865532 0.016351862 0.254625738 0.996622980 0.000096252 -0.082113169 3.610222816
-0.082572058 0.016867744 -0.996442318 -25.385728836 0.002456811 0.999857187 0.016721962 0.268246740 0.996582091 -0.001067304 -0.082601704 3.541678905
-0.082521304 0.024537180 -0.996287167 -26.227544785 0.001718558 0.999698877 0.024478858 0.272843093 0.996587813 0.000307850 -0.082538620 3.463692188
-0.083144970 0.031870760 -0.996027708 -27.082496643 0.000014268 0.999488473 0.031980306 0.279941499 0.996537447 0.002644790 -0.083102897 3.394243479
-0.083332188 0.037182320 -0.995827913 -27.928953171 -0.002044906 0.999295175 0.037482902 0.290611565 0.996519744 0.005159907 -0.083197422 3.307068348
-0.083615378 0.037526704 -0.995791256 -28.772380829 -0.003861264 0.999270976 0.037982065 0.302509964 0.996490598 0.007020897 -0.083409518 3.228509426
-0.084067740 0.033797618 -0.995886683 -29.611528397 -0.003791216 0.999406576 0.034237105 0.321771622 0.996452808 0.006653858 -0.083889715 3.152629137
-0.084179118 0.031356025 -0.995957136 -30.437652588 -0.003926256 0.999486566 0.031798992 0.335313678 0.996442914 0.006587194 -0.084012792 3.078386545
-0.084287450 0.032708235 -0.995904505 -31.289993286 -0.005269191 0.999432504 0.033270057 0.347731471 0.996427536 0.008051859 -0.084067270 2.990948677
-0.084370300 0.034811337 -0.995826185 -32.131298065 -0.006365767 0.999350309 0.035473861 0.360523045 0.996414125 0.009332137 -0.084093884 2.917884350
-0.084198654 0.033325586 -0.995891571 -32.957874298 -0.007650509 0.999389529 0.034089457 0.367691815 0.996419609 0.010489363 -0.083892293 2.843515873
-0.083989277 0.028220443 -0.996066988 -33.780708313 -0.008167494 0.999545813 0.029007696 0.381334245 0.996433198 0.010571706 -0.083720639 2.773670912
-0.083649777 0.023862751 -0.996209443 -34.618194580 -0.009699585 0.999646366 0.024759533 0.394935161 0.996447980 0.011733947 -0.083388738 2.690401077
-0.083043694 0.024814460 -0.996236920 -35.446182251 -0.009987984 0.999619007 0.025731275 0.397202671 0.996495843 0.012087218 -0.082764208 2.616579771
-0.082498156 0.027505137 -0.996211588 -36.275150299 -0.008657740 0.999561548 0.028314594 0.403826892 0.996553600 0.010960842 -0.082223855 2.545622110
-0.081769519 0.032332364 -0.996126652 -37.127521515 -0.008129238 0.999418795 0.033106528 0.417471349 0.996618092 0.010804856 -0.081459157 2.460982561
-0.081520848 0.038091183 -0.995943487 -37.951332092 -0.007809278 0.999214351 0.038855493 0.432641864 0.996641040 0.010945132 -0.081159331 2.400221586
-0.081411496 0.041222803 -0.995827734 -38.791793823 -0.008325819 0.999081314 0.042038143 0.448294520 0.996645808 0.011713469 -0.080993496 2.316399813
-0.081136748 0.041118596 -0.995854437 -39.620540619 -0.007745681 0.999092460 0.041883368 0.468930721 0.996672869 0.011111852 -0.080744624 2.247076988
-0.081330456 0.036626048 -0.996013999 -40.444179535 -0.007918482 0.999269307 0.037392344 0.490437865 0.996655762 0.010928055 -0.080981001 2.181449652
-0.080867678 0.032155391 -0.996206045 -41.283088684 -0.008492460 0.999420941 0.032948542 0.508477569 0.996688664 0.011124712 -0.080547772 2.100912333
-0.080443136 0.029535368 -0.996321499 -42.102291107 -0.012963965 0.999445319 0.030674685 0.517759919 0.996674895 0.015383844 -0.080015622 2.019690037
-0.080628216 0.027744312 -0.996358037 -42.931324005 -0.015915576 0.999449253 0.029118324 0.533597589 0.996617198 0.018205371 -0.080142245 1.935673475
-0.081448644 0.025607470 -0.996348500 -43.748729706 -0.013798716 0.999545097 0.026817631 0.544353962 0.996582031 0.015932590 -0.081058241 1.868229389
-0.082600892 0.021800419 -0.996344209 -44.578643799 -0.010375143 0.999687731 0.022733716 0.553333640 0.996528685 0.012215039 -0.082348913 1.798839331
-0.083421715 0.020680871 -0.996299684 -45.398250580 -0.005747078 0.999758005 0.021233870 0.559019208 0.996497750 0.007497178 -0.083282672 1.733447790
-0.085598469 0.024222698 -0.996035218 -46.204994202 -0.005453950 0.999678075 0.024779998 0.568846405 0.996314764 0.007553456 -0.085438803 1.674939156
-0.086996086 0.030062398 -0.995754957 -47.038749695 -0.003929124 0.999526441 0.030519538 0.577208340 0.996200919 0.006567525 -0.086836770 1.591363907
-0.089032672 0.034170233 -0.995442390 -47.854179382 -0.001601969 0.999405146 0.034449540 0.582515717 0.996027410 0.004661803 -0.088924974 1.526588917
-0.090398237 0.033296891 -0.995348930 -48.664009094 -0.001571979 0.999434948 0.033576343 0.592249274 0.995904446 0.004599910 -0.090294816 1.447093964
-0.091310799 0.029155210 -0.995395541 -49.453029633 -0.005129601 0.999544263 0.029747281 0.603519320 0.995809257 0.007822230 -0.091119632 1.363423824
-0.092687808 0.025583848 -0.995366454 -50.247749329 -0.009634342 0.999599993 0.026589803 0.609313786 0.995648623 0.012054252 -0.092404246 1.272199631
-0.094382241 0.024381671 -0.995237410 -51.050525665 -0.013674804 0.999574006 0.025784746 0.616972446 0.995442092 0.016043300 -0.094008625 1.185887337
-0.094632573 0.025318990 -0.995190263 -51.852401733 -0.015721032 0.999513865 0.026923899 0.622088194 0.995388150 0.018193297 -0.094188526 1.087831020
-0.095723741 0.026969699 -0.995042503 -52.640300751 -0.015730947 0.999467075 0.028602948 0.628754139 0.995283604 0.018390942 -0.095248461 1.007906914
-0.096490227 0.026607206 -0.994978249 -53.421897888 -0.017774569 0.999437153 0.028450172 0.634032667 0.995175183 0.020430474 -0.095962986 0.923735619
-0.097030520 0.026439374 -0.994930148 -54.199016571 -0.018448994 0.999427557 0.028358126 0.641864300 0.995110393 0.021107063 -0.096487194 0.841484547
-0.097473934 0.028263306 -0.994836688 -54.968360901 -0.016483948 0.999413729 0.030008435 0.651208162 0.995101571 0.019323876 -0.096950896 0.760319710
-0.097702213 0.031008111 -0.994732499 -55.739059448 -0.015900236 0.999338269 0.032713398 0.663164616 0.995088696 0.019012654 -0.097144529 0.684140205
-0.097885244 0.035408374 -0.994567633 -56.509803772 -0.015894616 0.999183774 0.037137061 0.672217369 0.995070755 0.019443439 -0.097242542 0.601771832
-0.098530523 0.037485864 -0.994427741 -57.273159027 -0.016321007 0.999094963 0.039278928 0.685021520 0.995000184 0.020100236 -0.097829543 0.524971485
-0.099148698 0.037595894 -0.994362175 -58.020847321 -0.015681459 0.999102890 0.039338749 0.695618987 0.994949043 0.019493435 -0.098470189 0.450038433
-0.099424548 0.035801049 -0.994400859 -58.761711121 -0.015234452 0.999180615 0.037496343 0.703361630 0.994928479 0.018877208 -0.098797671 0.373788834
-0.099461749 0.031979788 -0.994527340 -59.495861053 -0.014662235 0.999327779 0.033600505 0.721364021 0.994933367 0.017923959 -0.098925993 0.293370724
-0.099365927 0.028852336 -0.994632602 -60.224754333 -0.015194486 0.999418974 0.030509142 0.736921191 0.994934916 0.018144500 -0.098869801 0.217827797
-0.098354496 0.026464963 -0.994799495 -60.930892944 -0.015557210 0.999483287 0.028127689 0.746545315 0.995029807 0.018242789 -0.097891949 0.147957802
-0.096038744 0.025794216 -0.995043337 -61.624969482 -0.018432876 0.999446690 0.027687451 0.749027133 0.995206892 0.021000579 -0.095510140 0.073440552
-0.091367871 0.026762785 -0.995457530 -62.315334320 -0.018386189 0.999423087 0.028556971 0.755514383 0.995647430 0.020911861 -0.090823092 0.000615597
-0.085988961 0.028907435 -0.995876610 -62.955707550 -0.018616864 0.999357820 0.030615957 0.755474448 0.996122122 0.021172734 -0.085395575 -0.031545639
-0.078783065 0.030304853 -0.996431053 -63.604316711 -0.017487012 0.999342024 0.031776000 0.763764858 0.996738374 0.019928012 -0.078201286 -0.079845428
-0.069983207 0.031558756 -0.997048855 -64.241653442 -0.018807970 0.999280035 0.032949515 0.769086957 0.997370839 0.021058379 -0.069339268 -0.124995708
-0.058022704 0.033286009 -0.997760177 -64.868469238 -0.020835362 0.999185920 0.034545209 0.776827931 0.998097837 0.022793103 -0.057281945 -0.166460514
-0.043457676 0.034745816 -0.998450875 -65.468643188 -0.023758590 0.999076486 0.035801683 0.784456134 0.998772740 0.025277643 -0.042592026 -0.190120220
-0.024953905 0.036111038 -0.999036193 -66.068428040 -0.024883367 0.999015331 0.036731821 0.793286324 0.999378860 0.025775986 -0.024030769 -0.203044772
-0.002615074 0.037038960 -0.999310374 -66.640190125 -0.026154572 0.998969436 0.037094764 0.800687790 0.999654472 0.026233541 -0.001643640 -0.197741121
0.023096146 0.037278812 -0.999037981 -67.187911987 -0.025295379 0.999006391 0.036692847 0.808473110 0.999413192 0.024423579 0.024016179 -0.174390793
0.052086346 0.036561452 -0.997973084 -67.696594238 -0.024449185 0.999076724 0.035325829 0.819481730 0.998343229 0.022559635 0.052932154 -0.112769365
0.086061820 0.036718145 -0.995612919 -68.204063416 -0.023326522 0.999120951 0.034831151 0.822034121 0.996016681 0.020226555 0.086842678 -0.045156002
0.123146735 0.036380067 -0.991721392 -68.669013977 -0.023290470 0.999158502 0.033760801 0.838117123 0.992115140 0.018940127 0.123890422 0.049051285
0.164741769 0.037041329 -0.985640943 -69.112594604 -0.023325818 0.999161422 0.033650722 0.828183889 0.986060858 0.017447202 0.165467635 0.129662514
0.210026965 0.037685666 -0.976969004 -69.566650391 -0.022475882 0.999178886 0.033710565 0.838708520 0.977437198 0.014878113 0.210701525 0.251741409
0.258716047 0.036453415 -0.965265334 -69.995643616 -0.019221198 0.999284089 0.032586362 0.839681864 0.965762138 0.010122940 0.259231508 0.396425247
0.308125645 0.031909641 -0.950810373 -70.413925171 -0.011447882 0.999489307 0.029833457 0.832611203 0.951276779 0.001692312 0.308333606 0.571115494
0.359525353 0.026248153 -0.932766080 -70.810745239 -0.006516278 0.999650538 0.025618657 0.843510568 0.933112562 -0.003132394 0.359570742 0.763122559
0.411686152 0.022011550 -0.911059856 -71.185890198 -0.001597317 0.999724150 0.023431925 0.840508699 0.911324322 -0.008191347 0.411607742 0.976348877
0.462075889 0.020822633 -0.886595905 -71.576560974 -0.000397507 0.999729097 0.023272511 0.848292232 0.886840284 -0.010401239 0.461958975 1.225063324
0.510719955 0.019798873 -0.859519124 -71.946525574 0.000691795 0.999725044 0.023439551 0.854800463 0.859746873 -0.012565657 0.510565817 1.478683472
0.555874586 0.015440193 -0.831122756 -72.295478821 0.008629343 0.999666452 0.024342824 0.859349132 0.831221342 -0.020703601 0.555555940 1.761978149
0.599690437 0.008640469 -0.800185442 -72.616882324 0.019233711 0.999497235 0.025207154 0.864236236 0.800000906 -0.030507026 0.599222720 2.068275452
0.641824067 0.003961577 -0.766841710 -72.924514771 0.020219060 0.999551594 0.022086538 0.865169168 0.766585350 -0.029680489 0.641456127 2.383613586
0.682531118 -0.000500024 -0.730856359 -73.215217590 0.017735252 0.999716640 0.015878605 0.858193219 0.730641305 -0.023799565 0.682346582 2.708847046
0.723311365 -0.007744545 -0.690478623 -73.498886108 0.014737758 0.999882460 0.004223668 0.865491390 0.690364718 -0.013231133 0.723340511 3.046684265
0.762617648 -0.010225301 -0.646768749 -73.770187378 0.009952662 0.999942183 -0.004073533 0.868235946 0.646772981 -0.003330522 0.762675285 3.415622711
0.799771547 -0.010728831 -0.600208640 -74.024291992 0.007902494 0.999941826 -0.007344143 0.865139544 0.600252509 0.001130492 0.799809754 3.805107117
0.833688796 -0.011214733 -0.552120626 -74.268028259 0.007924867 0.999933779 -0.008344403 0.848747373 0.552177668 0.002581153 0.833722472 4.234413147
0.864360929 -0.010007252 -0.502772331 -74.490722656 0.005224057 0.999926686 -0.010921539 0.846203983 0.502844751 0.006813640 0.864349902 4.682428360
0.890401423 -0.008776824 -0.455091447 -74.699501038 0.004985592 0.999942183 -0.009530256 0.835066557 0.455148757 0.006216853 0.890393734 5.156618118
0.911537051 -0.003071239 -0.411206454 -74.891212463 -0.000444124 0.999964178 -0.008453088 0.824002028 0.411217690 0.007887929 0.911503017 5.651027679
0.929198503 0.001620518 -0.369577497 -75.086189270 -0.005710165 0.999933958 -0.009972107 0.814030766 0.369536936 0.011376415 0.929146409 6.167881012
0.942810535 0.006616687 -0.333263457 -75.259513855 -0.010098036 0.999911010 -0.008715135 0.809055686 0.333176166 0.011582027 0.942793429 6.703786850
0.953168690 0.007916830 -0.302335531 -75.417587280 -0.010615611 0.999917150 -0.007284274 0.795898557 0.302252829 0.010152618 0.953173757 7.254882812
0.960457385 0.007484123 -0.278326333 -75.561790466 -0.009490106 0.999937773 -0.005860695 0.784419417 0.278265178 0.008270294 0.960468709 7.828636169
0.966492772 0.007813166 -0.256574959 -75.727592468 -0.009140416 0.999950290 -0.003980779 0.777616143 0.256531119 0.006192596 0.966516137 8.438995361
0.971103072 0.010006901 -0.238450527 -75.871452332 -0.010648445 0.999942303 -0.001402449 0.770117342 0.238422737 0.003901050 0.971153617 9.053756714
0.974721849 0.015331824 -0.222895086 -76.020645142 -0.015735546 0.999876201 -0.000035245 0.765439332 0.222866952 0.003541730 0.974842429 9.684579849
0.977601349 0.018695598 -0.209633291 -76.158317566 -0.018845912 0.999821603 0.001280678 0.757523537 0.209619835 0.002698739 0.977779269 10.326769829
0.980360150 0.017101232 -0.196472675 -76.286262512 -0.017251631 0.999850750 0.000946029 0.751651704 0.196459517 0.002462025 0.980508864 10.985657692
0.983038902 0.016852215 -0.182621375 -76.409179688 -0.017038319 0.999854684 0.000549972 0.745513737 0.182604104 0.002570918 0.983183146 11.666078568
0.985541940 0.017245125 -0.168551713 -76.516960144 -0.017300984 0.999849677 0.001137259 0.741304040 0.168545991 0.001795294 0.985692143 12.364187241
0.987959862 0.019815743 -0.153436080 -76.650032043 -0.019876124 0.999801815 0.001140550 0.737009704 0.153428271 0.001922897 0.988157928 13.094618797
0.989875793 0.020572364 -0.140437439 -76.755531311 -0.020939998 0.999780059 -0.001140421 0.716982245 0.140383095 0.004069635 0.990088880 13.812774658
0.991322279 0.020806760 -0.129796967 -76.844039917 -0.021817597 0.999741673 -0.006370591 0.702383876 0.129630893 0.009147167 0.991520107 14.551727295
0.992587924 0.019305099 -0.119985618 -76.934608459 -0.020957967 0.999701858 -0.012528842 0.692946255 0.119707979 0.014950632 0.992696583 15.298433304
0.993536472 0.018977273 -0.111915894 -77.016387939 -0.020548502 0.999705613 -0.012902545 0.685528517 0.111638092 0.015118852 0.993633926 16.057823181
0.994230390 0.020964792 -0.105196796 -77.096519470 -0.021799127 0.999739349 -0.006787540 0.665212393 0.105027080 0.009041578 0.994428277 16.832952499
0.994671345 0.025855331 -0.099801995 -77.188766479 -0.025855953 0.999664843 0.001287445 0.646641552 0.099801831 0.001299891 0.995006502 17.610612869
0.995096087 0.025971448 -0.095442601 -77.272827148 -0.025583811 0.999658704 0.005283113 0.637353420 0.095547237 -0.002815420 0.995420933 18.394966125
0.995381355 0.024851972 -0.092727512 -77.332878113 -0.024545774 0.999688864 0.004441333 0.621728659 0.092809036 -0.002144751 0.995681643 19.157241821
0.995739281 0.025456427 -0.088629954 -77.423583984 -0.025262961 0.999675393 0.003304082 0.607514977 0.088685289 -0.001050949 0.996059120 19.925125122
0.996046543 0.024166392 -0.085482791 -77.492332458 -0.023772229 0.999701560 0.005626085 0.597642064 0.085593238 -0.003571726 0.996323764 20.698060989
0.996243119 0.021399414 -0.083915144 -77.549186707 -0.020819642 0.999752998 0.007778145 0.590963602 0.084060863 -0.006001840 0.996442556 21.477050781
0.996504664 0.019057622 -0.081334107 -77.602806091 -0.018302921 0.999782324 0.010014595 0.576115370 0.081507258 -0.008490940 0.996636569 22.242145538
0.996750593 0.018297186 -0.078443818 -77.674308777 -0.017891360 0.999822676 0.005873201 0.572623551 0.078537367 -0.004450650 0.996901214 23.006538391
0.996859670 0.021298286 -0.076270096 -77.750465393 -0.021454837 0.999769032 -0.001233710 0.561957359 0.076226205 0.002866198 0.997086406 23.783447266
0.996994615 0.021858649 -0.074323490 -77.815391541 -0.022587260 0.999704599 -0.008976775 0.550025523 0.074105307 0.010628561 0.997193754 24.536354065
0.997037590 0.022696121 -0.073491104 -77.857894897 -0.023739222 0.999629021 -0.013351212 0.534508824 0.073160820 0.015056282 0.997206509 25.273048401
0.997161865 0.024727980 -0.071111001 -77.923660278 -0.025629096 0.999602020 -0.011787457 0.510377049 0.070791222 0.013576513 0.997398734 26.042095184
0.997237563 0.028025914 -0.068788059 -77.990951538 -0.028601283 0.999563575 -0.007393622 0.484958470 0.068550818 0.009340624 0.997603893 26.801050186
0.997316003 0.031189252 -0.066242419 -78.055061340 -0.031420827 0.999503195 -0.002456685 0.468904227 0.066132888 0.004531483 0.997800529 27.561964035
0.997581482 0.029130161 -0.063108064 -78.112884521 -0.029251026 0.999571621 -0.000991958 0.456526756 0.063052133 0.002835535 0.998006225 28.321229935
0.997674525 0.026534490 -0.062781163 -78.137557983 -0.026615299 0.999645650 -0.000451037 0.434081465 0.062746949 0.002120927 0.998027205 29.056358337
0.997814953 0.024517931 -0.061353292 -78.185470581 -0.024577165 0.999697924 -0.000210883 0.416360825 0.061329588 0.001718312 0.998116076 29.802974701
0.997907341 0.024234327 -0.059946850 -78.237365723 -0.024411652 0.999699533 -0.002227338 0.405583888 0.059874859 0.003686078 0.998199105 30.555820465
0.997951150 0.021901553 -0.060115281 -78.269172668 -0.022155508 0.999748170 -0.003561091 0.393190682 0.060022149 0.004885680 0.998185098 31.284893036
0.998025358 0.021003162 -0.059196807 -78.319931030 -0.021236762 0.999768972 -0.003319727 0.379454672 0.059113406 0.004570320 0.998240829 32.045898438
0.998010337 0.023861546 -0.058360416 -78.384185791 -0.024044720 0.999707937 -0.002438356 0.367547452 0.058285188 0.003836764 0.998292625 32.822689056
0.998019874 0.023437835 -0.058369409 -78.433540344 -0.023675974 0.999713957 -0.003391552 0.354457676 0.058273222 0.004766789 0.998289287 33.594558716
0.997937858 0.022965567 -0.059938867 -78.481262207 -0.023211617 0.999724746 -0.003411877 0.339217544 0.059844013 0.004796119 0.998196244 34.368682861
0.997877359 0.020929219 -0.061666433 -78.539436340 -0.021147568 0.999772191 -0.002890182 0.324899584 0.061591893 0.004188142 0.998092651 35.152633667
0.997639120 0.021964252 -0.065067589 -78.594543457 -0.022222139 0.999747813 -0.003242208 0.312283128 0.064979963 0.004680494 0.997875571 35.940216064
0.997372508 0.026027229 -0.067606725 -78.661445618 -0.026317576 0.999647796 -0.003407410 0.295453131 0.067494228 0.005177702 0.997706234 36.731761932
0.997176647 0.027132735 -0.070018269 -78.727439880 -0.027753852 0.999583483 -0.007913071 0.271052957 0.069774404 0.009834005 0.997514307 37.506202698
0.996992826 0.028131330 -0.072207920 -78.796829224 -0.029037023 0.999511898 -0.011523698 0.256787121 0.071848504 0.013585747 0.997323036 38.281448364
0.996877670 0.027342301 -0.074076705 -78.866111755 -0.028374873 0.999513805 -0.012922672 0.237656474 0.073687360 0.014984239 0.997168839 39.082283020
0.996721804 0.027978756 -0.075913340 -78.939659119 -0.028935274 0.999514818 -0.011529436 0.219106615 0.075553924 0.013688214 0.997047782 39.906337738
0.996537566 0.026197163 -0.078908563 -78.995330811 -0.027130798 0.999573708 -0.010782896 0.196947515 0.078592449 0.012886413 0.996823549 40.735145569
0.996416509 0.025721096 -0.080576099 -79.065963745 -0.026546769 0.999605298 -0.009192492 0.181730241 0.080307856 0.011298587 0.996706069 41.568187714
0.996329248 0.025094150 -0.081842884 -79.129959106 -0.025604278 0.999658704 -0.005189285 0.161915779 0.081684723 0.007265764 0.996631742 42.392246246
0.996267319 0.025309242 -0.082527712 -79.206954956 -0.025449803 0.999675870 -0.000651516 0.150948212 0.082484476 0.002749398 0.996588528 43.255187988
0.996331632 0.025053645 -0.081826486 -79.280838013 -0.025008267 0.999686003 0.001579571 0.135223746 0.081840366 0.000472562 0.996645331 44.107170105
0.996395886 0.028334901 -0.079952151 -79.354980469 -0.028296389 0.999598265 0.001614877 0.122232936 0.079965793 0.000653300 0.996797383 44.962108612
0.996549070 0.028158873 -0.078083582 -79.416488647 -0.028206062 0.999602020 0.000498719 0.113551065 0.078066550 0.001705432 0.996946692 45.821193695
0.996728361 0.025890777 -0.076565355 -79.481750488 -0.026111359 0.999657273 -0.001881114 0.100792855 0.076490410 0.003874185 0.997062802 46.681049347
0.996918380 0.021651434 -0.075398840 -79.542663574 -0.021970689 0.999752820 -0.003407242 0.084720999 0.075306430 0.005053306 0.997147620 47.555866241
0.997072160 0.020159125 -0.073761217 -79.603904724 -0.020455135 0.999785483 -0.003259775 0.067837998 0.073679678 0.004759027 0.997270584 48.433521271
0.997188747 0.017729368 -0.072802596 -79.669212341 -0.017806616 0.999841392 -0.000412103 0.049569570 0.072783738 0.001707312 0.997346282 49.308734894
0.997317255 0.015505576 -0.071538970 -79.737419128 -0.015437870 0.999879718 0.001499261 0.041004635 0.071553610 -0.000390830 0.997436702 50.184429169
0.997413337 0.015526554 -0.070182435 -79.811943054 -0.015456859 0.999879360 0.001536042 0.025623761 0.070197821 -0.000447268 0.997532964 51.062328339
0.997456431 0.017160857 -0.069182530 -79.873313904 -0.017319210 0.999848604 -0.001689695 0.008862853 0.069143057 0.002883584 0.997602582 51.941959381
0.997471929 0.019555818 -0.068317980 -79.944259644 -0.020087989 0.999772906 -0.007111263 -0.013908416 0.068163395 0.008465656 0.997638226 52.798431396
0.997499883 0.021430837 -0.067339852 -80.008552551 -0.022332758 0.999670327 -0.012669345 -0.033118188 0.067046136 0.014141556 0.997649670 53.660198212
0.997468233 0.026116174 -0.066144504 -80.083427429 -0.027395306 0.999453366 -0.018505700 -0.057187200 0.065625049 0.020270897 0.997638404 54.507068634
0.997528493 0.025824342 -0.065344982 -80.143310547 -0.027131950 0.999447405 -0.019203054 -0.087251544 0.064812966 0.020928530 0.997677922 55.365077972
0.997590780 0.023103660 -0.065412536 -80.197662354 -0.024056727 0.999615073 -0.013820038 -0.105018318 0.065068059 0.015360354 0.997762620 56.220382690
0.997557461 0.023088334 -0.065924272 -80.262786865 -0.023469923 0.999711931 -0.005019597 -0.126118809 0.065789387 0.006554574 0.997812033 57.070884705
0.997516572 0.021630989 -0.067028619 -80.323486328 -0.021462306 0.999764442 0.003235749 -0.151571572 0.067082822 -0.001789124 0.997745812 57.923835754
0.997427762 0.019858124 -0.068873107 -80.391716003 -0.019831086 0.999802768 0.001076337 -0.168341637 0.068880901 0.000292260 0.997624874 58.762531281
0.997385025 0.014203071 -0.070862055 -80.441581726 -0.014416344 0.999892950 -0.002499137 -0.188090250 0.070818976 0.003514173 0.997483015 59.606056213
0.997238517 0.013068440 -0.073106088 -80.510162354 -0.013421150 0.999900520 -0.004335440 -0.209522039 0.073042162 0.005304636 0.997314751 60.439292908
0.997029781 0.015326482 -0.075476699 -80.593101501 -0.015857028 0.999853551 -0.006434987 -0.230686158 0.075367019 0.007612710 0.997126818 61.267314911
0.996756315 0.016794603 -0.078707024 -80.666145325 -0.017618727 0.999796867 -0.009788007 -0.250955403 0.078526653 0.011142975 0.996849716 62.087173462
0.996426404 0.017516444 -0.082629450 -80.740165710 -0.018660638 0.999740124 -0.013095355 -0.274034917 0.082378596 0.014590475 0.996494293 62.899822235
0.996102810 0.020267863 -0.085839219 -80.808250427 -0.021798229 0.999619067 -0.016928580 -0.296686888 0.085463412 0.018733749 0.996165156 63.712791443
0.995744944 0.024893602 -0.088725880 -80.902366638 -0.026511546 0.999502182 -0.017103562 -0.323118091 0.088255942 0.019383047 0.995909214 64.527511597
0.995320380 0.028546799 -0.092316784 -80.986854553 -0.030061319 0.999434650 -0.015056695 -0.347369552 0.091834769 0.017761400 0.995615840 65.331748962
0.994859517 0.031713188 -0.096170522 -81.075164795 -0.032754954 0.999420404 -0.009272789 -0.369983733 0.095820710 0.012375183 0.995321691 66.129501343
0.994425535 0.032223810 -0.100396499 -81.162567139 -0.032763496 0.999456167 -0.003730899 -0.391357690 0.100221671 0.006999442 0.994940519 66.945320129
0.993927658 0.031835020 -0.105329946 -81.253120422 -0.032014310 0.999487400 -0.000011466 -0.409072191 0.105275586 0.003383462 0.994437337 67.740692139
0.993234158 0.031074086 -0.111894250 -81.348663330 -0.031151576 0.999514103 0.001056165 -0.422483474 0.111872703 0.002436663 0.993719578 68.519134521
0.992621243 0.028641760 -0.117825009 -81.443542480 -0.028235910 0.999588192 0.005112682 -0.437149584 0.117922924 -0.001748060 0.993021190 69.308532715
0.991816342 0.029444015 -0.124231249 -81.548469543 -0.029104710 0.999566019 0.004545640 -0.448346436 0.124311179 -0.000892725 0.992242873 70.086074829
0.990939200 0.033722617 -0.130008802 -81.672210693 -0.033484098 0.999431133 0.004020710 -0.463297576 0.130070448 0.000368948 0.991504669 70.859512329
0.990079463 0.034923308 -0.136099502 -81.787246704 -0.035201348 0.999380171 0.000363916 -0.475189835 0.136027858 0.004430580 0.990695119 71.625694275
0.989255011 0.033864144 -0.142224178 -81.901092529 -0.034542728 0.999400556 -0.002304263 -0.487614036 0.142060891 0.007192315 0.989831805 72.393013000
0.988462329 0.035367608 -0.147280023 -82.027969360 -0.036324523 0.999332786 -0.003811869 -0.499048442 0.147046939 0.009117765 0.989087462 73.156120300
0.987652123 0.037217360 -0.152178138 -82.145896912 -0.037377249 0.999299586 0.001810865 -0.511478722 0.152138948 0.003899496 0.988351405 73.931350708
0.986684501 0.038204350 -0.158095255 -82.279891968 -0.037782136 0.999269903 0.005676381 -0.520749569 0.158196703 0.000372379 0.987407565 74.691894531
0.985649228 0.036741879 -0.164759219 -82.407028198 -0.035891492 0.999322593 0.008136529 -0.536024928 0.164946556 -0.002106309 0.986300230 75.448890686
0.984481692 0.034618527 -0.172038764 -82.543045044 -0.034380745 0.999399304 0.004362483 -0.545164227 0.172086433 0.001620037 0.985080540 76.195045471
0.983085752 0.032315016 -0.180272311 -82.691993713 -0.033491116 0.999432921 -0.003483338 -0.545147300 0.180057511 0.009461940 0.983610570 76.936531067
0.981486738 0.029788977 -0.189199358 -82.845367432 -0.031231506 0.999501348 -0.004646871 -0.561935604 0.188966602 0.010469823 0.981927693 77.679687500
0.979398966 0.029426487 -0.199779168 -83.000648499 -0.030393317 0.999536455 -0.001773644 -0.576702237 0.199634358 0.007809057 0.979839325 78.414878845
0.976897776 0.029771028 -0.211623341 -83.151039124 -0.029536858 0.999554574 0.004268319 -0.587122023 0.211656153 0.002080977 0.977341950 79.155090332
0.974315464 0.030868694 -0.223061621 -83.337722778 -0.028899107 0.999509215 0.012089473 -0.595136881 0.223325342 -0.005332679 0.974729359 79.883163452
0.971671164 0.031611778 -0.234213337 -83.523361206 -0.028764222 0.999465048 0.015564878 -0.603728890 0.234580070 -0.008386978 0.972060621 80.606918335
0.968756080 0.034938700 -0.245542079 -83.722671509 -0.033067979 0.999384165 0.011738840 -0.617464662 0.245801017 -0.003252493 0.969314873 81.319557190
0.965581059 0.034832153 -0.257759452 -83.921829224 -0.035375148 0.999370873 0.002532068 -0.624668777 0.257685512 0.006673362 0.966205776 82.017601013
0.962361872 0.032216266 -0.269855082 -84.133666992 -0.034142096 0.999414027 -0.002444508 -0.624276876 0.269618213 0.011565920 0.962897837 82.726242065
0.959166527 0.031535883 -0.281078398 -84.364089966 -0.032046065 0.999482512 0.002782322 -0.635504961 0.281020701 0.006338748 0.959680796 83.441268921
0.955744147 0.032743428 -0.292371392 -84.593315125 -0.031183189 0.999463677 0.009996599 -0.641193867 0.292541921 -0.000437118 0.956252575 84.163871765
0.951843977 0.032309081 -0.304875582 -84.803276062 -0.028934851 0.999459863 0.015580673 -0.639483333 0.305214316 -0.006008841 0.952264726 84.866432190
0.947787225 0.029930055 -0.317495793 -85.049621582 -0.026929401 0.999541581 0.013836381 -0.643504858 0.317764372 -0.004563974 0.948158741 85.576576233
0.944134414 0.028448470 -0.328330398 -85.310386658 -0.026748899 0.999595165 0.009692664 -0.650380373 0.328473210 -0.000368702 0.944513202 86.270690918
0.941075206 0.023415068 -0.337385863 -85.572517395 -0.023813557 0.999712050 0.002957974 -0.657529294 0.337357968 0.005250681 0.941361785 86.949645996
0.938275635 0.019327478 -0.345348120 -85.833404541 -0.021661170 0.999761164 -0.002899348 -0.664046466 0.345209628 0.010201031 0.938470185 87.652160645
0.935665250 0.018981051 -0.352378011 -86.106239319 -0.022222741 0.999739766 -0.005156212 -0.671431124 0.352188438 0.012655293 0.935843527 88.352142334
0.932552755 0.025044134 -0.360164046 -86.393081665 -0.028644320 0.999578774 -0.004661081 -0.691859663 0.359895617 0.014663358 0.932877362 89.055854797
0.929537117 0.025513776 -0.367844760 -86.683708191 -0.028394286 0.999593854 -0.002419853 -0.706890523 0.367633641 0.012694033 0.929884076 89.753707886
0.926431715 0.025847150 -0.375574470 -86.974716187 -0.026172426 0.999648452 0.004236436 -0.710988343 0.375551939 0.005904926 0.926782548 90.458618164
0.923339725 0.027978316 -0.382963389 -87.251220703 -0.024948070 0.999605775 0.012877843 -0.720485449 0.383172721 -0.002336426 0.923673749 91.184829712
0.920800924 0.038374677 -0.388140440 -87.578872681 -0.033335354 0.999249816 0.019711072 -0.731443167 0.388605654 -0.005211174 0.921389401 91.880493164
0.918093085 0.044898923 -0.393813580 -87.895034790 -0.041742977 0.998990774 0.016580621 -0.728444338 0.394160599 0.001216398 0.919040799 92.568267822
0.915728629 0.041404944 -0.399658263 -88.201377869 -0.041165147 0.999110103 0.009187835 -0.729710579 0.399683058 0.008038428 0.916618168 93.254135132
0.913856804 0.033784855 -0.404628605 -88.509254456 -0.036149051 0.999344766 0.001798342 -0.734962702 0.404424220 0.012983513 0.914479315 93.944702148
0.911894381 0.033959605 -0.409017563 -88.818069458 -0.036835495 0.999320984 0.000847066 -0.734813452 0.408768594 0.014293930 0.912526131 94.641349792
0.909919560 0.040507443 -0.412802100 -89.169944763 -0.041691907 0.999111652 0.006141392 -0.744759142 0.412684172 0.011622334 0.910800040 95.336654663
0.907436073 0.043520547 -0.417930275 -89.507797241 -0.042878747 0.999020517 0.010930520 -0.755382061 0.417996615 0.008001579 0.908413351 96.043815613
0.905180752 0.039616689 -0.423176527 -89.833900452 -0.039591469 0.999176741 0.008853608 -0.764100075 0.423178881 0.008740065 0.906004012 96.740844727
0.902893543 0.038340643 -0.428150892 -90.171722412 -0.041105051 0.999150932 0.002790141 -0.776889503 0.427894354 0.015079965 0.903702974 97.445755005
0.900782704 0.035481986 -0.432818204 -90.518692017 -0.041244183 0.999141395 -0.003928961 -0.780256569 0.432307154 0.021390373 0.901472688 98.141044617
