1.000000000 0.000000000 0.000000000 0.000000000 0.000000000 1.000000000 0.000000000 0.000000000 0.000000000 0.000000000 1.000000000 0.000000000
0.999995470 0.002998705 0.000135242 -0.005608786 -0.002998884 0.999994576 0.001341750 -0.012285311 -0.000131217 -0.001342150 0.999999106 0.772836447
0.999984682 0.005499369 0.000669968 -0.019876117 -0.005500711 0.999982834 0.002016963 -0.032172635 -0.000658864 -0.002020618 0.999997735 1.519586205
0.999976993 0.006627851 0.001439491 -0.035627894 -0.006630538 0.999976277 0.001869466 -0.050394647 -0.001427067 -0.001878968 0.999997199 2.247950554
0.999962866 0.008538613 0.001167554 -0.032251418 -0.008540274 0.999962509 0.001424999 -0.061959617 -0.001155343 -0.001434917 0.999998331 2.987577200
0.999961376 0.008595782 0.001828564 -0.042766947 -0.008597963 0.999962330 0.001188324 -0.076047070 -0.001818280 -0.001204000 0.999997616 3.694357634
0.999959350 0.008770880 0.002097182 -0.044328220 -0.008775298 0.999959290 0.002106810 -0.088655874 -0.002078618 -0.002125128 0.999995589 4.381956577
0.999947786 0.009763824 0.003018743 -0.053418744 -0.009778590 0.999940097 0.004916226 -0.099855453 -0.002970561 -0.004945488 0.999983370 5.078304291
0.999944627 0.009697651 0.004085542 -0.046195753 -0.009732983 0.999914646 0.008719040 -0.106181234 -0.004000639 -0.008758321 0.999953628 5.742355824
0.999944627 0.009009864 0.005438375 -0.039879393 -0.009075837 0.999884009 0.012230848 -0.115313292 -0.005327547 -0.012279529 0.999910414 6.379816532
0.999940693 0.008474172 0.006839337 -0.043391649 -0.008571553 0.999860466 0.014336932 -0.121658459 -0.006716889 -0.014394705 0.999873817 6.988907337
0.999928594 0.009233374 0.007585686 -0.028064422 -0.009342235 0.999852061 0.014442955 -0.132114336 -0.007451207 -0.014512791 0.999866903 7.577466965
0.999916852 0.009752771 0.008434993 -0.023135170 -0.009852801 0.999880672 0.011899981 -0.141808301 -0.008317929 -0.011982099 0.999893606 8.131153107
0.999908328 0.009722201 0.009426687 -0.024420060 -0.009806108 0.999912322 0.008896008 -0.142916590 -0.009339372 -0.008987632 0.999916017 8.653519630
0.999907374 0.008063707 0.010966593 -0.012905456 -0.008147306 0.999937952 0.007599863 -0.153457090 -0.010904630 -0.007688507 0.999911010 9.141246796
0.999905944 0.004212481 0.013050860 -0.009886280 -0.004280350 0.999977410 0.005176801 -0.158611655 -0.013028758 -0.005232176 0.999901414 9.616201401
0.999885976 0.002586726 0.014878046 0.002690375 -0.002644065 0.999989152 0.003835570 -0.162770420 -0.014867963 -0.003874471 0.999881983 10.054340363
0.999835491 0.006968105 0.016746521 0.007906049 -0.006999016 0.999973893 0.001787944 -0.172672674 -0.016733626 -0.001904859 0.999858141 10.470788002
0.999740303 0.011334775 0.019769704 0.008604363 -0.011361605 0.999934673 0.001245334 -0.184430584 -0.019754296 -0.001469626 0.999803782 10.856047630
0.999666929 0.011908248 0.022897238 0.020037875 -0.011964343 0.999925733 0.002314422 -0.192484960 -0.022867978 -0.002587601 0.999735117 11.201526642
0.999629676 0.007485403 0.026161676 0.032563627 -0.007563794 0.999967217 0.002898737 -0.199801385 -0.026139122 -0.003095545 0.999653518 11.525147438
0.999579370 0.003195382 0.028824551 0.049297065 -0.003263669 0.999991953 0.002322346 -0.198944941 -0.028816897 -0.002415442 0.999581814 11.807049751
0.999515593 -0.000348087 0.031119803 0.064983636 0.000230091 0.999992788 0.003795157 -0.206218094 -0.031120898 -0.003786158 0.999508440 12.064435005
0.999431789 -0.000670957 0.033700254 0.073135227 0.000502298 0.999987304 0.005012889 -0.213638470 -0.033703189 -0.004993113 0.999419391 12.286253929
0.999351919 -0.000033860 0.035995718 0.076355368 -0.000109482 0.999992073 0.003980195 -0.217488170 -0.035995569 -0.003981556 0.999343991 12.490520477
0.999292433 0.000734412 0.037605129 0.095881373 -0.000842965 0.999995530 0.002870874 -0.226673678 -0.037602853 -0.002900543 0.999288559 12.687398911
0.999161839 0.003454279 0.040788040 0.091352552 -0.003535457 0.999991894 0.001918285 -0.230542272 -0.040781081 -0.002060881 0.999165952 12.845229149
0.999083817 0.006145790 0.042352997 0.095850617 -0.006204536 0.999979973 0.001255742 -0.236068442 -0.042344432 -0.001517372 0.999101937 13.016427994
0.999016881 0.007595632 0.043675844 0.103058845 -0.007596938 0.999971151 -0.000136083 -0.243584976 -0.043675616 -0.000195853 0.999045730 13.171112061
0.998943746 0.006435695 0.045496605 0.113243997 -0.006369329 0.999978423 -0.001603532 -0.253755808 -0.045505945 0.001312055 0.998963177 13.319177628
0.998860478 0.005780422 0.047374565 0.113872826 -0.005630294 0.999978721 -0.003301777 -0.255018175 -0.047392644 0.003031282 0.998871744 13.456235886
0.998801410 0.004940690 0.048696429 0.121072590 -0.004740665 0.999979854 -0.004222222 -0.258686811 -0.048716307 0.003986307 0.998804688 13.593171120
0.998723030 0.005886113 0.050176855 0.127585113 -0.005606131 0.999967933 -0.005718815 -0.260090917 -0.050208908 0.005430214 0.998723984 13.729326248
0.998657703 0.006145325 0.051429827 0.135607183 -0.005773642 0.999956131 -0.007372459 -0.264356852 -0.051472880 0.007065625 0.998649418 13.846610069
0.998607337 0.006493397 0.052356675 0.144895852 -0.005985609 0.999933600 -0.009849612 -0.263936132 -0.052417155 0.009522508 0.998579860 13.973551750
0.998584151 0.005825878 0.052874781 0.153990328 -0.005197000 0.999914229 -0.012023428 -0.269611031 -0.052940290 0.011731614 0.998528779 14.101438522
0.998601913 0.004992326 0.052624151 0.157799304 -0.004275016 0.999896526 -0.013734567 -0.274103820 -0.052687272 0.013490397 0.998519957 14.225066185
0.998722494 0.004224401 0.050354350 0.166224003 -0.003470391 0.999880672 -0.015052106 -0.277463764 -0.050411928 0.014858128 0.998618007 14.349465370
0.998859346 0.004699443 0.047517754 0.170184195 -0.003943694 0.999864459 -0.015985824 -0.280542076 -0.047586437 0.015780196 0.998742461 14.480138779
0.999033689 0.005206232 0.043641832 0.164697945 -0.004451413 0.999839127 -0.017375154 -0.280594796 -0.043725271 0.017164098 0.998896122 14.598528862
0.999264359 0.004984924 0.038024973 0.160248548 -0.004283557 0.999819636 -0.018504113 -0.284978628 -0.038110357 0.018327618 0.999105453 14.730197906
0.999504268 0.004897970 0.031100107 0.163860261 -0.004310679 0.999811649 -0.018922962 -0.291765690 -0.031186935 0.018779518 0.999337137 14.853668213
0.999702990 0.005158971 0.023819393 0.159933642 -0.004686982 0.999792397 -0.019828774 -0.292730629 -0.023916744 0.019711243 0.999519587 14.975242615
0.999870777 0.004510967 0.015430550 0.158220157 -0.004192340 0.999778628 -0.020619471 -0.295758307 -0.015520148 0.020552116 0.999668300 15.110663414
0.999977589 0.003533392 0.005689621 0.140708774 -0.003409313 0.999759316 -0.021671906 -0.300072730 -0.005764828 0.021652022 0.999748945 15.232204437
0.999969363 0.002145083 -0.007529681 0.136272937 -0.002320242 0.999725103 -0.023331407 -0.302722663 0.007477563 0.023348164 0.999699414 15.385465622
0.999721467 0.001237346 -0.023567060 0.113723099 -0.001834188 0.999677718 -0.025320498 -0.305009216 0.023528134 0.025356673 0.999401569 15.534367561
0.999078512 0.001599662 -0.042890240 0.087154090 -0.002729439 0.999650478 -0.026295524 -0.307450593 0.042833187 0.026388358 0.998733699 15.715188026
0.997907817 0.002662862 -0.064597815 0.052325726 -0.004339089 0.999657154 -0.025822258 -0.315313131 0.064506903 0.026048530 0.997577250 15.885478973
0.996088386 0.003146410 -0.088306382 0.015795708 -0.005312675 0.999690413 -0.024306938 -0.321254015 0.088202566 0.024681002 0.995796740 16.096927643
0.993398249 0.004276368 -0.114636958 -0.041667938 -0.006948647 0.999713123 -0.022921333 -0.326686233 0.114506051 0.023566585 0.993142962 16.309846878
0.989426553 0.005242156 -0.144939855 -0.105039597 -0.008296236 0.999755919 -0.020474972 -0.336928457 0.144797146 0.021460937 0.989228606 16.533758163
0.984035552 0.005295195 -0.177893147 -0.182825565 -0.008494536 0.999815524 -0.017227801 -0.338568538 0.177769095 0.018463887 0.983898997 16.788690567
0.976622522 0.005991197 -0.214878067 -0.260074615 -0.009031124 0.999872506 -0.013168242 -0.346440256 0.214771777 0.014800992 0.976552129 17.023674011
0.966970980 0.007541675 -0.254774839 -0.363871098 -0.009881338 0.999919951 -0.007904612 -0.349354833 0.254694849 0.010161047 0.966968119 17.287887573
0.955312014 0.011983416 -0.295356333 -0.517769337 -0.013324711 0.999908030 -0.002528953 -0.360069036 0.295298845 0.006351477 0.955383837 17.569169998
0.941138506 0.015391910 -0.337670594 -0.654108524 -0.015747195 0.999874592 0.001687110 -0.361600757 0.337654203 0.003729560 0.941262841 17.843570709
0.924388170 0.017395388 -0.381056309 -0.795762062 -0.015748503 0.999848306 0.007439897 -0.364224732 0.381127924 -0.000876286 0.924521923 18.112899780
0.905069530 0.020730300 -0.424758047 -0.952104092 -0.015759449 0.999760091 0.015213202 -0.369835824 0.424971521 -0.007075052 0.905179083 18.382316589
0.883328736 0.025214935 -0.468075395 -1.128909111 -0.017054867 0.999619842 0.021663809 -0.369004399 0.468443692 -0.011153301 0.883422971 18.642265320
0.858570755 0.030719500 -0.511773944 -1.339925289 -0.020014796 0.999450684 0.026414996 -0.372007340 0.512304246 -0.012436092 0.858713984 18.918880463
0.830467761 0.033677615 -0.556047797 -1.564243317 -0.020578360 0.999344289 0.029792167 -0.368181527 0.556686521 -0.013298882 0.830616236 19.193786621
0.799603820 0.037737761 -0.599340975 -1.810744286 -0.023151299 0.999218762 0.032029204 -0.368688703 0.600081444 -0.011735152 0.799852848 19.453521729
0.765455782 0.040726412 -0.642198443 -2.076270103 -0.023768995 0.999103606 0.035029344 -0.361325264 0.643049359 -0.011549002 0.765737653 19.756675720
0.728633046 0.044471044 -0.683459044 -2.395019531 -0.024880251 0.998949766 0.038474534 -0.341710448 0.684452236 -0.011029185 0.728974283 20.041831970
0.689469874 0.045282535 -0.722897530 -2.708044052 -0.021857016 0.998890042 0.041724477 -0.331962466 0.723984540 -0.012967389 0.689694345 20.291816711
0.648112237 0.045109771 -0.760207653 -3.056444168 -0.019420786 0.998898447 0.042716268 -0.314935625 0.761297166 -0.012921106 0.648274362 20.553577423
0.606537700 0.043643083 -0.793855965 -3.457900047 -0.013898490 0.998921692 0.044297792 -0.295190096 0.794933259 -0.015834883 0.606490254 20.807304382
0.560968280 0.043382164 -0.826699793 -3.863150597 -0.008908272 0.998884499 0.046372954 -0.277529716 0.827789366 -0.018649289 0.560728967 21.062351227
0.516550422 0.044560436 -0.855096459 -4.298997879 -0.006019861 0.998809278 0.048413035 -0.257727802 0.856235623 -0.019860214 0.516203642 21.250482559
0.466582805 0.044036727 -0.883380592 -4.754061699 -0.004897356 0.998873115 0.047207378 -0.233737111 0.884463966 -0.017699922 0.466272682 21.448720932
0.414762467 0.043074813 -0.908909619 -5.240524292 0.000331159 0.998871684 0.047489394 -0.212990761 0.909929633 -0.019997811 0.414280206 21.632383347
0.359956503 0.041793920 -0.932032526 -5.745641708 0.005545156 0.998882651 0.046933167 -0.186727226 0.932952583 -0.022062164 0.359322548 21.816684723
0.305689245 0.041791230 -0.951213717 -6.272937775 0.009000903 0.998864770 0.046777360 -0.175545573 0.952088773 -0.022861117 0.304966062 21.959533691
0.252325147 0.047318127 -0.966484904 -6.827620506 0.010112155 0.998620152 0.051531471 -0.143818021 0.967589676 -0.022775931 0.251498491 22.064867020
0.201179802 0.052103568 -0.978167653 -7.413620472 0.012019036 0.998377860 0.055652052 -0.111005664 0.979480565 -0.022952700 0.200227231 22.149465561
0.153540716 0.053222615 -0.986707985 -8.020040512 0.017469395 0.998246193 0.056563377 -0.081319153 0.987987876 -0.025921972 0.152341664 22.218505859
0.108958423 0.054705370 -0.992539883 -8.637333870 0.020043634 0.998160601 0.057215504 -0.059999824 0.993844211 -0.026128216 0.107661515 22.263090134
0.069285065 0.052782971 -0.996199548 -9.259602547 0.019912928 0.998327136 0.054280631 -0.032490373 0.997398138 -0.023598086 0.068118103 22.262004852
0.034235217 0.048444718 -0.998238981 -9.915617943 0.016626624 0.998658657 0.049035303 0.006118119 0.999275506 -0.018276079 0.033383824 22.249799728
0.006032721 0.048277035 -0.998815775 -10.590378761 0.014172370 0.998729467 0.048358463 0.043235093 0.999881387 -0.014447319 0.005340856 22.225391388
-0.015308306 0.052864075 -0.998484373 -11.284661293 0.014283355 0.998511076 0.052646503 0.067995906 0.999780774 -0.013455778 -0.016040588 22.202861786
-0.028207598 0.058889527 -0.997865915 -12.021343231 0.016001681 0.998161793 0.058454655 0.101342559 0.999473989 -0.014318665 -0.029098079 22.175823212
-0.036040567 0.061562307 -0.997452319 -12.763035774 0.015500437 0.998015165 0.061036970 0.134862363 0.999230087 -0.013261139 -0.036923274 22.138277054
-0.039473858 0.058566250 -0.997502804 -13.516675949 0.016177300 0.998187482 0.057966270 0.172623217 0.999089658 -0.013848749 -0.040349752 22.096033096
-0.038500581 0.054688372 -0.997760952 -14.294617653 0.023564043 0.998273253 0.053807188 0.209514081 0.998980701 -0.021439673 -0.039722778 22.069442749
-0.034866631 0.053298373 -0.997969747 -15.088642120 0.035765465 0.998003781 0.052050635 0.252137959 0.998751819 -0.033878021 -0.036703270 22.062030792
-0.029137442 0.053309936 -0.998152852 -15.912545204 0.036005434 0.997984767 0.052249912 0.292313695 0.998926759 -0.034416497 -0.030998170 22.038021088
-0.023990922 0.052326061 -0.998341858 -16.763996124 0.033922818 0.998096764 0.051498026 0.319377899 0.999136448 -0.032631081 -0.025720309 22.012193680
-0.021173209 0.045702685 -0.998730659 -17.623123169 0.037651416 0.998282433 0.044883959 0.358643234 0.999066591 -0.036653288 -0.022857614 22.005779266
-0.019410858 0.034855176 -0.999203861 -18.520446777 0.035540700 0.998784602 0.034150124 0.394749641 0.999179721 -0.034849521 -0.020626042 21.982807159
-0.018691499 0.026665524 -0.999469638 -19.417581558 0.027785622 0.999272048 0.026140621 0.419588387 0.999439120 -0.027282277 -0.019418811 21.946502686
-0.019916613 0.023727164 -0.999520063 -20.336208344 0.022329923 0.999479532 0.023281252 0.444449186 0.999552250 -0.021855522 -0.020436071 21.914306641
-0.023604587 0.029880248 -0.999274731 -21.292268753 0.012340822 0.999485791 0.029595047 0.467396021 0.999645174 -0.011633293 -0.023961196 21.869155884
-0.028744979 0.038083173 -0.998861074 -22.258995056 0.007777858 0.999252260 0.037874259 0.493480921 0.999556541 -0.006680305 -0.029019691 21.826023102
-0.033036802 0.047446948 -0.998327255 -23.250045776 0.006055675 0.998863697 0.047272045 0.532845974 0.999435782 -0.004483828 -0.033286586 21.773162842
-0.034661543 0.057408165 -0.997748911 -24.263771057 0.004508853 0.998347640 0.057285976 0.573057473 0.999388933 -0.002513083 -0.034863114 21.730022430
-0.035635646 0.065507814 -0.997215509 -25.282499313 0.006555543 0.997843146 0.065314785 0.616501689 0.999343336 -0.004209755 -0.035988227 21.692243576
-0.037104201 0.066140056 -0.997120261 -26.311710358 0.007472421 0.997797787 0.065906942 0.672419906 0.999283493 -0.005005477 -0.037516717 21.650115967
-0.038966499 0.063414000 -0.997226298 -27.350223541 0.006288410 0.997980058 0.063216217 0.726107895 0.999220729 -0.003807653 -0.039286561 21.611949921
-0.041544061 0.058526337 -0.997421026 -28.367305756 0.005952493 0.998279691 0.058328792 0.773780107 0.999118924 -0.003513927 -0.041820969 21.561622620
-0.045941837 0.053217579 -0.997525573 -29.395874023 0.005782801 0.998577356 0.053007364 0.820569038 0.998927355 -0.003333236 -0.046184227 21.501743317
-0.051431831 0.048732933 -0.997486770 -30.430450439 0.006191926 0.998805046 0.048478071 0.856259525 0.998657286 -0.003683048 -0.051672123 21.447671890
-0.058123071 0.046775717 -0.997213006 -31.452594757 0.005270286 0.998902142 0.046547771 0.897154868 0.998295486 -0.002550098 -0.058305781 21.372367859
-0.064868219 0.049375206 -0.996671557 -32.477062225 0.005649997 0.998777330 0.049111795 0.936618507 0.997877836 -0.002445396 -0.065067880 21.299022675
-0.071163014 0.054156717 -0.995993435 -33.545375824 0.004079104 0.998532414 0.054003324 0.977797985 0.997456372 -0.000219722 -0.071279481 21.214132309
-0.077456519 0.057151012 -0.995356321 -34.607368469 0.000842786 0.998359084 0.057257839 1.018953323 0.996995389 0.003596121 -0.077377588 21.123119354
-0.082148515 0.059218045 -0.994859219 -35.680969238 -0.002367497 0.998218715 0.059613507 1.070277452 0.996617258 0.007252488 -0.081861988 21.024473190
-0.084604979 0.060845345 -0.994555116 -36.759937286 -0.006821053 0.998075068 0.061640948 1.115579963 0.996391237 0.011999044 -0.084027089 20.917242050
-0.086545534 0.061915930 -0.994322002 -37.840503693 -0.011113334 0.997944772 0.063108817 1.180839896 0.996185899 0.016512020 -0.085679568 20.810583115
-0.087532364 0.061194450 -0.994280279 -38.920001984 -0.012106508 0.997972310 0.062487490 1.237006664 0.996088088 0.017506940 -0.086614020 20.697454453
-0.088746406 0.060778715 -0.994198203 -40.007469177 -0.012813229 0.997984350 0.062153939 1.281816840 0.995971859 0.018254828 -0.087788753 20.591348648
-0.089975439 0.059579991 -0.994160295 -41.080963135 -0.013398488 0.998046279 0.061025493 1.341735601 0.995853841 0.018811040 -0.089001372 20.492990494
-0.090914115 0.058980349 -0.994110644 -42.169109344 -0.015656432 0.998036623 0.060645096 1.393506527 0.995735645 0.021077720 -0.089812189 20.382715225
-0.091612719 0.056172360 -0.994209111 -43.237483978 -0.020309765 0.998094618 0.058263358 1.443051577 0.995587587 0.025529819 -0.090297319 20.269962311
-0.091788180 0.051271416 -0.994457722 -44.323532104 -0.025015693 0.998239636 0.053775344 1.491843104 0.995464265 0.029812990 -0.090344019 20.159366608
-0.090953678 0.050949868 -0.994550943 -45.418796539 -0.026576074 0.998210490 0.053567778 1.534792185 0.995500445 0.031303443 -0.089436866 20.053438187
-0.089675635 0.055059697 -0.994447947 -46.530830383 -0.027297720 0.997959793 0.057715744 1.581302166 0.995596886 0.032321859 -0.087989673 19.953762054
-0.087470777 0.058390971 -0.994454324 -47.622318268 -0.027504496 0.997758508 0.061004240 1.624009371 0.995787323 0.032688051 -0.085668691 19.845983505
-0.086341649 0.057822242 -0.994586170 -48.738616943 -0.024754278 0.997881591 0.060162786 1.675476313 0.995958030 0.029814819 -0.084727392 19.751197815
-0.083797775 0.056756038 -0.994865179 -49.847805023 -0.024653690 0.997952998 0.059008785 1.729485035 0.996177733 0.029471902 -0.082226992 19.653285980
-0.079413094 0.056918953 -0.995215476 -50.964702606 -0.029550517 0.997795343 0.059424482 1.787504196 0.996403694 0.034128211 -0.077556029 19.544801712
-0.073427781 0.057892494 -0.995618820 -52.091011047 -0.034736350 0.997559547 0.060567178 1.839567184 0.996695399 0.039031480 -0.071237609 19.444267273
-0.067217119 0.057356641 -0.996088386 -53.211929321 -0.038618963 0.997448564 0.060041014 1.893885374 0.996990681 0.042503685 -0.064830564 19.348722458
-0.061528124 0.056624286 -0.996497869 -54.376895905 -0.040173329 0.997439921 0.059158292 1.947590113 0.997296572 0.043672536 -0.059095822 19.271469116
-0.055666495 0.055645872 -0.996897578 -55.514724731 -0.039950673 0.997522056 0.057911564 2.004283667 0.997649848 0.043050464 -0.053305462 19.205299377
-0.050269432 0.055079043 -0.997215748 -56.656356812 -0.038546033 0.997627199 0.057044864 2.056135416 0.997991562 0.041306324 -0.048027076 19.138280869
-0.044625171 0.055913623 -0.997437835 -57.795616150 -0.037556712 0.997632802 0.057604834 2.105280638 0.998297572 0.040031113 -0.042419601 19.083267212
-0.038248595 0.057071649 -0.997637153 -58.956459045 -0.036757030 0.997611701 0.058479425 2.164855480 0.998592019 0.038906932 -0.036059462 19.024620056
-0.032822590 0.058464240 -0.997749746 -60.112201691 -0.037312817 0.997520030 0.059678245 2.216365576 0.998764455 0.039187647 -0.030559726 18.986940384
-0.027739162 0.057638895 -0.997952044 -61.281215668 -0.036936231 0.997595370 0.058644976 2.267725229 0.998932540 0.038487349 -0.025543496 18.955869675
-0.022720939 0.053028148 -0.998334527 -62.437232971 -0.036666643 0.997876227 0.053838298 2.317043781 0.999069214 0.037828833 -0.020728320 18.919288635
-0.019948542 0.047437169 -0.998674989 -63.598529816 -0.036144607 0.998186588 0.048135959 2.363751173 0.999147475 0.037056956 -0.018197769 18.913518906
-0.015865853 0.047618821 -0.998739541 -64.781936646 -0.035546947 0.998206973 0.048158124 2.397120237 0.999242067 0.036266215 -0.014144702 18.882476807
-0.012444066 0.049561407 -0.998693526 -65.978004456 -0.035389531 0.998123348 0.049974073 2.439836025 0.999296129 0.035965178 -0.010666757 18.859149933
-0.009984035 0.049303927 -0.998733938 -67.143737793 -0.035886556 0.998122633 0.049632497 2.482413530 0.999306023 0.036336653 -0.008195943 18.835927963
-0.009142597 0.048836682 -0.998764932 -68.309669495 -0.037942603 0.998070478 0.049150046 2.530370474 0.999238074 0.038345102 -0.007271965 18.822317123
-0.008836260 0.050319083 -0.998694122 -69.508804321 -0.038613793 0.997970998 0.050624296 2.567682743 0.999215126 0.039010696 -0.006875320 18.792055130
-0.007373347 0.049829759 -0.998730481 -70.688575745 -0.039295264 0.997971773 0.050082009 2.609411955 0.999200463 0.039614651 -0.005400319 18.773742676
-0.006163644 0.048164271 -0.998820424 -71.855987549 -0.039382748 0.998052776 0.048370279 2.643756866 0.999205172 0.039634429 -0.004254801 18.753192902
-0.005635174 0.046491355 -0.998902798 -73.059730530 -0.037743725 0.998196959 0.046671432 2.691668034 0.999271572 0.037965313 -0.003870256 18.743835449
-0.004831250 0.045757260 -0.998940885 -74.246963501 -0.034848507 0.998338103 0.045898188 2.736299276 0.999380946 0.035033345 -0.003228649 18.732851028
-0.004705612 0.046718545 -0.998897016 -75.430938721 -0.032677468 0.998367429 0.046847712 2.769709349 0.999454856 0.032861874 -0.003171286 18.726329803
-0.004490613 0.049536481 -0.998762190 -76.618026733 -0.032549515 0.998235822 0.049656723 2.808830261 0.999460042 0.032732215 -0.002870302 18.715007782
-0.004875647 0.053493835 -0.998556256 -77.802467346 -0.033988081 0.997982323 0.053629044 2.845065832 0.999410331 0.034200490 -0.003047657 18.715930939
-0.006057195 0.054263409 -0.998508275 -79.010543823 -0.036616202 0.997844934 0.054449484 2.887142420 0.999311030 0.036891393 -0.004057222 18.707004547
-0.005764264 0.051903889 -0.998635471 -80.188026428 -0.037947651 0.997921348 0.052085813 2.934348583 0.999263108 0.038196106 -0.003782652 18.694965363
-0.005490932 0.050213952 -0.998723388 -81.367973328 -0.036719665 0.998054743 0.050382219 2.968912601 0.999310493 0.036949433 -0.003636412 18.674913406
-0.006395576 0.049939007 -0.998731792 -82.541778564 -0.034488734 0.998147011 0.050130621 2.997042656 0.999384642 0.034765609 -0.004661391 18.682994843
-0.006449522 0.051116694 -0.998671889 -83.718162537 -0.033171847 0.998132050 0.051303294 3.041756868 0.999428868 0.033458672 -0.004741840 18.676635742
-0.005446740 0.054349251 -0.998507142 -84.907073975 -0.031836350 0.998006344 0.054495655 3.082877636 0.999478281 0.032085646 -0.003705600 18.652149200
-0.005392891 0.057272453 -0.998344004 -86.061775208 -0.032699034 0.997814536 0.057418711 3.114444017 0.999450684 0.032954536 -0.003508351 18.640758514
-0.005248608 0.057188679 -0.998349607 -87.220199585 -0.034141269 0.997771025 0.057335027 3.164416313 0.999403238 0.034385853 -0.003284415 18.633071899
-0.005408918 0.055153992 -0.998463213 -88.392204285 -0.033693533 0.997900844 0.055305451 3.208581448 0.999417603 0.033940893 -0.003539231 18.625150681
-0.005230361 0.054068960 -0.998523533 -89.548866272 -0.032350741 0.998005331 0.054210361 3.247839212 0.999462903 0.032586519 -0.003470757 18.621299744
-0.005168980 0.055227518 -0.998460412 -90.710464478 -0.030737968 0.997993171 0.055360802 3.290538073 0.999514103 0.030976804 -0.003461024 18.611467361
-0.004267594 0.057409931 -0.998341560 -91.900115967 -0.028401876 0.997940958 0.057508301 3.351724148 0.999587476 0.028600195 -0.002628257 18.592395782
-0.004394453 0.059815891 -0.998199761 -93.042198181 -0.026417244 0.997854054 0.059911475 3.397574425 0.999641359 0.026632965 -0.002804851 18.591835022
-0.004389228 0.061971061 -0.998068273 -94.210037231 -0.027031867 0.997705817 0.062067434 3.442409992 0.999624908 0.027252076 -0.002703965 18.585929871
-0.003569521 0.063875414 -0.997951508 -95.398361206 -0.030371757 0.997490525 0.063954547 3.497960329 0.999532282 0.030537827 -0.001620555 18.568334579
-0.002748985 0.063074790 -0.998005033 -96.560806274 -0.032104298 0.997488797 0.063130595 3.545003414 0.999480724 0.032213796 -0.000717109 18.549598694
-0.002828654 0.058555294 -0.998280168 -97.712501526 -0.034439526 0.997686267 0.058618043 3.602500439 0.999402761 0.034546107 -0.000805493 18.536623001
-0.002552169 0.056956548 -0.998373389 -98.881080627 -0.035860822 0.997729242 0.057011474 3.650043488 0.999353528 0.035947993 -0.000503865 18.531866074
-0.002294662 0.055320285 -0.998466015 -100.033576965 -0.035145450 0.997847319 0.055366777 3.692270756 0.999379575 0.035218585 -0.000345466 18.522544861
-0.002072673 0.055884156 -0.998435080 -101.201797485 -0.034041014 0.997854650 0.055922333 3.738678932 0.999418259 0.034103651 -0.000165873 18.520847321
-0.002133247 0.057799548 -0.998325944 -102.344940186 -0.034234300 0.997738779 0.057838708 3.780750990 0.999411583 0.034300372 -0.000149696 18.509084702
-0.002291755 0.060425218 -0.998170078 -103.515090942 -0.032991871 0.997624755 0.060467955 3.822238445 0.999453008 0.033070076 -0.000292771 18.505037308
-0.002947725 0.058589969 -0.998277783 -104.678192139 -0.036779404 0.997600317 0.058658812 3.885603428 0.999319077 0.036888972 -0.000785747 18.491989136
-0.002919237 0.060135171 -0.998185992 -105.846649170 -0.040018287 0.997383595 0.060203869 3.930572271 0.999194682 0.040121440 -0.000505093 18.476175308
-0.003235287 0.059418753 -0.998227894 -107.024543762 -0.043501344 0.997279823 0.059503309 3.984254599 0.999048114 0.043616768 -0.000641690 18.459861755
-0.003571092 0.055348150 -0.998460710 -108.166770935 -0.044899493 0.997451246 0.055452779 4.037961960 0.998985112 0.045028407 -0.001076886 18.449378967
-0.003763581 0.051498871 -0.998665988 -109.389602661 -0.043971322 0.997698545 0.051614698 4.082419395 0.999025702 0.044106919 -0.001490446 18.440221786
-0.004671532 0.050779007 -0.998699009 -110.581031799 -0.040828120 0.997867465 0.050927706 4.126919746 0.999155283 0.041012913 -0.002588358 18.429986954
-0.004803525 0.050096881 -0.998732805 -111.738754272 -0.036973085 0.998052537 0.050240584 4.165894508 0.999304712 0.037167564 -0.002941934 18.430170059
-0.005069075 0.051647704 -0.998652518 -112.943321228 -0.036126863 0.998003960 0.051797539 4.217235565 0.999334335 0.036340747 -0.003193087 18.415985107
-0.006033960 0.055800077 -0.998423755 -114.180282593 -0.034908351 0.997821569 0.055977393 4.257804871 0.999372303 0.035191089 -0.004072927 18.406017303
-0.006933131 0.055436168 -0.998438179 -115.408775330 -0.033795930 0.997878790 0.055639789 4.328859806 0.999404728 0.034128904 -0.005044907 18.403631210
-0.008145664 0.051063705 -0.998662174 -116.631408691 -0.033815119 0.998110056 0.051311292 4.380246162 0.999394894 0.034187846 -0.006403544 18.394485474
-0.008565973 0.047867388 -0.998816967 -117.888259888 -0.034221891 0.998254478 0.048133921 4.414271832 0.999377549 0.034593720 -0.006912909 18.367568970
-0.008732432 0.045889858 -0.998908341 -119.145309448 -0.033146329 0.998384178 0.046155546 4.468785286 0.999412358 0.033513196 -0.007197243 18.343679428
-0.009678032 0.047013730 -0.998847365 -120.386573792 -0.035127994 0.998261631 0.047326520 4.515046120 0.999335945 0.035545532 -0.008009710 18.326282501
-0.009899632 0.052122623 -0.998591602 -121.657897949 -0.040273946 0.997809470 0.052481055 4.557279587 0.999139607 0.040736768 -0.007778763 18.308670044
-0.009683436 0.055751730 -0.998397708 -122.905265808 -0.045589082 0.997381687 0.056137163 4.597513676 0.998913348 0.046059635 -0.007116412 18.265630722
-0.009947574 0.055447977 -0.998412013 -124.166778564 -0.052692547 0.997045159 0.055897061 4.653547287 0.998561263 0.053164914 -0.006996485 18.238885880
-0.009261049 0.053146437 -0.998543799 -125.430595398 -0.056470048 0.996965230 0.053586155 4.710079193 0.998361349 0.056884080 -0.006231762 18.206430435
-0.010213466 0.051833473 -0.998603523 -126.677902222 -0.058722246 0.996901035 0.052345701 4.763122559 0.998222113 0.059174873 -0.007138037 18.186973572
-0.011189098 0.050901815 -0.998640954 -127.940345764 -0.058363307 0.996967673 0.051470444 4.808337212 0.998232722 0.058859896 -0.008184370 18.171222687
-0.011068521 0.050653938 -0.998654902 -129.258682251 -0.056721438 0.997076213 0.051202528 4.850402832 0.998328686 0.057211880 -0.008162995 18.142637253
-0.011507599 0.051473550 -0.998608053 -130.513778687 -0.057050016 0.997013628 0.052048787 4.893411636 0.998305023 0.057569563 -0.008536666 18.123687744
-0.012426266 0.056250032 -0.998339355 -131.763977051 -0.056738794 0.996768177 0.056867730 4.941973686 0.998311698 0.057351228 -0.009194547 18.109403610
-0.013103458 0.060545869 -0.998079419 -133.043716431 -0.055868994 0.996561468 0.061187271 4.990911961 0.998352110 0.056563459 -0.009675764 18.091407776
-0.012948683 0.059310231 -0.998155594 -134.295532227 -0.055842370 0.996638477 0.059944507 5.044860840 0.998355627 0.056515574 -0.009593133 18.062496185
-0.012476653 0.057619322 -0.998260677 -135.573730469 -0.055024747 0.996786058 0.058221929 5.097239494 0.998407066 0.055655457 -0.009266065 18.044044495
-0.011430674 0.057166126 -0.998299241 -136.819427490 -0.054024141 0.996870995 0.057702925 5.148822308 0.998474181 0.054591842 -0.008306556 18.023799896
-0.010286601 0.056414634 -0.998354435 -138.070800781 -0.054456268 0.996894002 0.056893200 5.197465897 0.998463154 0.054951895 -0.007182521 18.004638672
-0.009725902 0.058560852 -0.998236477 -139.313629150 -0.054515328 0.996767998 0.059005853 5.248558998 0.998465538 0.054993074 -0.006502004 17.991823196
-0.008601855 0.062345322 -0.998017550 -140.572860718 -0.055511273 0.996485651 0.062728070 5.302956581 0.998421013 0.055940803 -0.005110757 17.974203110
-0.007450112 0.062967665 -0.997987747 -141.829360962 -0.057080057 0.996361434 0.063291162 5.365579128 0.998341799 0.057436723 -0.003828807 17.961168289
-0.005973744 0.060544923 -0.998147607 -143.085433960 -0.059287746 0.996388078 0.060793020 5.417314529 0.998223066 0.059541080 -0.002362595 17.939748764
-0.006731809 0.057644479 -0.998314500 -144.328094482 -0.058215987 0.996621251 0.057939269 5.471748352 0.998281300 0.058507897 -0.003353234 17.944450378
-0.006418857 0.056191616 -0.998399377 -145.580429077 -0.055517986 0.996859968 0.056461908 5.522365570 0.998437047 0.055791542 -0.003279056 17.932907104
-0.006424595 0.056011315 -0.998409450 -146.836425781 -0.053178128 0.996998131 0.056274332 5.564430237 0.998564363 0.053455085 -0.003426732 17.923395157
-0.006995729 0.056028742 -0.998404622 -148.068298340 -0.050966933 0.997111440 0.056313291 5.618597984 0.998675823 0.051279575 -0.004119908 17.917404175
-0.006877622 0.054335490 -0.998499036 -149.299942017 -0.048707109 0.997319281 0.054606784 5.669384956 0.998789430 0.049009569 -0.004212660 17.915004730
-0.006835876 0.054581136 -0.998485923 -150.540954590 -0.047881197 0.997346103 0.054846633 5.716677666 0.998829663 0.048183627 -0.004204324 17.901346207
-0.007466526 0.057072114 -0.998342156 -151.773590088 -0.045846514 0.997300565 0.057355456 5.769659996 0.998920619 0.046198752 -0.004829813 17.898008347
-0.006873488 0.058749344 -0.998249114 -153.035400391 -0.043438345 0.997312844 0.058993340 5.814009666 0.999032438 0.043767780 -0.004303044 17.871055603
-0.006631708 0.057161909 -0.998342872 -154.263442993 -0.041252702 0.997499287 0.057387639 5.867342949 0.999126732 0.041564919 -0.004257041 17.854690552
-0.007627171 0.057502493 -0.998316228 -155.482635498 -0.041889019 0.997450590 0.057772662 5.916100502 0.999093175 0.042259131 -0.005199003 17.847084045
-0.007409791 0.062060840 -0.998044848 -156.710769653 -0.042683661 0.997142971 0.062321655 5.973033905 0.999061167 0.043061998 -0.004739637 17.832569122
-0.006989776 0.068962447 -0.997594774 -157.946197510 -0.047657102 0.996462584 0.069218099 6.026109219 0.998839319 0.048026297 -0.003678500 17.814325333
-0.006047658 0.068971127 -0.997600317 -159.201187134 -0.051823109 0.996256411 0.069192372 6.089145660 0.998637974 0.052117202 -0.002450720 17.801147461
-0.004728132 0.064688809 -0.997894287 -160.430206299 -0.055698708 0.996339262 0.064851910 6.156600952 0.998436451 0.055888049 -0.001107740 17.778860092
-0.003100236 0.059534255 -0.998221457 -161.659561157 -0.057759818 0.996549010 0.059613902 6.207991123 0.998325706 0.057841908 0.000349151 17.761505127
-0.002627660 0.058194932 -0.998301804 -162.882019043 -0.060430478 0.996471465 0.058247298 6.260772228 0.998168945 0.060480908 0.000898359 17.751871109
-0.001477671 0.055413757 -0.998462379 -164.072967529 -0.055316154 0.996930182 0.055410583 6.297714233 0.998467803 0.055312980 0.001592141 17.761659622
-0.001193385 0.050658401 -0.998715341 -165.288970947 -0.052248266 0.997348785 0.050651517 6.349884510 0.998633385 0.052241594 0.001456592 17.756328583
-0.001125280 0.046809476 -0.998903215 -166.506942749 -0.045450814 0.997869134 0.046812221 6.393980980 0.998965919 0.045453638 0.001004647 17.756309509
-0.002718628 0.049972083 -0.998746932 -167.734481812 -0.043409519 0.997803271 0.050043028 6.436902046 0.999053657 0.043491170 -0.000543391 17.758747101
-0.001644091 0.056323849 -0.998411179 -168.967529297 -0.044435896 0.997422218 0.056341231 6.482742310 0.999010861 0.044457927 0.000862947 17.745126724
0.000532127 0.060145602 -0.998189449 -170.215515137 -0.046902042 0.997092605 0.060054507 6.528910637 0.998899341 0.046785168 0.003351531 17.728639603
0.002120747 0.056444183 -0.998403490 -171.429428101 -0.047656212 0.997277081 0.056279272 6.584643364 0.998861551 0.047460776 0.004804889 17.724843979
0.002592360 0.056759935 -0.998384476 -172.651672363 -0.049646650 0.997163951 0.056561638 6.635594368 0.998763502 0.049419817 0.005402949 17.726186752
0.004113161 0.057893753 -0.998314261 -173.857971191 -0.049085699 0.997130990 0.057622895 6.684351444 0.998786092 0.048765939 0.006943115 17.713867188
0.004489276 0.055547945 -0.998445928 -175.061599731 -0.048812021 0.997277975 0.055263497 6.736793518 0.998797894 0.048488069 0.007188464 17.719215393
0.006788599 0.053903565 -0.998523057 -176.226745605 -0.049094651 0.997359872 0.053506996 6.780097961 0.998771071 0.048658904 0.009417052 17.711719513
0.007912254 0.055591613 -0.998422265 -177.389526367 -0.050198179 0.997216702 0.055126682 6.823621273 0.998707950 0.049682800 0.010680829 17.727193832
0.009611984 0.057523698 -0.998297870 -178.493911743 -0.050233215 0.997111261 0.056971658 6.858906746 0.998691261 0.049600102 0.012473817 17.727416992
0.009976556 0.058860671 -0.998216331 -179.583648682 -0.051185649 0.996987402 0.058276638 6.895576000 0.998639345 0.050512951 0.012959322 17.734687805
0.010566507 0.060316347 -0.998123407 -180.664596558 -0.052080262 0.996857524 0.059688512 6.930273056 0.998587012 0.051351830 0.013674593 17.730281830
0.010064311 0.061048549 -0.998084068 -181.716354370 -0.051425632 0.996845365 0.060454227 6.971461296 0.998626113 0.050718676 0.013172022 17.743173599
0.010733791 0.060059078 -0.998137116 -182.779373169 -0.051550534 0.996900499 0.059430305 7.010199070 0.998612702 0.050816588 0.013796599 17.750093460
0.012193279 0.060204726 -0.998111546 -183.754470825 -0.052198090 0.996863127 0.059491754 7.042106628 0.998562336 0.051374119 0.015297602 17.759107590
0.013157820 0.060838629 -0.998060882 -184.708511353 -0.052918419 0.996790826 0.060063571 7.076291561 0.998512149 0.052025497 0.016335079 17.773454666
0.012896992 0.059347119 -0.998154104 -185.647216797 -0.051633034 0.996944904 0.058608081 7.107803822 0.998582840 0.050781857 0.015921863 17.778579712
0.009461346 0.056361791 -0.998365581 -186.582641602 -0.049218323 0.997226357 0.055831045 7.137884140 0.998743236 0.048609644 0.012209137 17.786287308
0.004437169 0.052778687 -0.998596370 -187.508316040 -0.049029715 0.997416675 0.052498478 7.168866158 0.998787463 0.048727952 0.007013430 17.786987305
-0.000640997 0.050042320 -0.998746872 -188.446899414 -0.050408136 0.997475803 0.050010983 7.199647903 0.998728514 0.050377026 0.001883161 17.780376434
-0.004023554 0.049182255 -0.998781741 -189.382949829 -0.052642964 0.997394443 0.049326014 7.236000061 0.998605311 0.052777294 -0.001423971 17.765310287
-0.006656543 0.050100390 -0.998722017 -190.295410156 -0.054417420 0.997246027 0.050389044 7.261539936 0.998496115 0.054683294 -0.003911877 17.744707108
-0.008728549 0.051484525 -0.998635650 -191.228210449 -0.053151108 0.997238040 0.051877040 7.298438549 0.998548329 0.053531405 -0.005967981 17.732048035
-0.010802611 0.053078894 -0.998531878 -192.151870728 -0.050198566 0.997302234 0.053556606 7.328108788 0.998680830 0.050703421 -0.008108984 17.729307175
-0.012252307 0.053267319 -0.998505116 -193.066024780 -0.048651643 0.997365654 0.053803518 7.363823891 0.998740673 0.049238134 -0.009628486 17.715986252
-0.013262085 0.052044578 -0.998556674 -193.979812622 -0.048992701 0.997411251 0.052635562 7.397785187 0.998711109 0.049620047 -0.010677948 17.702411652
-0.013637332 0.051361881 -0.998587012 -194.893630981 -0.050728239 0.997358263 0.051991459 7.422899246 0.998619378 0.051365584 -0.010995808 17.680343628
-0.013784817 0.050786067 -0.998614430 -195.803863525 -0.054086298 0.997209311 0.051461212 7.453433514 0.998441100 0.054720741 -0.010999518 17.663650513
-0.013408885 0.048599970 -0.998728335 -196.721054077 -0.056777533 0.997169554 0.049286410 7.489857197 0.998296797 0.057366207 -0.010611546 17.648797989
-0.012525058 0.046575978 -0.998836219 -197.637359619 -0.056567896 0.997281790 0.047212839 7.511663437 0.998320162 0.057093404 -0.009856308 17.633098602
-0.011373615 0.043861810 -0.998972893 -198.555938721 -0.056118257 0.997434914 0.044433206 7.541084766 0.998359323 0.056565981 -0.008882992 17.612270355
-0.010413530 0.043626636 -0.998993635 -199.482009888 -0.056021146 0.997453272 0.044143334 7.564584732 0.998375297 0.056424458 -0.007942995 17.589675903
-0.010525219 0.046523076 -0.998861790 -200.414916992 -0.053641301 0.997452497 0.047022671 7.590964317 0.998504817 0.054075167 -0.008002848 17.587162018
-0.010254433 0.047755275 -0.998806417 -201.355880737 -0.052895080 0.997434556 0.048232742 7.619732380 0.998547435 0.053326547 -0.007702107 17.570396423
-0.009162314 0.044335552 -0.998974681 -202.273406982 -0.047985461 0.997846186 0.044725578 7.648956776 0.998806000 0.048346050 -0.007015118 17.567256927
-0.009032271 0.040844616 -0.999124706 -203.215835571 -0.045955893 0.998092771 0.041217882 7.682799816 0.998902619 0.046287958 -0.007137993 17.558284760
-0.008772735 0.041338190 -0.999106705 -204.158172607 -0.050677199 0.997842848 0.041730873 7.714561462 0.998676538 0.050998025 -0.006658907 17.541210175
-0.007067812 0.045318063 -0.998947620 -205.093170166 -0.051521700 0.997629225 0.045622785 7.743384361 0.998646855 0.051789932 -0.004716192 17.532548904
-0.005541652 0.044532765 -0.998992562 -206.048233032 -0.049382936 0.997776806 0.044752508 7.776980400 0.998764515 0.049581189 -0.003330173 17.527866364
-0.003304955 0.045592852 -0.998954654 -207.010681152 -0.048214231 0.997791052 0.045699257 7.816627026 0.998831570 0.048314862 -0.001099430 17.521783829
-0.001827650 0.050282620 -0.998733342 -207.981735229 -0.049206533 0.997520685 0.050311614 7.851281166 0.998786926 0.049236156 0.000651115 17.516851425
-0.000048934 0.054578260 -0.998509467 -208.982391357 -0.045884948 0.997457683 0.054523014 7.882773399 0.998946726 0.045819227 0.002455511 17.518186569
0.001174903 0.054784972 -0.998497486 -209.974136353 -0.045474745 0.997468114 0.054674983 7.927316666 0.998964787 0.045342181 0.003663261 17.516044617
0.003462701 0.055982336 -0.998425782 -210.995559692 -0.049113203 0.997236371 0.055745315 7.968099117 0.998787224 0.048842859 0.006202603 17.518646240
0.006225423 0.057235535 -0.998341322 -212.021041870 -0.051903594 0.997033417 0.056836896 8.021259308 0.998632669 0.051463667 0.009177685 17.513315201
0.009487328 0.057496868 -0.998300612 -213.049514771 -0.053042870 0.996968925 0.056916080 8.066537857 0.998547196 0.052412748 0.012508370 17.524103165
0.012754301 0.054735679 -0.998419404 -214.083541870 -0.055687413 0.996989846 0.053945929 8.109998703 0.998366773 0.054911353 0.015763996 17.523235321
