1.000000000 0.000000000 0.000000000 0.000000000 0.000000000 1.000000000 0.000000000 0.000000000 0.000000000 0.000000000 1.000000000 0.000000000
0.999932945 -0.002517147 0.011305142 0.015055994 0.002505951 0.999996364 0.001004395 -0.003897082 -0.011307629 -0.000975997 0.999935567 0.295414865
0.999828458 -0.004524055 0.017960852 0.025847362 0.004503583 0.999989152 0.001180132 -0.008617754 -0.017965997 -0.001099042 0.999837995 0.582692623
0.999777615 -0.007364825 0.019761052 0.038014553 0.007367736 0.999972880 -0.000074516 -0.011614304 -0.019759966 0.000220093 0.999804735 0.886108160
0.999815464 -0.008649192 0.017151602 0.050120413 0.008681137 0.999960721 -0.001788932 -0.010080651 -0.017135456 0.001937497 0.999851286 1.200880051
0.999883533 -0.011412651 0.010131846 0.055692229 0.011448156 0.999928534 -0.003453193 -0.010242594 -0.010091712 0.003568781 0.999942720 1.519962311
0.999913216 -0.012918609 -0.002573242 0.061403152 0.012903870 0.999900699 -0.005664268 -0.008713448 0.002646161 0.005630571 0.999980628 1.858799815
0.999737024 -0.012186339 -0.019425020 0.044241507 0.012075994 0.999910355 -0.005787774 -0.014501602 0.019493811 0.005551676 0.999794543 2.199945927
0.999212146 -0.007748006 -0.038923588 0.012379736 0.007538775 0.999956369 -0.005519322 -0.024406523 0.038964652 0.005221537 0.999226928 2.534413338
0.998275638 -0.004301628 -0.058543086 -0.034949675 0.003889802 0.999966919 -0.007146720 -0.024010830 0.058571890 0.006906676 0.998259306 2.886998177
0.996881485 -0.004049200 -0.078809366 -0.077187166 0.003456169 0.999964714 -0.007659833 -0.026931521 0.078837596 0.007363567 0.996860266 3.251617670
0.994953990 -0.005518269 -0.100180380 -0.121284366 0.004813617 0.999961972 -0.007274203 -0.027660076 0.100216709 0.006755267 0.994942725 3.626776695
0.992742538 -0.007119446 -0.120048426 -0.179944962 0.006430935 0.999960601 -0.006121714 -0.039401211 0.120087273 0.005305262 0.992749155 4.011271477
0.990479708 -0.005698985 -0.137540996 -0.257585347 0.004913658 0.999969661 -0.006048619 -0.038549397 0.137571290 0.005315205 0.990477622 4.407605648
0.988065004 -0.004798511 -0.153962806 -0.322233677 0.004078536 0.999979198 -0.004991809 -0.051118650 0.153983548 0.004304289 0.988064051 4.821017742
0.985901594 -0.003894843 -0.167280987 -0.410428464 0.003054488 0.999981403 -0.005280612 -0.056758620 0.167298451 0.004695205 0.985895097 5.240757942
0.983713150 -0.005682284 -0.179655552 -0.495189965 0.004641260 0.999969900 -0.006214359 -0.062008072 0.179685459 0.005279319 0.983709931 5.672741890
0.981874406 -0.009513590 -0.189293742 -0.583647907 0.008020668 0.999930382 -0.008651312 -0.067980215 0.189362869 0.006976239 0.981882393 6.124010563
0.980343759 -0.008513440 -0.197113335 -0.683489323 0.006581205 0.999923706 -0.010455645 -0.076779939 0.197187319 0.008952883 0.980324924 6.580222130
0.978796899 -0.008025330 -0.204675853 -0.793319345 0.005648705 0.999909699 -0.012193279 -0.083048053 0.204755232 0.010778590 0.978753865 7.051336288
0.977024198 -0.008857425 -0.212944403 -0.902830362 0.005724348 0.999866188 -0.015325188 -0.090284638 0.213051647 0.013754111 0.976944149 7.535246372
0.975310564 -0.012651761 -0.220475137 -1.016793132 0.009153527 0.999815583 -0.016881252 -0.101125851 0.220648065 0.014446338 0.975246489 8.029964447
0.973339140 -0.019064955 -0.228576899 -1.130611658 0.015234673 0.999712586 -0.018510062 -0.111025184 0.228864089 0.014534273 0.973349869 8.547451973
0.971265376 -0.019256603 -0.237218723 -1.261492968 0.014763511 0.999676645 -0.020702789 -0.131450385 0.237540692 0.016605722 0.971235633 9.062618256
0.969099700 -0.015342625 -0.246191755 -1.408803344 0.009335902 0.999630034 -0.025547279 -0.138078064 0.246492639 0.022459438 0.968884408 9.588419914
0.966927230 -0.012441002 -0.254748762 -1.558734417 0.005448759 0.999589264 -0.028134931 -0.158592016 0.254994154 0.025816368 0.966597915 10.128559113
0.964559913 -0.014869374 -0.263444692 -1.715245962 0.007080090 0.999509931 -0.030491851 -0.173013225 0.263768971 0.027546003 0.964192510 10.695659637
0.962061763 -0.018058719 -0.272233516 -1.881485462 0.009597689 0.999429584 -0.032379732 -0.195748851 0.272662967 0.028538490 0.961686254 11.267109871
0.959842205 -0.017658943 -0.279984206 -2.058884859 0.008273706 0.999364674 -0.034667213 -0.219547912 0.280418515 0.030958544 0.959378481 11.839414597
0.957592130 -0.016773248 -0.287638575 -2.240833759 0.006065110 0.999256313 -0.038078595 -0.248447448 0.288063347 0.034719206 0.956981778 12.422801018
0.955195546 -0.017429125 -0.295461774 -2.428929329 0.004842100 0.999051273 -0.043279503 -0.278156579 0.295935780 0.039909732 0.954373717 13.027330399
0.953525960 -0.019313255 -0.300691307 -2.635586739 0.004334419 0.998719573 -0.050402340 -0.317792892 0.301279724 0.046756618 0.952388763 13.627329826
0.952094972 -0.020113558 -0.305140287 -2.839972973 0.002264616 0.998270988 -0.058735780 -0.352209449 0.305794060 0.055231016 0.950494349 14.249398232
0.950891554 -0.019822279 -0.308888853 -3.055728197 -0.001015665 0.997742057 -0.067154601 -0.396811128 0.309522569 0.064170472 0.948724389 14.862234116
0.949159324 -0.020109812 -0.314153105 -3.261398792 -0.004023350 0.997101009 -0.075983055 -0.442891598 0.314770371 0.073383972 0.946326792 15.525864601
0.948077321 -0.019508757 -0.317440957 -3.498663425 -0.007285973 0.996522665 -0.083003104 -0.496617556 0.317956388 0.081006229 0.944638431 16.165950775
0.946242332 -0.017674262 -0.322975338 -3.732204437 -0.012003155 0.995899618 -0.089665316 -0.558001816 0.323235780 0.088721842 0.942150235 16.825885773
0.944847107 -0.016282687 -0.327106804 -3.986032248 -0.016060887 0.995258152 -0.095933683 -0.619071722 0.327117771 0.095896289 0.940105259 17.491939545
0.943211555 -0.014944105 -0.331856310 -4.243486404 -0.019912345 0.994647861 -0.101386279 -0.690242529 0.331595302 0.102236748 0.937865794 18.169874191
0.941351414 -0.012615953 -0.337191850 -4.492977142 -0.023952134 0.994281650 -0.104068898 -0.772783637 0.336576611 0.106041871 0.935666263 18.854005814
0.939622641 -0.011525793 -0.342018187 -4.763449192 -0.026216095 0.994071245 -0.105522744 -0.850676417 0.341206670 0.108117938 0.933749676 19.553697586
0.937286556 -0.010862923 -0.348390490 -5.033510208 -0.027459504 0.994106591 -0.104871772 -0.929525256 0.347476482 0.107861526 0.931464434 20.262512207
0.935197234 -0.010085898 -0.353983641 -5.291116238 -0.028183255 0.994303942 -0.102788225 -1.013935447 0.353004038 0.106103674 0.929585993 20.944690704
0.932727218 -0.010389604 -0.360433102 -5.583126068 -0.027908701 0.994506180 -0.100888982 -1.095993519 0.359501153 0.104161121 0.927312970 21.662748337
0.929495752 -0.009412827 -0.368712723 -5.882993698 -0.028817682 0.994764924 -0.098042347 -1.175961494 0.367705345 0.101755388 0.924358487 22.375564575
0.926077545 -0.007680244 -0.377255142 -6.192413330 -0.029325841 0.995303869 -0.092251040 -1.255210638 0.376192003 0.096494943 0.921503305 23.116636276
0.922607899 -0.004470151 -0.385713249 -6.519669533 -0.031650510 0.995683908 -0.087245822 -1.334618330 0.384438485 0.092701703 0.918484330 23.862417221
0.918985724 -0.000630731 -0.394290358 -6.854329109 -0.034988102 0.995923400 -0.083141081 -1.412387729 0.392735422 0.090200938 0.915217280 24.612724304
0.915136218 0.000674401 -0.403144211 -7.199746132 -0.036687456 0.995988548 -0.081614286 -1.484482288 0.401471943 0.089478523 0.911489904 25.363849640
0.911503732 0.000103886 -0.411291718 -7.530357838 -0.036516067 0.996071339 -0.080675222 -1.547162533 0.409667522 0.088554524 0.907926559 26.083683014
0.907663822 0.000335285 -0.419697791 -7.896961212 -0.037134875 0.996141791 -0.079514340 -1.617193103 0.418051839 0.087757714 0.904174328 26.856920242
0.903631449 0.000989224 -0.428309679 -8.288141251 -0.037946835 0.996249855 -0.077757850 -1.686550617 0.426626533 0.086517438 0.900280237 27.651599884
0.899773061 0.000608350 -0.436357737 -8.661058426 -0.037287772 0.996448517 -0.075498477 -1.755833626 0.434762061 0.084202304 0.896600187 28.434562683
0.896088123 0.000840041 -0.443875402 -9.062081337 -0.036287859 0.996789515 -0.071370870 -1.825885534 0.442390412 0.080061875 0.893241763 29.223672867
0.892080665 0.003087010 -0.451865584 -9.467655182 -0.036650605 0.997176409 -0.065543838 -1.896300912 0.450387359 0.075031541 0.889674962 30.010234833
0.888561547 0.003452589 -0.458744377 -9.898075104 -0.035393905 0.997507036 -0.061048556 -1.964723587 0.457390010 0.070482157 0.886468649 30.813125610
0.885014534 0.002339139 -0.465557545 -10.337364197 -0.033850413 0.997663975 -0.059336234 -2.024744749 0.464331180 0.068272747 0.883026242 31.615398407
0.881541252 0.002229219 -0.472101748 -10.766798973 -0.033645589 0.997742832 -0.058114145 -2.088448048 0.470906556 0.067114159 0.879626453 32.434246063
0.878466666 0.002883869 -0.477794945 -11.228309631 -0.033866167 0.997842550 -0.056243062 -2.145812511 0.476601928 0.065588735 0.876669109 33.262138367
0.875309169 0.000502927 -0.483563453 -11.684902191 -0.030876219 0.998017013 -0.054851763 -2.201461554 0.482576966 0.062942863 0.873588979 34.099296570
0.872702897 -0.000171497 -0.488251626 -12.183197021 -0.030467665 0.998031914 -0.054808579 -2.264840841 0.487300098 0.062707491 0.870980144 34.950912476
0.870296478 -0.001718057 -0.492525250 -12.646799088 -0.029435949 0.998024940 -0.055494957 -2.318324327 0.491647840 0.062795013 0.868527055 35.799171448
0.868990362 -0.001298930 -0.494827360 -13.148818970 -0.030242672 0.997987747 -0.055730358 -2.378855228 0.493904024 0.063394047 0.867202401 36.661140442
0.868538022 -0.001273580 -0.495620906 -13.656385422 -0.029979482 0.998030603 -0.055101376 -2.439315081 0.494715005 0.062716097 0.866789341 37.522922516
0.868278027 -0.001175970 -0.496076465 -14.162746429 -0.029166771 0.998146296 -0.053416479 -2.499757528 0.495219707 0.060849305 0.866634190 38.404949188
0.867996275 -0.001876536 -0.496567160 -14.685089111 -0.028018951 0.998214662 -0.052749220 -2.565573692 0.495779604 0.059699416 0.866393983 39.285846710
0.867236257 -0.004315243 -0.497878104 -15.206163406 -0.025795957 0.998230040 -0.053584993 -2.627199173 0.497228116 0.059314094 0.865589976 40.196243286
0.865976572 -0.007114972 -0.500033975 -15.727005005 -0.022774071 0.998300314 -0.053645730 -2.694754601 0.499565780 0.057843756 0.864342630 41.107391357
0.864378154 -0.007363786 -0.502788424 -16.272953033 -0.021672405 0.998418093 -0.051881246 -2.753390074 0.502375066 0.055741649 0.862851143 42.044269562
0.862263978 -0.007020005 -0.506410480 -16.816707611 -0.019812191 0.998670995 -0.047578029 -2.822774649 0.506071508 0.051057920 0.860978961 42.959671021
0.859584689 -0.006921912 -0.510946453 -17.370365143 -0.017937951 0.998883247 -0.043709807 -2.883093834 0.510678351 0.046737611 0.858500540 43.874912262
0.855579138 -0.007228196 -0.517621636 -17.941003799 -0.016625451 0.999003053 -0.041430607 -2.950885534 0.517405033 0.044052858 0.854605973 44.793994904
0.850431442 -0.010065286 -0.525989592 -18.503513336 -0.015546351 0.998899519 -0.044250526 -2.996924162 0.525856137 0.045809258 0.849339068 45.702030182
0.844366074 -0.014568076 -0.535568595 -19.071434021 -0.012973035 0.998781204 -0.047621001 -3.053476810 0.535609603 0.047157507 0.843147993 46.596950531
0.838159323 -0.014162060 -0.545241535 -19.657537460 -0.013470352 0.998820484 -0.046650253 -3.121213675 0.545259058 0.046444941 0.836979926 47.487159729
0.832587004 -0.011020484 -0.553784609 -20.258216858 -0.014369108 0.999035835 -0.041484341 -3.178951740 0.553707838 0.042496715 0.831625879 48.364761353
0.827247977 -0.005960026 -0.561805367 -20.876678467 -0.018065918 0.999144495 -0.037201360 -3.231976032 0.561546445 0.040924281 0.826432586 49.259048462
0.823237181 -0.006030054 -0.567665517 -21.489944458 -0.019479303 0.999054730 -0.038861688 -3.284403324 0.567363262 0.043050114 0.822341561 50.132705688
0.819362402 -0.008723331 -0.573209524 -22.100334167 -0.019284006 0.998898983 -0.042766765 -3.345653534 0.572951436 0.046095256 0.818292022 51.020179749
0.816298902 -0.010873530 -0.577527344 -22.726942062 -0.022044709 0.998507977 -0.049958464 -3.403987408 0.577208877 0.053512461 0.814841270 51.892745972
0.812823236 -0.012495234 -0.582376420 -23.355287552 -0.021408897 0.998453617 -0.051302835 -3.467470407 0.582116902 0.054168172 0.811298788 52.782657623
0.809656858 -0.011031485 -0.586799860 -23.995632172 -0.020809002 0.998655140 -0.047486037 -3.529787302 0.586534560 0.050658118 0.808338404 53.640224457
0.806585312 -0.008243586 -0.591060162 -24.633123398 -0.020699380 0.998895645 -0.042178951 -3.588615894 0.590755165 0.046255503 0.805523932 54.482330322
0.803760111 -0.005836548 -0.594924867 -25.274854660 -0.021740993 0.998995900 -0.039173406 -3.647012711 0.594556093 0.044420280 0.802826166 55.324981689
0.800779760 -0.005532583 -0.598933339 -25.930706024 -0.022899358 0.998943448 -0.039844301 -3.697603703 0.598520994 0.045621697 0.799807012 56.181674957
0.797080636 -0.006978060 -0.603832603 -26.587976456 -0.022674711 0.998882234 -0.041474797 -3.752344608 0.603447020 0.046750486 0.796031475 57.050346375
0.792922854 -0.009962275 -0.609240592 -27.250986099 -0.021551378 0.998782218 -0.044381026 -3.806180477 0.608940780 0.048320703 0.791742504 57.911937714
0.788715005 -0.011125022 -0.614658356 -27.907176971 -0.020932300 0.998770475 -0.044937097 -3.861793041 0.614402533 0.048308775 0.787512362 58.745166779
0.783885956 -0.011361811 -0.620800912 -28.581535339 -0.020464962 0.998816550 -0.044121329 -3.920435429 0.620567501 0.047290757 0.782725692 59.593441010
0.779299378 -0.010360584 -0.626566172 -29.265571594 -0.021489151 0.998833418 -0.043243606 -3.980136871 0.626283288 0.047164090 0.778167605 60.413734436
0.773657501 -0.011975120 -0.633490860 -29.964935303 -0.020870460 0.998797178 -0.044368919 -4.040184975 0.633260190 0.047547594 0.772477031 61.273715973
0.768050909 -0.013343399 -0.640249789 -30.661396027 -0.020543242 0.998754978 -0.045458887 -4.099359035 0.640059233 0.048067547 0.766820550 62.112838745
0.762746453 -0.014274609 -0.646540105 -31.367776871 -0.020603372 0.998712480 -0.046356566 -4.162059784 0.646369338 0.048679214 0.761470258 62.936595917
0.756939352 -0.016059255 -0.653287828 -32.103572845 -0.019810496 0.998674631 -0.047503278 -4.226725101 0.653184831 0.048899055 0.755617917 63.778076172
0.750775516 -0.017641474 -0.660321832 -32.830871582 -0.019198271 0.998638272 -0.048508231 -4.289219379 0.660278380 0.049095828 0.749414504 64.607582092
0.744712353 -0.019002916 -0.667114973 -33.564773560 -0.017825363 0.998671591 -0.048346151 -4.361066818 0.667147517 0.047895543 0.743384302 65.415763855
0.738374770 -0.018759951 -0.674129665 -34.320404053 -0.017081950 0.998772025 -0.046504106 -4.428579330 0.674174249 0.045852907 0.737147629 66.240524292
0.731873572 -0.018739091 -0.681182742 -35.081882477 -0.016883571 0.998816311 -0.045617051 -4.492202759 0.681231260 0.044886712 0.730690897 67.056121826
0.724968791 -0.020767361 -0.688468575 -35.836097717 -0.015428294 0.998804986 -0.046374775 -4.556979656 0.688608885 0.044242162 0.723782003 67.862533569
0.718309045 -0.022747759 -0.695352197 -36.622016907 -0.015142158 0.998717427 -0.048314124 -4.616195679 0.695559382 0.045233604 0.717043281 68.675140381
0.712718725 -0.021929095 -0.701107085 -37.427650452 -0.016410820 0.998716354 -0.047920275 -4.682893276 0.701257944 0.045659423 0.711443961 69.465621948
0.707113862 -0.021541230 -0.706771493 -38.244102478 -0.016150750 0.998783052 -0.046599835 -4.749443531 0.706915259 0.044366278 0.705905437 70.272476196
0.701867402 -0.021453058 -0.711984515 -39.059455872 -0.016821772 0.998768389 -0.046676982 -4.809386253 0.712108970 0.044737890 0.700642049 71.074653625
0.696893811 -0.021954417 -0.716838181 -39.886283875 -0.017823221 0.998692453 -0.047914028 -4.870375633 0.716952801 0.046167355 0.695591331 71.871368408
0.691362739 -0.025037117 -0.722073913 -40.678474426 -0.016921852 0.998564124 -0.050826244 -4.930510521 0.722309649 0.047358200 0.689946353 72.652160645
0.686365426 -0.028283963 -0.726706624 -41.526561737 -0.015367231 0.998456299 -0.053374823 -4.995947361 0.727094471 0.047802102 0.684871256 73.442787170
0.680884957 -0.028503979 -0.731835485 -42.382064819 -0.016285995 0.998405993 -0.054038692 -5.067755699 0.732209265 0.048712805 0.679335415 74.240394592
0.676340938 -0.028130196 -0.736051381 -43.251689911 -0.016164338 0.998463035 -0.053012010 -5.137557030 0.736411333 0.047751974 0.674846709 75.019485474
0.671401680 -0.028200595 -0.740556896 -44.131645203 -0.015397104 0.998529255 -0.051983524 -5.209873676 0.740933716 0.046304256 0.669979990 75.803665161
0.666600466 -0.029445592 -0.744833350 -45.028709412 -0.014954237 0.998490095 -0.052856967 -5.280142784 0.745265186 0.046372894 0.665153682 76.584190369
0.661637902 -0.030512052 -0.749202430 -45.904922485 -0.013830869 0.998505116 -0.052879520 -5.351477146 0.749695957 0.045349214 0.660226822 77.358932495
0.657281160 -0.031110620 -0.753003061 -46.804866791 -0.013004042 0.998530686 -0.052605655 -5.431198120 0.753533244 0.044368789 0.655910850 78.128662109
0.652910054 -0.031997528 -0.756759286 -47.699375153 -0.011567078 0.998569548 -0.052201565 -5.506656170 0.757347107 0.042836420 0.651606023 78.905746460
0.649562895 -0.034294147 -0.759534061 -48.602180481 -0.009909442 0.998515487 -0.053559210 -5.581438065 0.760243297 0.042316634 0.648258805 79.652252197
0.644964278 -0.038672123 -0.763233602 -49.512542725 -0.007318942 0.998360455 -0.056770526 -5.655498981 0.764177680 0.042201024 0.643623769 80.420806885
0.640657723 -0.043229248 -0.766608715 -50.427795410 -0.003390764 0.998244822 -0.059124939 -5.722173691 0.767819107 0.040478237 0.639386654 81.179367065
0.633677065 -0.046516120 -0.772197962 -51.359603882 0.001586464 0.998266637 -0.058832306 -5.803935051 0.773596048 0.036055617 0.632652462 81.954330444
0.625461400 -0.050529040 -0.778617263 -52.280220032 0.007369668 0.998238981 -0.058861542 -5.882644176 0.780220330 0.031077471 0.624732316 82.691680908
0.616314769 -0.051314835 -0.785826266 -53.233127594 0.009833825 0.998298407 -0.057476811 -5.964914799 0.787438512 0.027696131 0.615770698 83.430541992
0.607441366 -0.050126396 -0.792781413 -54.194999695 0.010878433 0.998438418 -0.054794561 -6.048550606 0.794290066 0.024660263 0.607038081 84.164321899
0.598312616 -0.050337341 -0.799679995 -55.177978516 0.010337343 0.998426557 -0.055113513 -6.122116566 0.801196039 0.024708545 0.597891629 84.901535034
0.588938057 -0.051610287 -0.806528568 -56.175331116 0.010055331 0.998349547 -0.056542497 -6.208766937 0.808115602 0.025190117 0.588485003 85.606742859
0.579160273 -0.053853825 -0.813432932 -57.174346924 0.010280420 0.998218715 -0.058768075 -6.290384293 0.815148830 0.025673702 0.578682303 86.301452637
0.569455683 -0.055732440 -0.820130587 -58.205741882 0.010720679 0.998117685 -0.060383778 -6.368447781 0.821952105 0.025593529 0.568981230 87.012046814
0.558328629 -0.055929199 -0.827732503 -59.235771179 0.013713842 0.998210847 -0.058197912 -6.465443611 0.829506516 0.021142168 0.558096707 87.735153198
0.548904955 -0.055857204 -0.834016383 -60.277381897 0.014034193 0.998239994 -0.057619318 -6.547621250 0.835766971 0.019922784 0.548722804 88.421028137
0.538894057 -0.056849759 -0.840453029 -61.339790344 0.014445695 0.998197079 -0.058257349 -6.627229214 0.842249691 0.019253610 0.538743675 89.087188721
0.528436303 -0.057309493 -0.847036421 -62.412399292 0.013642410 0.998163342 -0.059023544 -6.722471237 0.848863363 0.019634565 0.528247595 89.744720459
0.518021762 -0.058509097 -0.853363991 -63.495727539 0.012865043 0.998077929 -0.060621567 -6.800347328 0.855270684 0.020424725 0.517778814 90.403778076
0.508235395 -0.059418652 -0.859165967 -64.579444885 0.012207408 0.998013914 -0.061799940 -6.892543793 0.861131668 0.020920729 0.507951379 91.036056519
0.498297900 -0.059418187 -0.864967465 -65.673004150 0.011364888 0.998010814 -0.062010299 -6.981486797 0.866931379 0.021069344 0.497981966 91.667350769
0.490151197 -0.056886148 -0.869779170 -66.784385681 0.010347655 0.998177528 -0.059452515 -7.079139709 0.871576011 0.020140545 0.489846528 92.272514343
0.482191086 -0.055470031 -0.874308228 -67.902107239 0.010928185 0.998296678 -0.057309397 -7.164426804 0.875997901 0.018079478 0.481975943 92.885269165
0.474594831 -0.055590358 -0.878447175 -69.008819580 0.010528291 0.998290777 -0.057486292 -7.252395630 0.880141377 0.018034149 0.474368930 93.480590820
0.466841489 -0.058734123 -0.882388413 -70.110015869 0.012087022 0.998122633 -0.060042869 -7.333597660 0.884258389 0.017365055 0.466674984 94.086059570
0.459678799 -0.061997436 -0.885918558 -71.248443604 0.014802934 0.997956574 -0.062157132 -7.425437450 0.887961864 0.015458121 0.459657222 94.675704956
0.453424603 -0.064538486 -0.888954937 -72.388320923 0.015914710 0.997802198 -0.064323314 -7.528435230 0.891152561 0.015018311 0.453455180 95.256256104
0.447540164 -0.068260737 -0.891654789 -73.528747559 0.018069632 0.997569203 -0.067299500 -7.625383854 0.894081235 0.014007356 0.447685719 95.837043762
0.443034798 -0.069179952 -0.893831253 -74.680458069 0.020590760 0.997540414 -0.067000769 -7.724736214 0.896267891 0.011279008 0.443369597 96.404335022
0.438956946 -0.066792995 -0.896022022 -75.828796387 0.022293296 0.997735739 -0.063453756 -7.822288513 0.898231506 0.007878183 0.439452082 96.964553833
0.435299754 -0.065385021 -0.897908092 -76.969345093 0.025930291 0.997855961 -0.060092323 -7.920021057 0.899912059 0.002875156 0.436061919 97.515701294
0.431833953 -0.064688250 -0.899630427 -78.089225769 0.027240224 0.997905195 -0.058679085 -8.012166977 0.901541650 0.000833487 0.432691455 98.057991028
0.429400027 -0.064663693 -0.900796473 -79.221588135 0.028872916 0.997906446 -0.057871327 -8.102123260 0.902652740 -0.001158671 0.430368066 98.585662842
0.427446634 -0.063184112 -0.901829898 -80.361312866 0.029946070 0.997996807 -0.055728022 -8.201397896 0.903544486 -0.003185505 0.428482503 99.107635498
0.424683750 -0.062431589 -0.903186560 -81.479843140 0.032913066 0.998024702 -0.053511228 -8.284081459 0.904743314 -0.007001291 0.425899684 99.638793945
0.422391832 -0.063649341 -0.904175818 -82.609642029 0.035513565 0.997927606 -0.053658582 -8.366170883 0.905717373 -0.009445560 0.423776895 100.170059204
0.419289798 -0.064163007 -0.905582249 -83.690475464 0.037178755 0.997876108 -0.053488310 -8.444638252 0.907090843 -0.011241319 0.420784771 100.693748474
0.416873157 -0.063249461 -0.906761408 -84.793502808 0.040514246 0.997877598 -0.050979141 -8.526440620 0.908061326 -0.015484919 0.418550909 101.213928223
0.414685965 -0.062811024 -0.907794237 -85.897270203 0.042519283 0.997862697 -0.049619872 -8.607007027 0.908970654 -0.018022094 0.416470349 101.713615417
0.413111836 -0.064456500 -0.908396363 -86.990829468 0.044865329 0.997721314 -0.050391242 -8.682886124 0.909574449 -0.019938285 0.415062368 102.209159851
0.411103845 -0.064733036 -0.909287214 -88.044418335 0.046095304 0.997675657 -0.050185040 -8.778525352 0.910422325 -0.021282608 0.413132191 102.707359314
0.410640568 -0.065841421 -0.909416974 -89.110946655 0.045702647 0.997622013 -0.051590733 -8.857646942 0.910651207 -0.020377517 0.412673175 103.183151245
0.410673589 -0.066487417 -0.909355044 -90.163589478 0.045649074 0.997586310 -0.052322872 -8.942715645 0.910638988 -0.020023594 0.412717432 103.675949097
0.413349956 -0.065288164 -0.908228636 -91.214569092 0.042034961 0.997731030 -0.052591249 -9.031003952 0.909601510 -0.016438765 0.415156454 104.136703491
0.417873681 -0.065507397 -0.906140387 -92.249107361 0.039870549 0.997758448 -0.053744111 -9.108453751 0.907629848 -0.013670067 0.419548810 104.608078003
0.423278064 -0.066004597 -0.903592348 -93.288986206 0.038289189 0.997754872 -0.054946721 -9.189377785 0.905190408 -0.011340075 0.424854994 105.075683594
0.428757817 -0.066364348 -0.900978625 -94.309806824 0.038472388 0.997734785 -0.055182979 -9.268211365 0.902599931 -0.011002667 0.430339783 105.569084167
0.435558021 -0.065253183 -0.897792399 -95.315612793 0.037257090 0.997821271 -0.054448429 -9.344766617 0.899389327 -0.009733684 0.437040180 106.057678223
0.444272816 -0.064055361 -0.893598676 -96.346572876 0.036221191 0.997909367 -0.053524423 -9.420287132 0.895159006 -0.008587761 0.445664197 106.553894043
0.453377753 -0.064090408 -0.889011264 -97.317550659 0.037090253 0.997904122 -0.053025406 -9.497991562 0.890546441 -0.008933115 0.454804659 107.050178528
0.462828428 -0.063838363 -0.884146214 -98.301765442 0.036016237 0.997934103 -0.053200636 -9.567557335 0.885715902 -0.007220851 0.464171499 107.557876587
0.472455323 -0.063574277 -0.879058778 -99.272979736 0.034241844 0.997966051 -0.053770278 -9.654296875 0.880689204 -0.004696541 0.473671257 108.074859619
0.482735336 -0.065492108 -0.873314023 -100.242027283 0.033028968 0.997851908 -0.056574352 -9.724133492 0.875143230 -0.001534221 0.483861506 108.610801697
0.494242072 -0.066823564 -0.866752207 -101.197952271 0.031319041 0.997762680 -0.059065174 -9.794613838 0.868759990 0.002046646 0.495229155 109.149658203
0.506612301 -0.064556673 -0.859753668 -102.143142700 0.028988028 0.997904420 -0.057848778 -9.879714966 0.861686528 0.004384339 0.507422030 109.700416565
0.519404650 -0.061782818 -0.852292061 -103.095939636 0.026790239 0.998069942 -0.056023754 -9.953812599 0.854108393 0.006265889 0.520057321 110.251602173
0.532099366 -0.059324998 -0.844600976 -104.012008667 0.026079645 0.998217285 -0.053684853 -10.032942772 0.846280158 0.006538779 0.532697916 110.817169189
0.543823779 -0.059043210 -0.837119818 -104.912719727 0.026308402 0.998231113 -0.053315707 -10.102858543 0.838786960 0.006971061 0.544415116 111.399978638
0.554929674 -0.058686357 -0.829824626 -105.780670166 0.026503665 0.998249412 -0.052873760 -10.188851357 0.831474960 0.007347825 0.555513620 111.979148865
0.566347301 -0.060066652 -0.821974933 -106.657859802 0.026433930 0.998151362 -0.054727737 -10.253764153 0.823742688 0.009266877 0.566888094 112.570526123
0.576404512 -0.061324969 -0.814860165 -107.521026611 0.028806740 0.998085141 -0.054737255 -10.334281921 0.816656590 0.008077335 0.577067375 113.187500000
0.587646902 -0.061437458 -0.806781590 -108.368453979 0.029409274 0.998076022 -0.054583527 -10.410835266 0.808582842 0.008348979 0.588323116 113.803787231
0.598498404 -0.059211142 -0.798932850 -109.200004578 0.028640795 0.998208821 -0.052524585 -10.481857300 0.800611854 0.008553809 0.599122286 114.417282104
0.608162940 -0.055640515 -0.791859806 -110.003562927 0.028837927 0.998430610 -0.048007276 -10.564054489 0.793288231 0.006360652 0.608813047 115.036483765
0.618292153 -0.053423703 -0.784130514 -110.811431885 0.027632814 0.998547912 -0.046243545 -10.638973236 0.785462439 0.006924289 0.618870616 115.661621094
0.628312230 -0.053420957 -0.776124954 -111.594741821 0.025949050 0.998523533 -0.047721673 -10.698173523 0.777528405 0.009844404 0.628770769 116.292549133
0.637947977 -0.052046753 -0.768318594 -112.343269348 0.023104070 0.998557866 -0.048459716 -10.766902924 0.769732773 0.013163492 0.638230503 116.903175354
0.647541165 -0.052448172 -0.760223389 -113.117973328 0.023884790 0.998535395 -0.048544902 -10.826693535 0.761656046 0.013277045 0.647845447 117.543037415
0.656582832 -0.050016657 -0.752593696 -113.857109070 0.023305977 0.998667777 -0.046037748 -10.893493652 0.753893733 0.012687664 0.656873822 118.192413330
0.665392339 -0.048360832 -0.744925678 -114.595436096 0.024073619 0.998770416 -0.043337163 -10.961418152 0.746105552 0.010903156 0.665738404 118.834449768
0.673389137 -0.047805309 -0.737740934 -115.312698364 0.024460034 0.998801470 -0.042395491 -11.018301964 0.738883436 0.010503493 0.673751354 119.498725891
0.681121826 -0.047113694 -0.730652690 -116.012825012 0.023229364 0.998815715 -0.042750642 -11.068951607 0.731801510 0.012145798 0.681409597 120.151542664
0.688549042 -0.045760032 -0.723744571 -116.707397461 0.022692669 0.998878002 -0.041566703 -11.128297806 0.724834621 0.012197018 0.688814938 120.815734863
0.695777357 -0.043357413 -0.716947734 -117.390296936 0.021555370 0.998987257 -0.039494880 -11.175621986 0.717934012 0.012025569 0.696007252 121.475021362
0.703006506 -0.040585767 -0.710024416 -118.051307678 0.020549869 0.999112666 -0.036763612 -11.227232933 0.710886478 0.011254148 0.703216732 122.137878418
0.711040139 -0.039294321 -0.702052653 -118.714767456 0.019780019 0.999159992 -0.035890367 -11.279918671 0.702873170 0.011632876 0.711220026 122.786773682
0.718187153 -0.038481805 -0.694785118 -119.352325439 0.019486902 0.999190331 -0.035198513 -11.333690643 0.695577085 0.011739912 0.718355596 123.454521179
0.726270199 -0.035571039 -0.686488390 -119.978050232 0.016647540 0.999277532 -0.034166243 -11.374546051 0.687207699 0.013385580 0.726337671 124.106590271
0.735429823 -0.032724839 -0.676810205 -120.581016541 0.016068542 0.999394476 -0.030862032 -11.424445152 0.677410364 0.011821506 0.735510349 124.745948792
0.744915009 -0.028851381 -0.666535199 -121.168418884 0.014136975 0.999522805 -0.027465567 -11.465559006 0.667009592 0.011036723 0.744967401 125.400001526
0.755012691 -0.026665747 -0.655167758 -121.734809875 0.012262737 0.999572217 -0.026551701 -11.507872581 0.655595481 0.012012721 0.755016685 126.040672302
0.764804423 -0.025734654 -0.643748343 -122.285385132 0.010660664 0.999570608 -0.027293710 -11.544846535 0.644174337 0.014011565 0.764750361 126.697113037
0.774779499 -0.026977887 -0.631655693 -122.819335938 0.010865847 0.999509811 -0.029360976 -11.575238228 0.632138193 0.015884807 0.774692833 127.349563599
0.784818590 -0.026171073 -0.619172692 -123.346343994 0.010608459 0.999528885 -0.028801378 -11.611950874 0.619634748 0.016035387 0.784726441 128.024307251
0.794965744 -0.024597481 -0.606155455 -123.861083984 0.010205293 0.999578536 -0.027178269 -11.645250320 0.606568456 0.015419799 0.794881701 128.707489014
0.805185378 -0.022283506 -0.592604339 -124.365921021 0.009980184 0.999661446 -0.024029629 -11.683179855 0.592939198 0.013434005 0.805135190 129.388641357
0.814846992 -0.020866793 -0.579300404 -124.867095947 0.010052303 0.999710262 -0.021870619 -11.711875916 0.579588950 0.011997905 0.814820647 130.091140747
0.824052095 -0.019083112 -0.566192567 -125.374946594 0.010328616 0.999772489 -0.018664062 -11.761424065 0.566419899 0.009532174 0.824061692 130.827209473
0.832380950 -0.018298673 -0.553901672 -125.845436096 0.010966127 0.999802887 -0.016549997 -11.787623405 0.554095328 0.007701746 0.832417607 131.527435303
0.839766383 -0.018728411 -0.542624772 -126.300201416 0.012661736 0.999808609 -0.014912563 -11.815177917 0.542800188 0.005652498 0.839842856 132.232635498
0.846304119 -0.018691320 -0.532371998 -126.757385254 0.013019751 0.999811471 -0.014405578 -11.843435287 0.532540858 0.005260150 0.846387923 132.969360352
0.852831900 -0.018081810 -0.521872401 -127.195358276 0.012168025 0.999817073 -0.014756908 -11.861038208 0.522043765 0.006235005 0.852895916 133.695053101
0.859734416 -0.015811024 -0.510496557 -127.642440796 0.010266815 0.999853730 -0.013676835 -11.884525299 0.510638118 0.006517272 0.859771013 134.434692383
0.866008699 -0.014748785 -0.499811381 -128.058029175 0.009432709 0.999868870 -0.013161051 -11.907472610 0.499939978 0.006683009 0.866034269 135.169235229
0.872009397 -0.015339540 -0.489248693 -128.479782104 0.010180810 0.999861002 -0.013203195 -11.928041458 0.489383221 0.006532362 0.872044384 135.919860840
0.876993954 -0.016540492 -0.480216593 -128.887496948 0.011155531 0.999838829 -0.014065512 -11.951169014 0.480371833 0.006978299 0.877037168 136.673400879
0.881578028 -0.016771069 -0.471740305 -129.299072266 0.011309519 0.999832213 -0.014410535 -11.974131584 0.471902847 0.007368854 0.881619751 137.431518555
0.885105968 -0.016222836 -0.465106666 -129.708282471 0.011052066 0.999843121 -0.013842078 -11.991711617 0.465258271 0.007111317 0.885146439 138.207397461
0.888344765 -0.014107539 -0.458960354 -130.114166260 0.010508019 0.999890745 -0.010395789 -12.011886597 0.459056854 0.004412280 0.888395905 138.992202759
0.891344190 -0.010095885 -0.453214735 -130.519638062 0.008087526 0.999947011 -0.006369123 -12.024232864 0.453254998 0.002011695 0.891378641 139.797744751
0.894752443 -0.007465931 -0.446500063 -130.927444458 0.006780861 0.999972105 -0.003132207 -12.043941498 0.446510971 -0.000225105 0.894778132 140.602020264
0.898004472 -0.004666667 -0.439961523 -131.332473755 0.004628762 0.999988616 -0.001159112 -12.050843239 0.439961940 -0.000995589 0.898015857 141.428833008
0.901189387 -0.003291009 -0.433412999 -131.733032227 0.004217188 0.999990404 0.001175571 -12.059851646 0.433404982 -0.002887196 0.901194632 142.261535645
0.904629588 -0.001605712 -0.426195592 -132.147232056 0.003678352 0.999985099 0.004040064 -12.065308571 0.426182747 -0.005222458 0.904622018 143.115447998
0.908053696 -0.001685336 -0.418850422 -132.538574219 0.004665780 0.999970555 0.006091654 -12.075896263 0.418827832 -0.007485813 0.908034801 143.973022461
0.911594748 -0.002083991 -0.411084801 -132.946960449 0.005450482 0.999960542 0.007017340 -12.079419136 0.411053956 -0.008637580 0.911570072 144.870849609
0.915306628 -0.002466334 -0.402750164 -133.344909668 0.005787088 0.999958575 0.007028497 -12.084507942 0.402716160 -0.008763980 0.915282965 145.771514893
0.919274449 -0.005245104 -0.393582195 -133.737533569 0.008424719 0.999944329 0.006351449 -12.084074974 0.393526971 -0.009154544 0.919267476 146.683959961
0.923265576 -0.006980453 -0.384098858 -134.124359131 0.009613262 0.999941587 0.004935056 -12.084877968 0.384041965 -0.008248810 0.923278809 147.621597290
0.927869976 -0.007886030 -0.372820497 -134.520004272 0.009771469 0.999947250 0.003167847 -12.099798203 0.372775853 -0.006582354 0.927898049 148.585037231
0.933152676 -0.005849214 -0.359432787 -134.895080566 0.007186183 0.999971330 0.002383643 -12.101436615 0.359408528 -0.004807252 0.933167934 149.552307129
0.939178169 -0.002081197 -0.343424022 -135.253509521 0.003516624 0.999987483 0.003557019 -12.103941917 0.343412310 -0.004548368 0.939173758 150.530303955
0.945727527 0.001244907 -0.324958324 -135.604049683 0.000944675 0.999977887 0.006580180 -12.107660294 0.324959338 -0.006530037 0.945705414 151.537689209
0.952321172 0.004480241 -0.305064499 -135.937515259 -0.002108156 0.999964952 0.008104655 -12.113801956 0.305090100 -0.007075111 0.952297211 152.550659180
0.958865225 0.006083162 -0.283796519 -136.254928589 -0.003691428 0.999953032 0.008961679 -12.114385605 0.283837706 -0.007545428 0.958842635 153.589599609
0.964939296 0.007462109 -0.262367010 -136.552566528 -0.004871600 0.999932766 0.010522696 -12.116395950 0.262427896 -0.008875616 0.964910805 154.644805908
0.970536113 0.008301658 -0.240812555 -136.823348999 -0.005310906 0.999900520 0.013065786 -12.110456467 0.240897059 -0.011401884 0.970483720 155.722549438
0.975656986 0.010650637 -0.219043374 -137.067077637 -0.007158458 0.999834418 0.016730351 -12.110118866 0.219185293 -0.014755072 0.975571692 156.800247192
0.980372965 0.013527052 -0.196687311 -137.296875000 -0.009591667 0.999734581 0.020947214 -12.101951599 0.196918458 -0.018649522 0.980242491 157.902450562
0.984627604 0.015270260 -0.173997983 -137.508682251 -0.011174488 0.999637485 0.024494629 -12.092839241 0.174308956 -0.022173749 0.984441340 159.030090332
0.988255680 0.016985470 -0.151862323 -137.690750122 -0.013436551 0.999612808 0.024365127 -12.075817108 0.152217373 -0.022038471 0.988101304 160.179779053
0.991366208 0.016084751 -0.130131751 -137.840545654 -0.013307549 0.999665380 0.022183010 -12.062070847 0.130445004 -0.020259753 0.991248548 161.329635620
0.993907928 0.016696405 -0.108941674 -137.980560303 -0.014462442 0.999669254 0.021264117 -12.046169281 0.109260678 -0.019559011 0.993820667 162.502670288
0.995921075 0.016082436 -0.088783719 -138.083007812 -0.014070489 0.999630868 0.023240764 -12.037677765 0.089124717 -0.021896737 0.995779753 163.678405762
0.997490764 0.015926732 -0.068982124 -138.165863037 -0.014255940 0.999594629 0.024645602 -12.017970085 0.069346681 -0.023600355 0.997313440 164.881515503
0.998696864 0.016592462 -0.048262738 -138.232757568 -0.015351473 0.999544799 0.025971172 -12.008518219 0.048671693 -0.025196424 0.998496950 166.078002930
0.999445081 0.018529883 -0.027680065 -138.280014038 -0.017799990 0.999493301 0.026386548 -11.985579491 0.028154980 -0.025879201 0.999268532 167.318710327
0.999788225 0.019445846 -0.006736985 -138.305221558 -0.019255126 0.999441743 0.027303347 -11.975223541 0.007264161 -0.027167842 0.999604464 168.560424805
0.999677598 0.021481572 0.013536958 -138.295318604 -0.021834858 0.999409974 0.026514115 -11.952767372 -0.012959406 -0.026801145 0.999556780 169.812744141
0.999178052 0.022211319 0.033910438 -138.266433716 -0.023072211 0.999415874 0.025210587 -11.931271553 -0.033330671 -0.025972255 0.999106884 171.090042114
0.998322725 0.022282658 0.053434722 -138.209747314 -0.023516065 0.999468744 0.022565832 -11.907989502 -0.052903507 -0.023784557 0.998316348 172.373703003
0.997116983 0.024100401 0.071950577 -138.116455078 -0.025580283 0.999478281 0.019717811 -11.891843796 -0.071437836 -0.021501480 0.997213304 173.666839600
0.995539606 0.024627937 0.091073103 -138.008956909 -0.026389549 0.999486268 0.018189322 -11.882712364 -0.090578347 -0.020511569 0.995678067 174.966979980
0.993647277 0.024492903 0.109841771 -137.870529175 -0.026271993 0.999545574 0.014778725 -11.869450569 -0.109429888 -0.017570602 0.993839204 176.278671265
0.991417348 0.025387233 0.128246367 -137.705154419 -0.026854316 0.999592066 0.009723138 -11.871291161 -0.127947196 -0.013083656 0.991694689 177.590682983
0.988861203 0.027337763 0.146308288 -137.522750854 -0.028149294 0.999597669 0.003478827 -11.878871918 -0.146154314 -0.007558552 0.989232898 178.909973145
0.986118793 0.029226605 0.163448870 -137.311492920 -0.029276814 0.999569118 -0.002102163 -11.884339333 -0.163439885 -0.002712280 0.986549556 180.234695435
0.982911646 0.031727355 0.181323260 -137.082321167 -0.031107489 0.999496400 -0.006262100 -11.901879311 -0.181430623 0.000514580 0.983403623 181.580535889
0.979386210 0.033901226 0.199131593 -136.826080322 -0.032754090 0.999422431 -0.009053011 -11.926344872 -0.199323490 0.002344020 0.979930937 182.918792725
0.975696743 0.033164863 0.216600984 -136.538772583 -0.031991880 0.999448299 -0.008920511 -11.950162888 -0.216777340 0.001774241 0.976219475 184.285964966
0.971786976 0.032446638 0.233617932 -136.224349976 -0.031081188 0.999471486 -0.009524941 -11.979104042 -0.233803511 0.001995090 0.972281814 185.640609741
0.967606127 0.032217678 0.250400424 -135.874710083 -0.029476099 0.999457479 -0.014692243 -12.013401985 -0.250737906 0.006835477 0.968030870 186.995742798
0.963199615 0.033615425 0.266676813 -135.511672974 -0.029616883 0.999380648 -0.019002914 -12.046842575 -0.267150432 0.010405465 0.963598669 188.346038818
0.958368361 0.035886474 0.283270538 -135.109222412 -0.031832449 0.999314427 -0.018902985 -12.085394859 -0.283754706 0.009098828 0.958853722 189.737274170
0.953011394 0.037976127 0.300544590 -134.686355591 -0.033570204 0.999239981 -0.019812284 -12.126023293 -0.301068544 0.008791990 0.953561962 191.109619141
0.947153330 0.041723330 0.318056136 -134.248794556 -0.036218386 0.999074459 -0.023204537 -12.166990280 -0.318729937 0.010458774 0.947787881 192.487930298
0.941251695 0.042274266 0.335049421 -133.771865845 -0.035212643 0.999011636 -0.027125925 -12.218729019 -0.335864991 0.013734347 0.941810012 193.859146118
0.935041785 0.042920686 0.351929992 -133.264343262 -0.034789760 0.998962164 -0.029398633 -12.275535583 -0.352826536 0.015245390 0.935564518 195.231781006
0.928294420 0.043836523 0.369253129 -132.738082886 -0.033449344 0.998845160 -0.034488700 -12.341344833 -0.370338589 0.019664390 0.928688645 196.600326538
0.920245409 0.046985459 0.388511002 -132.189636230 -0.033799365 0.998599231 -0.040709101 -12.409108162 -0.389879495 0.024330940 0.920544386 197.961730957
0.910990119 0.050001949 0.409385949 -131.586334229 -0.035131585 0.998423755 -0.043769479 -12.491552353 -0.410929203 0.025491185 0.911310792 199.338668823
0.899603188 0.053652596 0.433399975 -130.986694336 -0.037711505 0.998261273 -0.045302078 -12.572126389 -0.435076982 0.024409730 0.900062323 200.676269531
