1.000000000 0.000000000 0.000000000 0.000000000 0.000000000 1.000000000 0.000000000 0.000000000 0.000000000 0.000000000 1.000000000 0.000000000
0.999993443 -0.002273513 0.002823485 0.007319629 0.002274416 0.999997377 -0.000316682 -0.014587668 -0.002822758 0.000323101 0.999995947 0.248278573
0.999980390 -0.003973560 0.004839250 0.012751755 0.003981432 0.999990761 -0.001618090 -0.028146217 -0.004832776 0.001637325 0.999987006 0.510012209
0.999969065 -0.004300578 0.006588858 0.017634848 0.004319615 0.999986529 -0.002877805 -0.043128569 -0.006576393 0.002906177 0.999974132 0.774759054
0.999956667 -0.003457920 0.008641056 0.021194942 0.003487644 0.999988019 -0.003427143 -0.057810608 -0.008629101 0.003457132 0.999956787 1.048856616
0.999935567 -0.001555369 0.011243640 0.022212567 0.001589848 0.999994040 -0.003058271 -0.073108874 -0.011238816 0.003075949 0.999932110 1.334616303
0.999907434 -0.000242499 0.013603561 0.023892853 0.000278476 0.999996483 -0.002642825 -0.087017082 -0.013602871 0.002646369 0.999903977 1.629522681
0.999887466 -0.000509719 0.014994951 0.027947493 0.000562628 0.999993622 -0.003524435 -0.100156397 -0.014993059 0.003532475 0.999881387 1.930497289
0.999875665 -0.000529388 0.015759366 0.034327701 0.000608111 0.999987364 -0.004990933 -0.114956006 -0.015756523 0.004999896 0.999863386 2.237566948
0.999865532 -0.002205512 0.016250774 0.040961623 0.002308010 0.999977529 -0.006291198 -0.129142582 -0.016236532 0.006327859 0.999848127 2.555752993
0.999851704 -0.005752068 0.016232435 0.050531462 0.005853718 0.999963522 -0.006221623 -0.146129102 -0.016196053 0.006315721 0.999848902 2.882689953
0.999829888 -0.009232021 0.015967488 0.060080402 0.009319913 0.999941766 -0.005438792 -0.161886126 -0.015916348 0.005586682 0.999857724 3.217493773
0.999818683 -0.010086000 0.016152261 0.066076115 0.010153010 0.999940157 -0.004072044 -0.179459721 -0.016110225 0.004235300 0.999861240 3.559678078
0.999810636 -0.010385239 0.016456878 0.069873556 0.010436368 0.999940991 -0.003024041 -0.199956924 -0.016424501 0.003195218 0.999859989 3.907850266
0.999811471 -0.010163290 0.016544297 0.073142663 0.010222592 0.999941587 -0.003503787 -0.220652729 -0.016507722 0.003672252 0.999857008 4.270735741
0.999827206 -0.009174519 0.016166328 0.074820280 0.009250782 0.999946415 -0.004648990 -0.241319835 -0.016122811 0.004797738 0.999858499 4.634295464
0.999845862 -0.007971836 0.015641833 0.075485192 0.008058555 0.999952435 -0.005488865 -0.263153881 -0.015597333 0.005614069 0.999862611 5.004467964
0.999880195 -0.004598757 0.014777987 0.074878953 0.004698319 0.999966443 -0.006709557 -0.283958107 -0.014746635 0.006778185 0.999868274 5.391552448
0.999894440 -0.004277786 0.013883777 0.075339042 0.004392087 0.999956608 -0.008212722 -0.304219097 -0.013848043 0.008272834 0.999869883 5.778852940
0.999907434 -0.004000050 0.013004716 0.078117810 0.004118886 0.999949872 -0.009123969 -0.324084759 -0.012967569 0.009176689 0.999873817 6.174240589
0.999923587 -0.003515591 0.011849781 0.078108653 0.003626456 0.999949753 -0.009347417 -0.346704721 -0.011816324 0.009389676 0.999886096 6.576876640
0.999939382 -0.003887658 0.010299538 0.078564286 0.003986402 0.999946117 -0.009584135 -0.369500041 -0.010261724 0.009624613 0.999901056 6.987938881
0.999951005 -0.004842008 0.008635298 0.080803730 0.004925903 0.999940634 -0.009720649 -0.393005878 -0.008587718 0.009762709 0.999915481 7.403995037
0.999952495 -0.006178128 0.007539358 0.080936238 0.006247002 0.999938667 -0.009146144 -0.416558713 -0.007482389 0.009192808 0.999929726 7.826151371
0.999960959 -0.005686732 0.006760432 0.081713073 0.005738946 0.999953687 -0.007729325 -0.439555615 -0.006716164 0.007767821 0.999947250 8.255727768
0.999971390 -0.004581403 0.006018742 0.075801946 0.004617749 0.999971092 -0.006038758 -0.462918520 -0.005990902 0.006066378 0.999963641 8.704488754
0.999984920 -0.002982764 0.004614523 0.072042108 0.003001813 0.999987006 -0.004126625 -0.486996710 -0.004602154 0.004140414 0.999980867 9.146699905
0.999994814 -0.000903139 0.003099853 0.067499682 0.000912916 0.999994636 -0.003154262 -0.509097695 -0.003096988 0.003157075 0.999990225 9.593143463
0.999998152 0.000842781 0.001740715 0.060674496 -0.000838014 0.999995887 -0.002737574 -0.532460332 -0.001743015 0.002736110 0.999994755 10.045479774
0.999999821 0.000514335 -0.000229540 0.055638254 -0.000514877 0.999997079 -0.002366191 -0.558165610 0.000228322 0.002366309 0.999997199 10.509734154
0.999997497 -0.000451937 -0.002191370 0.049986862 0.000445902 0.999996126 -0.002753847 -0.583743215 0.002192606 0.002752863 0.999993801 10.981401443
0.999990165 -0.001405283 -0.004203209 0.045897491 0.001386904 0.999989510 -0.004372193 -0.610699058 0.004209309 0.004366320 0.999981582 11.445580482
0.999976456 -0.004053075 -0.005541518 0.037360653 0.004009598 0.999961257 -0.007834463 -0.638401866 0.005573057 0.007812060 0.999953926 11.921685219
0.999952972 -0.006475736 -0.007215579 0.031580411 0.006397780 0.999921501 -0.010775086 -0.668520808 0.007284789 0.010728416 0.999915898 12.400171280
0.999930501 -0.007283668 -0.009271312 0.024534643 0.007173807 0.999904335 -0.011828220 -0.695713758 0.009356578 0.011760888 0.999887049 12.894026756
0.999912679 -0.006951379 -0.011239585 0.013065755 0.006817925 0.999906301 -0.011868568 -0.723751664 0.011321035 0.011790900 0.999866366 13.392488480
0.999882638 -0.007781168 -0.013196447 0.000012040 0.007630906 0.999905884 -0.011398994 -0.751568854 0.013283903 0.011296956 0.999847949 13.897492409
0.999849319 -0.008131853 -0.015336286 -0.009813771 0.007976210 0.999916315 -0.010182719 -0.781755745 0.015417808 0.010058858 0.999830544 14.403031349
0.999820411 -0.007551241 -0.017383046 -0.026293099 0.007386487 0.999927402 -0.009522600 -0.814604402 0.017453693 0.009392491 0.999803543 14.910979271
0.999791026 -0.005941306 -0.019561701 -0.042245299 0.005752128 0.999936283 -0.009712943 -0.847367346 0.019618163 0.009598392 0.999761462 15.423321724
0.999755085 -0.006466696 -0.021165345 -0.060489446 0.006251958 0.999928474 -0.010196227 -0.881428361 0.021229766 0.010061405 0.999723971 15.946272850
0.999711573 -0.007032390 -0.022964178 -0.075556368 0.006774445 0.999913335 -0.011291073 -0.912078738 0.023041591 0.011132247 0.999672532 16.474113464
0.999686599 -0.006255750 -0.024239818 -0.092472672 0.005985754 0.999919415 -0.011195144 -0.943947792 0.024307897 0.011046542 0.999643505 17.005258560
0.999664724 -0.007858538 -0.024671415 -0.107020706 0.007609893 0.999919474 -0.010156018 -0.972583055 0.024749238 0.009964866 0.999644041 17.545530319
0.999655962 -0.009237447 -0.024548110 -0.123040766 0.009029185 0.999922395 -0.008581161 -1.006178498 0.024625475 0.008356559 0.999661803 18.079608917
0.999652922 -0.009742211 -0.024476714 -0.137517989 0.009542738 0.999920428 -0.008253117 -1.038052559 0.024555169 0.008016678 0.999666333 18.623418808
0.999656498 -0.008295258 -0.024860712 -0.155647337 0.008108735 0.999938309 -0.007594138 -1.069656134 0.024922173 0.007389940 0.999662101 19.172401428
0.999660969 -0.007174933 -0.025028614 -0.176411867 0.006999541 0.999950409 -0.007088257 -1.102493167 0.025078231 0.006910666 0.999661624 19.729375839
0.999638796 -0.006830287 -0.025992258 -0.192979157 0.006644962 0.999951959 -0.007209723 -1.135839820 0.026040252 0.007034402 0.999636173 20.286968231
0.999594212 -0.009021994 -0.027019387 -0.209675610 0.008810632 0.999929726 -0.007931483 -1.169734716 0.027089046 0.007690206 0.999603450 20.843870163
0.999558151 -0.009924881 -0.028018488 -0.225604504 0.009742236 0.999930441 -0.006647761 -1.203785658 0.028082516 0.006371860 0.999585271 21.407028198
0.999539614 -0.009453860 -0.028830661 -0.242167413 0.009321892 0.999945462 -0.004708323 -1.234553337 0.028873600 0.004437399 0.999573231 21.978450775
0.999507427 -0.010984206 -0.029398467 -0.259408236 0.010878479 0.999933779 -0.003753877 -1.265535593 0.029437754 0.003432218 0.999560714 22.552877426
0.999483049 -0.011129607 -0.030162267 -0.279544950 0.011061489 0.999935865 -0.002424329 -1.296499729 0.030187316 0.002089436 0.999542058 23.130247116
0.999447346 -0.011500455 -0.031188058 -0.300624847 0.011493797 0.999933839 -0.000392716 -1.326771379 0.031190513 0.000034029 0.999513447 23.711004257
0.999373019 -0.014064601 -0.032491706 -0.321561843 0.014091370 0.999900520 0.000595045 -1.357313991 0.032480106 -0.001052525 0.999471843 24.302745819
0.999324262 -0.015603810 -0.033279810 -0.346036255 0.015587023 0.999878228 -0.000763828 -1.391287804 0.033287674 0.000244579 0.999445796 24.875484467
0.999271631 -0.016456958 -0.034428973 -0.370070994 0.016390210 0.999863207 -0.002220077 -1.425600290 0.034460798 0.001654162 0.999404669 25.461751938
0.999216378 -0.017588014 -0.035458513 -0.394059479 0.017465126 0.999840379 -0.003772495 -1.459601641 0.035519201 0.003150251 0.999364018 26.057559967
0.999145269 -0.019152679 -0.036631305 -0.416367888 0.018993547 0.999808609 -0.004687254 -1.493430138 0.036714070 0.003987490 0.999317884 26.665849686
0.999035895 -0.021494523 -0.038279455 -0.438797235 0.021348342 0.999763191 -0.004223514 -1.525037289 0.038361173 0.003402239 0.999258161 27.265188217
0.998952806 -0.022508103 -0.039833374 -0.462712884 0.022447499 0.999746084 -0.001968107 -1.558873415 0.039867558 0.001071887 0.999204397 27.870664597
0.998922586 -0.021819517 -0.040958013 -0.492379069 0.021828568 0.999761701 -0.000226270 -1.590466380 0.040953193 -0.000668028 0.999160826 28.480873108
0.998918235 -0.019809542 -0.042070534 -0.521852016 0.019840367 0.999803126 0.000315242 -1.627586126 0.042056009 -0.001149596 0.999114573 29.085971832
0.998898804 -0.018522097 -0.043105498 -0.554003775 0.018535474 0.999828219 -0.000089357 -1.662504673 0.043099750 -0.000709723 0.999070525 29.689847946
0.998844504 -0.018462572 -0.044371288 -0.583824396 0.018444365 0.999829531 -0.000819733 -1.696267128 0.044378858 0.000000385 0.999014795 30.303436279
0.998796761 -0.018109685 -0.045575399 -0.616312385 0.018077651 0.999835968 -0.001114994 -1.729834676 0.045588113 0.000289756 0.998960257 30.919918060
0.998776913 -0.017153520 -0.046373233 -0.650241852 0.017138448 0.999852836 -0.000722656 -1.763052821 0.046378806 -0.000072993 0.998923898 31.533872604
0.998754621 -0.016422899 -0.047110960 -0.684132814 0.016464455 0.999864340 0.000494158 -1.795005441 0.047096454 -0.001269199 0.998889565 32.155250549
0.998710454 -0.016852623 -0.047889490 -0.717921972 0.016978534 0.999853373 0.002223645 -1.827694416 0.047844995 -0.003033871 0.998850167 32.771148682
0.998667121 -0.015878746 -0.049110595 -0.751734555 0.016091393 0.999862790 0.003937586 -1.860649109 0.049041335 -0.004722596 0.998785555 33.392265320
0.998596966 -0.016082380 -0.050452411 -0.788163722 0.016343163 0.999855101 0.004760591 -1.893794656 0.050368540 -0.005578464 0.998715103 34.012001038
0.998523295 -0.016358864 -0.051803909 -0.819756091 0.016680734 0.999844134 0.005786976 -1.924138784 0.051701166 -0.006642558 0.998640537 34.635486603
0.998483241 -0.015716411 -0.052765880 -0.855603933 0.016084775 0.999849081 0.006563700 -1.955439568 0.052654762 -0.007402472 0.998585343 35.260406494
0.998438537 -0.015618931 -0.053633168 -0.891815066 0.015986282 0.999851525 0.006427162 -1.986385107 0.053524822 -0.007274522 0.998540044 35.883251190
0.998418510 -0.014549684 -0.054302692 -0.929355979 0.014921905 0.999867797 0.006455403 -2.018098831 0.054201592 -0.007255494 0.998503625 36.510253906
0.998407781 -0.012992278 -0.054891851 -0.971824288 0.013389516 0.999886692 0.006875175 -2.049164534 0.054796312 -0.007599204 0.998468637 37.137340546
0.998352647 -0.014688940 -0.055463489 -1.008154035 0.015085874 0.999863446 0.006744776 -2.078208923 0.055356842 -0.007570381 0.998437941 37.770561218
0.998299181 -0.016481327 -0.055920258 -1.041829228 0.016863056 0.999837577 0.006361294 -2.108589172 0.055806331 -0.007293461 0.998414993 38.397193909
0.998276293 -0.016065218 -0.056447264 -1.079610825 0.016413905 0.999848902 0.005718998 -2.141659498 0.056346860 -0.006635661 0.998389184 39.032878876
0.998324215 -0.012928739 -0.056405254 -1.123166203 0.013197966 0.999903202 0.004403160 -2.172988653 0.056342870 -0.005140217 0.998398244 39.661746979
0.998313963 -0.011843327 -0.056823492 -1.164280772 0.012017611 0.999924064 0.002726356 -2.206559896 0.056786887 -0.003404642 0.998380542 40.297370911
0.998293996 -0.011172456 -0.057308637 -1.207481742 0.011281808 0.999935091 0.001584944 -2.240184546 0.057287209 -0.002228785 0.998355269 40.930770874
0.998228133 -0.011506312 -0.058379423 -1.245001316 0.011660915 0.999929368 0.002308265 -2.271766901 0.058348738 -0.002984933 0.998291790 41.573276520
0.998197138 -0.011142935 -0.058977537 -1.285120249 0.011393319 0.999927461 0.003910846 -2.305146694 0.058929682 -0.004575745 0.998251677 42.217784882
0.998159587 -0.010929469 -0.059649009 -1.322849154 0.011271425 0.999921918 0.005399343 -2.338076115 0.059585340 -0.006061735 0.998204827 42.855651855
0.998180807 -0.009754581 -0.059497099 -1.368574381 0.010147841 0.999928594 0.006311163 -2.373413324 0.059431285 -0.006903449 0.998208523 43.495464325
0.998135984 -0.010998674 -0.060029864 -1.408697009 0.011335197 0.999921858 0.005268265 -2.403566360 0.059967231 -0.005938895 0.998182654 44.140270233
0.998086274 -0.011995336 -0.060662050 -1.447673678 0.012257217 0.999917090 0.003946765 -2.438958168 0.060609676 -0.004682760 0.998150587 44.779773712
0.998033285 -0.013930375 -0.061118972 -1.486518264 0.014206653 0.999890745 0.004088094 -2.471560717 0.061055344 -0.004948350 0.998122096 45.422809601
0.997976303 -0.015824432 -0.061586317 -1.524574876 0.016182339 0.999854922 0.005317017 -2.502843857 0.061493240 -0.006302868 0.998087585 46.063446045
0.997952759 -0.015123269 -0.062141515 -1.564225316 0.015628586 0.999848545 0.007653699 -2.534293413 0.062016353 -0.008609214 0.998037994 46.703460693
0.997928321 -0.013984488 -0.062796950 -1.606815338 0.014630323 0.999844611 0.009836446 -2.565171480 0.062649630 -0.010734809 0.997977853 47.344020844
0.997920275 -0.013003409 -0.063135505 -1.651462555 0.013722872 0.999845624 0.010975304 -2.600754499 0.062983043 -0.011818878 0.997944593 47.980197906
0.997865081 -0.013136048 -0.063974015 -1.692238212 0.013816020 0.999852538 0.010198091 -2.631046534 0.063830622 -0.011060186 0.997899473 48.610095978
0.997845709 -0.012733594 -0.064356647 -1.736463904 0.013305463 0.999875665 0.008465152 -2.665221930 0.064240851 -0.009303211 0.997891068 49.240547180
0.997810423 -0.013696547 -0.064705439 -1.777463317 0.014113076 0.999882519 0.005984610 -2.698680162 0.064615868 -0.006884700 0.997886479 49.863887787
0.997801542 -0.013801666 -0.064819627 -1.820365310 0.014100416 0.999891937 0.004153707 -2.730419397 0.064755298 -0.005058559 0.997888327 50.490161896
0.997763216 -0.014436249 -0.065270066 -1.862690806 0.014743152 0.999882400 0.004222814 -2.761532068 0.065201432 -0.005175655 0.997858703 51.118911743
0.997722268 -0.015034289 -0.065758765 -1.904651642 0.015420612 0.999866664 0.005371212 -2.793987751 0.065669246 -0.006373018 0.997821093 51.738864899
0.997728705 -0.013519849 -0.065989330 -1.951497912 0.014018076 0.999876559 0.007092915 -2.826359272 0.065885291 -0.008001849 0.997795105 52.363376617
0.997682154 -0.012699152 -0.066851065 -1.994955420 0.013359607 0.999866188 0.009441724 -2.860411882 0.066722214 -0.010312944 0.997718275 52.990165710
0.997656524 -0.012933123 -0.067188084 -2.034412384 0.013657643 0.999853313 0.010335316 -2.890723944 0.067044564 -0.011228726 0.997686803 53.612083435
0.997639179 -0.013235707 -0.067385823 -2.079005718 0.013946860 0.999851763 0.010093953 -2.921508789 0.067242227 -0.011009943 0.997675955 54.237888336
0.997666240 -0.012073252 -0.067203902 -2.123704910 0.012731886 0.999874949 0.009380845 -2.952843666 0.067082241 -0.010214584 0.997695148 54.847370148
0.997690558 -0.012126895 -0.066831499 -2.167855501 0.012649667 0.999892592 0.007404601 -2.981918097 0.066734530 -0.008232896 0.997736812 55.467689514
0.997677982 -0.013755483 -0.066704273 -2.209984541 0.014161339 0.999883950 0.005615381 -3.014925480 0.066619292 -0.006546963 0.997757018 56.085914612
0.997714341 -0.013405317 -0.066230133 -2.254167795 0.013714469 0.999897063 0.004215366 -3.047338963 0.066166811 -0.005114042 0.997795463 56.700809479
0.997703314 -0.013754983 -0.066323780 -2.296916485 0.013985016 0.999897659 0.003005280 -3.078064203 0.066275656 -0.003925917 0.997793615 57.326179504
0.997685373 -0.013892113 -0.066565298 -2.338983536 0.014084489 0.999897897 0.002421604 -3.111016989 0.066524863 -0.003353538 0.997779131 57.947475433
0.997694194 -0.013845154 -0.066442572 -2.383976460 0.014013470 0.999899685 0.002067842 -3.145913839 0.066407278 -0.002994165 0.997788131 58.567131042
0.997684419 -0.013389761 -0.066682145 -2.428045988 0.013552837 0.999906182 0.001993784 -3.179808855 0.066649191 -0.002892899 0.997772276 59.187122345
0.997666895 -0.012252897 -0.067160904 -2.471604824 0.012457105 0.999918997 0.002622618 -3.213966131 0.067123331 -0.003453130 0.997738719 59.805492401
0.997650921 -0.012777172 -0.067300312 -2.517355442 0.013014898 0.999910533 0.003095029 -3.247102022 0.067254744 -0.003963666 0.997727990 60.434036255
0.997610450 -0.014881982 -0.067467615 -2.558112144 0.015072479 0.999883711 0.002315346 -3.282155037 0.067425318 -0.003326717 0.997718751 61.055355072
0.997523189 -0.018692553 -0.067809433 -2.596179485 0.018800139 0.999822795 0.000948744 -3.317361593 0.067779683 -0.002221221 0.997697830 61.671497345
0.997504056 -0.020153200 -0.067671925 -2.638562918 0.020237090 0.999795079 0.000554276 -3.352580547 0.067646883 -0.001922375 0.997707486 62.282157898
0.997565210 -0.017606672 -0.067480758 -2.686793327 0.017780066 0.999839962 0.001969736 -3.384486437 0.067435272 -0.003164753 0.997718632 62.899559021
0.997591674 -0.015681431 -0.067563936 -2.731436253 0.016099596 0.999854445 0.005649085 -3.413975000 0.067465514 -0.006723233 0.997698963 63.527809143
0.997604370 -0.014449829 -0.067651331 -2.778592348 0.015172280 0.999833107 0.010177419 -3.442843914 0.067492977 -0.011179462 0.997657120 64.160301208
0.997569382 -0.014748929 -0.068101496 -2.825210571 0.015687689 0.999788880 0.013270540 -3.472738028 0.067891397 -0.014306639 0.997590125 64.790794373
0.997543871 -0.015161484 -0.068384208 -2.866618633 0.016211418 0.999758661 0.014824696 -3.501377821 0.068142936 -0.015896890 0.997548938 65.415725708
0.997542441 -0.016113933 -0.068187073 -2.908736706 0.017155377 0.999744534 0.014715394 -3.528847694 0.067932531 -0.015849005 0.997564018 66.049247742
0.997570395 -0.016810361 -0.067607418 -2.954950094 0.017651893 0.999773741 0.011869237 -3.555294991 0.067392588 -0.013033797 0.997641385 66.673355103
0.997647524 -0.013659873 -0.067177318 -3.002344608 0.014325361 0.999852896 0.009434695 -3.585887909 0.067038558 -0.010374840 0.997696459 67.293685913
0.997746289 -0.010278484 -0.066307813 -3.053249836 0.010840885 0.999908209 0.008127435 -3.615515947 0.066218190 -0.008827954 0.997766137 67.914260864
0.997771084 -0.007152127 -0.066345006 -3.103519917 0.007561767 0.999953866 0.005925333 -3.647103548 0.066299565 -0.006413811 0.997779131 68.536186218
0.997763097 -0.005206986 -0.066645704 -3.151072979 0.005598444 0.999968171 0.005688299 -3.677512884 0.066613965 -0.006048688 0.997760475 69.165023804
0.997773767 -0.001283325 -0.066677406 -3.198772430 0.001800437 0.999968767 0.007695913 -3.706415653 0.066665448 -0.007798828 0.997744918 69.794670105
0.997787774 0.000087972 -0.066479526 -3.246484756 0.000589476 0.999948084 0.010170629 -3.735733032 0.066476971 -0.010187318 0.997735977 70.431205750
0.997830093 0.000810361 -0.065836452 -3.291973114 -0.000024148 0.999928713 0.011941835 -3.766928196 0.065841436 -0.011914332 0.997758985 71.066665649
0.997884870 -0.000665545 -0.065002546 -3.337125778 0.001384945 0.999938309 0.011022827 -3.800206661 0.064991198 -0.011089537 0.997824192 71.695533752
0.997908831 -0.000791542 -0.064632572 -3.380743027 0.001262478 0.999972939 0.007245834 -3.836601734 0.064625084 -0.007312279 0.997882843 72.318077087
0.997920573 -0.000697096 -0.064451873 -3.423618317 0.000851809 0.999996841 0.002372998 -3.870102406 0.064450018 -0.002422964 0.997918010 72.939361572
0.997940004 0.000811418 -0.064149022 -3.472153664 -0.000786037 0.999999583 0.000420884 -3.903145313 0.064149342 -0.000369593 0.997940242 73.564727783
0.997892141 0.003834334 -0.064780630 -3.518090963 -0.003669973 0.999989748 0.002655994 -3.933926105 0.064790145 -0.002412653 0.997896016 74.190956116
0.997874975 0.004264219 -0.065018363 -3.564061165 -0.003835420 0.999970078 0.006718437 -3.960105896 0.065045066 -0.006454788 0.997861445 74.819770813
0.997856498 0.002819329 -0.065379411 -3.607160807 -0.002076427 0.999932528 0.011428101 -3.993222952 0.065407224 -0.011267849 0.997795045 75.455383301
0.997843623 0.003376581 -0.065549023 -3.651939392 -0.002455617 0.999897242 0.014125491 -4.022690773 0.065589987 -0.013934068 0.997749388 76.082283020
0.997823238 0.004137191 -0.065815769 -3.698379040 -0.003218393 0.999895990 0.014060070 -4.050056934 0.065867089 -0.013817643 0.997732759 76.707870483
0.997769833 0.001295548 -0.066736095 -3.738990307 -0.000478887 0.999924839 0.012251712 -4.080437660 0.066746950 -0.012192430 0.997695446 77.334457397
0.997697115 -0.002948169 -0.067762755 -3.782171249 0.003528599 0.999958098 0.008447533 -4.114672661 0.067735009 -0.008667187 0.997665703 77.953773499
0.997651100 -0.004069989 -0.068379641 -3.829464912 0.004426723 0.999977350 0.005066246 -4.147419453 0.068357468 -0.005357044 0.997646511 78.572395325
0.997579396 -0.005218257 -0.069340721 -3.872294664 0.005449107 0.999980211 0.003140481 -4.176414013 0.069322959 -0.003510725 0.997588098 79.198760986
0.997495770 -0.008202198 -0.070248559 -3.916455269 0.008401902 0.999961436 0.002547814 -4.210589886 0.070224948 -0.003131655 0.997526288 79.820693970
0.997400463 -0.010732816 -0.071253844 -3.962709427 0.011137772 0.999924004 0.005288406 -4.241520405 0.071191669 -0.006068268 0.997444212 80.448577881
0.997316301 -0.009319479 -0.072617806 -4.013172150 0.010040198 0.999903858 0.009566113 -4.271230221 0.072521672 -0.010269538 0.997313976 81.083457947
0.997255623 -0.007810273 -0.073621914 -4.067225933 0.008775443 0.999879599 0.012795471 -4.300282001 0.073513120 -0.013406420 0.997204125 81.714393616
0.997188568 -0.008686783 -0.074427523 -4.115261078 0.009902062 0.999823332 0.015974935 -4.331158638 0.074275598 -0.016667010 0.997098446 82.339141846
0.997141540 -0.008835465 -0.075037695 -4.167296410 0.010119248 0.999808550 0.016745575 -4.356962204 0.074875377 -0.017457034 0.997040093 82.965324402
0.997127771 -0.007472826 -0.075368382 -4.221856117 0.008668969 0.999841392 0.015555988 -4.383759022 0.075240180 -0.016164673 0.997034431 83.591873169
0.997069538 -0.007039602 -0.076176010 -4.272618294 0.008059067 0.999881923 0.013083898 -4.410977364 0.076074913 -0.013659464 0.997008562 84.216758728
0.997082293 -0.005319570 -0.076148428 -4.325256348 0.006170419 0.999921083 0.010942648 -4.438774586 0.076084211 -0.011380589 0.997036457 84.838050842
0.997110724 -0.003508264 -0.075880952 -4.377652645 0.004226630 0.999947727 0.009308499 -4.467504025 0.075844333 -0.009602326 0.997073412 85.464347839
0.997156978 -0.001878545 -0.075328924 -4.429841042 0.002422070 0.999971688 0.007124649 -4.496184826 0.075313412 -0.007286845 0.997133315 86.090652466
0.997223735 -0.000912320 -0.074458078 -4.482675552 0.001329554 0.999983668 0.005554236 -4.527833462 0.074451797 -0.005637812 0.997208655 86.711250305
0.997261465 -0.002233315 -0.073922828 -4.527883053 0.002521704 0.999989569 0.003808108 -4.560024261 0.073913552 -0.003984091 0.997256696 87.346565247
0.997311354 -0.002110907 -0.073250584 -4.575972080 0.002303228 0.999994099 0.002541148 -4.593654156 0.073244788 -0.002703028 0.997310340 87.971778870
0.997361362 -0.001628047 -0.072578810 -4.620914459 0.001797322 0.999995828 0.002267049 -4.626628876 0.072574817 -0.002391514 0.997360110 88.600143433
0.997450650 -0.002113406 -0.071328215 -4.671013355 0.002282164 0.999994814 0.002284529 -4.661307812 0.071323015 -0.002441487 0.997450292 89.234306335
0.997551084 -0.000484542 -0.069939688 -4.719208241 0.000643546 0.999997258 0.002250919 -4.697777748 0.069938406 -0.002290416 0.997548699 89.869499207
0.997650981 0.002387619 -0.068460129 -4.766703129 -0.002337337 0.999996960 0.000814560 -4.731562138 0.068461858 -0.000652632 0.997653544 90.507957458
0.997758448 0.005843063 -0.066662453 -4.814233780 -0.005966841 0.999980807 -0.001657833 -4.770766735 0.066651486 0.002051881 0.997774184 91.133750916
0.997879505 0.006464378 -0.064766355 -4.858646393 -0.006751732 0.999968290 -0.004218881 -4.809262276 0.064737029 0.004647220 0.997891545 91.758804321
0.997997403 0.006024172 -0.062967166 -4.898964882 -0.006419723 0.999960899 -0.006081438 -4.845960617 0.062928066 0.006473491 0.997997046 92.402091980
0.998110831 0.005588320 -0.061184295 -4.940601826 -0.005887567 0.999971569 -0.004711733 -4.880884647 0.061156224 0.005063059 0.998115361 93.047073364
0.998234451 0.003926657 -0.059266940 -4.980980873 -0.003965409 0.999992013 -0.000536261 -4.912775993 0.059264362 0.000770332 0.998242021 93.687660217
0.998326659 0.002730953 -0.057761457 -5.018403053 -0.002437389 0.999983728 0.005152186 -4.946424484 0.057774588 -0.005002778 0.998317122 94.327095032
0.998396039 0.000547746 -0.056612726 -5.054624557 0.000012382 0.999951065 0.009893198 -4.975891113 0.056615375 -0.009878031 0.998347223 94.969383240
0.998433053 -0.002838733 -0.055887450 -5.084796906 0.003477613 0.999929667 0.011337621 -5.007686615 0.055851333 -0.011514210 0.998372674 95.608131409
0.998462975 -0.006485686 -0.055042237 -5.117788792 0.006943620 0.999942839 0.008132519 -5.042580605 0.054986347 -0.008502212 0.998450935 96.243972778
0.998492360 -0.009243612 -0.054106575 -5.147631168 0.009394349 0.999952674 0.002532252 -5.077332497 0.054080606 -0.003036730 0.998531938 96.881072998
0.998518527 -0.012403456 -0.052979909 -5.175639153 0.012250443 0.999919832 -0.003211890 -5.114335537 0.053015500 0.002558104 0.998590410 97.514511108
0.998568058 -0.013752711 -0.051697709 -5.207848072 0.013422416 0.999887288 -0.006730753 -5.147096157 0.051784448 0.006027208 0.998640120 98.153762817
0.998633802 -0.013640058 -0.050442573 -5.241665840 0.013349946 0.999892354 -0.006083802 -5.184376240 0.050520126 0.005402084 0.998708427 98.797523499
0.998685420 -0.013888670 -0.049341489 -5.275458813 0.013718012 0.999898672 -0.003795695 -5.221375942 0.049389210 0.003113838 0.998774767 99.454849243
0.998735547 -0.013227703 -0.048500817 -5.308697701 0.013288749 0.999911249 0.000936413 -5.257213116 0.048484124 -0.001579744 0.998822689 100.107749939
0.998815477 -0.011224731 -0.047346260 -5.342779636 0.011480085 0.999920964 0.005124837 -5.293040752 0.047284991 -0.005662305 0.998865366 100.756042480
0.998862565 -0.010812912 -0.046440195 -5.374288559 0.011176711 0.999908805 0.007581193 -5.325468540 0.046353985 -0.008091618 0.998892307 101.408302307
0.998920560 -0.010061708 -0.045347746 -5.408408165 0.010452182 0.999910235 0.008381788 -5.359471321 0.045259342 -0.008846723 0.998936117 102.064659119
0.998979807 -0.008828338 -0.044287819 -5.437951088 0.009122443 0.999937654 0.006443060 -5.391205788 0.044228174 -0.006840500 0.998998046 102.716049194
0.999033570 -0.007374279 -0.043331139 -5.469255924 0.007522170 0.999966443 0.003250969 -5.426630974 0.043305714 -0.003573771 0.999055505 103.366752625
0.999070287 -0.005389937 -0.042773142 -5.498059273 0.005369371 0.999985397 -0.000595699 -5.460464001 0.042775728 0.000365480 0.999084651 104.019561768
0.999110520 -0.003494437 -0.042023882 -5.530755043 0.003323536 0.999985933 -0.004135944 -5.496570587 0.042037744 0.003992598 0.999108016 104.670783997
0.999133706 -0.004571194 -0.041364156 -5.560428619 0.004301482 0.999968946 -0.006607088 -5.535113811 0.041393075 0.006423437 0.999122262 105.328933716
0.999141037 -0.007192351 -0.040810425 -5.587243080 0.006904345 0.999950290 -0.007193755 -5.572791100 0.040860135 0.006905807 0.999141037 105.990707397
0.999168038 -0.007759911 -0.040038008 -5.615641117 0.007576402 0.999960124 -0.004733049 -5.611236572 0.040073141 0.004425767 0.999186933 106.647613525
0.999184847 -0.009008268 -0.039350387 -5.638875008 0.008989940 0.999959409 -0.000642681 -5.646652222 0.039354578 0.000288400 0.999225259 107.311889648
0.999208748 -0.009910121 -0.038519133 -5.667889595 0.010055802 0.999943018 0.003590136 -5.683175564 0.038481358 -0.003974636 0.999251425 107.968780518
0.999196112 -0.011968064 -0.038260147 -5.692622662 0.012229742 0.999903321 0.006612722 -5.718443871 0.038177308 -0.007075318 0.999245942 108.629035950
0.999177814 -0.013544041 -0.038212743 -5.716705322 0.013832636 0.999877691 0.007298067 -5.755324364 0.038109224 -0.007820650 0.999242961 109.284744263
0.999168992 -0.015164581 -0.037833039 -5.741522789 0.015433713 0.999857545 0.006831788 -5.789602757 0.037724048 -0.007410015 0.999260724 109.938720703
0.999171853 -0.016002668 -0.037409931 -5.768257141 0.016246069 0.999848723 0.006211402 -5.821082115 0.037304871 -0.006814023 0.999280691 110.602783203
0.999173403 -0.017085042 -0.036886260 -5.793626308 0.017299348 0.999835253 0.005498605 -5.852836132 0.036786240 -0.006132168 0.999304354 111.265876770
0.999184191 -0.017497627 -0.036397763 -5.819922924 0.017699042 0.999829710 0.005218881 -5.885513783 0.036300246 -0.005858829 0.999323726 111.927345276
0.999209762 -0.017048562 -0.035905950 -5.847116947 0.017249458 0.999837220 0.005292704 -5.921150684 0.035809871 -0.005907880 0.999341130 112.593650818
0.999212265 -0.017556196 -0.035589762 -5.871468067 0.017740177 0.999830842 0.004860284 -5.952416897 0.035498414 -0.005487824 0.999354661 113.259941101
0.999212265 -0.017734213 -0.035501152 -5.897392273 0.017922500 0.999826908 0.004992507 -5.987254620 0.035406467 -0.005624843 0.999357164 113.917778015
0.999185324 -0.019462403 -0.035353724 -5.922816277 0.019643195 0.999795675 0.004773637 -6.021129608 0.035253596 -0.005464208 0.999363482 114.584068298
0.999155581 -0.021140216 -0.035230972 -5.946390152 0.021288980 0.999765933 0.003852726 -6.055444241 0.035141278 -0.004599505 0.999371767 115.239540100
0.999138534 -0.022023641 -0.035173446 -5.971230984 0.022151094 0.999749362 0.003237930 -6.092708111 0.035093319 -0.004014271 0.999375999 115.908172607
0.999150515 -0.022141973 -0.034756374 -5.995097637 0.022228746 0.999750674 0.002112167 -6.129586697 0.034700941 -0.002882964 0.999393582 116.565368652
0.999125123 -0.023697915 -0.034458052 -6.018066406 0.023725728 0.999718428 0.000398442 -6.169281960 0.034438908 -0.001215636 0.999406040 117.220870972
0.999084115 -0.025557617 -0.034317717 -6.043274403 0.025498960 0.999672532 -0.002145882 -6.209070206 0.034361321 0.001268851 0.999408662 117.883209229
0.999021590 -0.027861347 -0.034345876 -6.065567017 0.027692791 0.999602020 -0.005373659 -6.250955582 0.034481928 0.004417268 0.999395549 118.542373657
0.998884559 -0.032426611 -0.034324098 -6.084010124 0.032145757 0.999445319 -0.008703074 -6.294352055 0.034587272 0.007589993 0.999372840 119.203186035
0.998836040 -0.033768918 -0.034441672 -6.105318546 0.033435620 0.999388754 -0.010207855 -6.335685730 0.034765329 0.009044395 0.999354601 119.865135193
0.998832703 -0.033890679 -0.034418788 -6.130922318 0.033588368 0.999392271 -0.009324091 -6.374151707 0.034713868 0.008157136 0.999364018 120.530029297
0.998851717 -0.033153653 -0.034584887 -6.155108452 0.032994557 0.999442220 -0.005160926 -6.416872501 0.034736700 0.004013887 0.999388456 121.194023132
0.998851001 -0.032697566 -0.035035543 -6.181540966 0.032741260 0.999463618 0.000673963 -6.451286793 0.034994714 -0.001820297 0.999385834 121.865798950
0.998966813 -0.028394509 -0.035483740 -6.211050510 0.028651172 0.999566734 0.006745724 -6.487169266 0.035276823 -0.007755404 0.999347508 122.536132812
0.999051511 -0.025030961 -0.035629835 -6.242223740 0.025451504 0.999611080 0.011398771 -6.521533489 0.035330657 -0.012294793 0.999300063 123.202644348
0.999103725 -0.022450244 -0.035885680 -6.269749165 0.022903003 0.999662578 0.012255751 -6.550032616 0.035598427 -0.013066655 0.999280751 123.865432739
0.999118209 -0.021708403 -0.035938255 -6.297226906 0.022081640 0.999705970 0.010021339 -6.584182739 0.035710141 -0.010806078 0.999303758 124.527137756
0.999116182 -0.021975348 -0.035832338 -6.324529648 0.022186911 0.999738634 0.005517286 -6.618673325 0.035701726 -0.006307418 0.999342561 125.189590454
0.999129474 -0.021268202 -0.035888694 -6.349976540 0.021323400 0.999771953 0.001155903 -6.653237343 0.035855927 -0.001920166 0.999355137 125.852188110
0.999155164 -0.020057192 -0.035869531 -6.380380630 0.020022910 0.999798656 -0.001314785 -6.685503960 0.035888679 0.000595462 0.999355614 126.520057678
0.999146163 -0.020114865 -0.036088709 -6.408188820 0.020075409 0.999797404 -0.001455399 -6.721185684 0.036110673 0.000729661 0.999347508 127.185386658
0.999116242 -0.020798396 -0.036526009 -6.432929516 0.020801870 0.999783576 -0.000284943 -6.759281635 0.036524031 -0.000475118 0.999332666 127.849739075
0.999074936 -0.021683283 -0.037136838 -6.456472397 0.021709731 0.999764264 0.000309034 -6.796323299 0.037121382 -0.001114979 0.999310136 128.513778687
0.999035716 -0.023013359 -0.037390359 -6.481256962 0.023042597 0.999734402 0.000351174 -6.835978508 0.037372347 -0.001212406 0.999300659 129.175201416
0.999015868 -0.023754962 -0.037456460 -6.507179260 0.023783002 0.999717116 0.000303137 -6.874725819 0.037438665 -0.001193665 0.999298215 129.840148926
0.999021113 -0.024092847 -0.037098996 -6.534883976 0.024124775 0.999708891 0.000413101 -6.910746098 0.037078246 -0.001307702 0.999311507 130.501480103
0.998999476 -0.024792960 -0.037220251 -6.560928345 0.024841618 0.999691069 0.000845315 -6.948915482 0.037187792 -0.001769081 0.999306738 131.161056519
0.998991728 -0.024931092 -0.037335981 -6.586233616 0.024981245 0.999687552 0.000877313 -6.984128952 0.037302442 -0.001809128 0.999302387 131.832702637
0.998973310 -0.025653198 -0.037339445 -6.613713264 0.025691243 0.999669790 0.000539351 -7.020826817 0.037313279 -0.001498094 0.999302506 132.497299194
0.998909593 -0.027941545 -0.037401460 -6.638656616 0.027981646 0.999608278 0.000549068 -7.057150841 0.037371468 -0.001595024 0.999300182 133.160171509
0.998814940 -0.030029675 -0.038300373 -6.660124302 0.030107154 0.999545634 0.001447625 -7.091697693 0.038239498 -0.002599025 0.999265194 133.822616577
0.998757124 -0.030858072 -0.039140463 -6.687883854 0.031019319 0.999512613 0.003518998 -7.126621246 0.039012797 -0.004728734 0.999227524 134.480880737
0.998706698 -0.031423949 -0.039968602 -6.717355728 0.031651165 0.999486148 0.005064673 -7.162664413 0.039788909 -0.006323176 0.999188125 135.138046265
0.998641133 -0.032751698 -0.040535878 -6.745739460 0.033029262 0.999435186 0.006196527 -7.198516846 0.040310036 -0.007526977 0.999158859 135.789031982
0.998632967 -0.032358408 -0.041050561 -6.774497986 0.032623772 0.999450803 0.005810810 -7.234666348 0.040839985 -0.007142091 0.999140203 136.434524536
0.998603880 -0.032350063 -0.041758310 -6.802403450 0.032548700 0.999461830 0.004085580 -7.270238876 0.041603666 -0.005439055 0.999119401 137.087646484
0.998575330 -0.032231200 -0.042526070 -6.832765579 0.032378450 0.999471843 0.002778155 -7.308269501 0.042414065 -0.004151125 0.999091506 137.737045288
0.998558998 -0.031887643 -0.043163512 -6.862187386 0.032023773 0.999484062 0.002465875 -7.342985630 0.043062612 -0.003844580 0.999064982 138.378738403
0.998555839 -0.031075519 -0.043824706 -6.890818596 0.031240525 0.999507129 0.003085162 -7.375222683 0.043707233 -0.004449814 0.999034464 139.026855469
0.998563230 -0.029972658 -0.044420298 -6.922131062 0.030196315 0.999534428 0.004372452 -7.410124302 0.044268563 -0.005707499 0.999003351 139.673034668
0.998588622 -0.028351739 -0.044910658 -6.954367161 0.028626790 0.999575078 0.005493050 -7.446869850 0.044735838 -0.006770945 0.998975933 140.302795410
0.998554051 -0.027924402 -0.045935508 -6.983431339 0.028223230 0.999584436 0.005869636 -7.480015278 0.045752514 -0.007157598 0.998927176 140.931747437
0.998486102 -0.027719697 -0.047509637 -7.013274670 0.028031100 0.999589622 0.005900709 -7.514846802 0.047326572 -0.007223524 0.998853326 141.560501099
0.998456895 -0.026339902 -0.048888009 -7.050595284 0.026676184 0.999624670 0.006238814 -7.547812462 0.048705328 -0.007533331 0.998784781 142.186950684
0.998375773 -0.025390293 -0.051001266 -7.086316109 0.025787530 0.999641895 0.007145794 -7.580428123 0.050801568 -0.008449384 0.998673022 142.815139771
0.998267472 -0.024994867 -0.053266775 -7.126436234 0.025481464 0.999639392 0.008475551 -7.613483906 0.053035717 -0.009818182 0.998544335 143.442428589
0.998118401 -0.024802532 -0.056076124 -7.163655281 0.025381755 0.999631345 0.009640599 -7.644201279 0.055816337 -0.011045769 0.998379946 144.066726685
0.997941673 -0.024951855 -0.059075125 -7.203018665 0.025633100 0.999613047 0.010802144 -7.672329903 0.058782734 -0.012294188 0.998195112 144.690231323
0.997767568 -0.025173685 -0.061855547 -7.244325638 0.025950562 0.999593735 0.011788325 -7.701235771 0.061533660 -0.013367195 0.998015523 145.299163818
0.997620344 -0.024153423 -0.064577423 -7.291982651 0.025020713 0.999606848 0.012655320 -7.730940342 0.064246364 -0.014240978 0.997832477 145.910873413
0.997459888 -0.023088627 -0.067384921 -7.340099335 0.024035316 0.999623001 0.013272130 -7.759540558 0.067053080 -0.014858034 0.997638762 146.522155762
0.997284830 -0.022487557 -0.070122994 -7.388535500 0.023483993 0.999634147 0.013417866 -7.790482521 0.069795609 -0.015028202 0.997448087 147.116043091
0.997086823 -0.022272229 -0.072950661 -7.438989639 0.023316568 0.999637067 0.013495387 -7.820373535 0.072623610 -0.015157031 0.997244239 147.706619263
0.996855497 -0.022813950 -0.075885467 -7.487645149 0.023840182 0.999635816 0.012645038 -7.848582745 0.075569354 -0.014414399 0.997036338 148.297058105
0.996583045 -0.024596479 -0.078849651 -7.532810688 0.025521722 0.999616504 0.010747911 -7.880627632 0.078555055 -0.012723565 0.996828556 148.876144409
0.996335268 -0.026098613 -0.081454761 -7.581131458 0.026904732 0.999599159 0.008814493 -7.911858082 0.081192061 -0.010973710 0.996638060 149.452621460
0.996071398 -0.027270425 -0.084250189 -7.629099846 0.027968444 0.999583483 0.007115722 -7.940278530 0.084021047 -0.009444114 0.996419251 150.028213501
0.995844245 -0.028089155 -0.086632669 -7.680719376 0.028732916 0.999567926 0.006192716 -7.970338345 0.086421289 -0.008656191 0.996221066 150.592788696
0.995590091 -0.029427681 -0.089075036 -7.732000351 0.030067453 0.999530733 0.005848858 -7.998450279 0.088861123 -0.008501325 0.996007740 151.151306152
0.995393395 -0.029094078 -0.091354080 -7.788376808 0.029787697 0.999536753 0.006238094 -8.030076027 0.091130272 -0.008930585 0.995798945 151.705444336
0.995160103 -0.028708877 -0.093979850 -7.843760967 0.029420273 0.999547958 0.006192646 -8.060602188 0.093759589 -0.008927586 0.995554864 152.267501831
0.994942665 -0.028390883 -0.096348815 -7.901875019 0.029078109 0.999560714 0.005735826 -8.090512276 0.096143641 -0.008508459 0.995331109 152.819778442
0.994767725 -0.027477849 -0.098397687 -7.962651730 0.028159695 0.999588072 0.005547150 -8.123684883 0.098204724 -0.008288974 0.995131731 153.358200073
0.994526863 -0.026840823 -0.100974403 -8.019536972 0.027528916 0.999606252 0.005427029 -8.153504372 0.100788981 -0.008177042 0.994874239 153.897735596
0.994336009 -0.026162589 -0.103011467 -8.078510284 0.026880234 0.999623060 0.005584406 -8.184183121 0.102826536 -0.008321749 0.994664490 154.433715820
0.994216800 -0.026035294 -0.104188181 -8.138679504 0.026756158 0.999626696 0.005526990 -8.214352608 0.104005389 -0.008282701 0.994542241 154.953643799
0.994154096 -0.024631953 -0.105123021 -8.199297905 0.025297698 0.999667466 0.005004141 -8.243667603 0.104964800 -0.007634257 0.994446635 155.476333618
0.994150579 -0.021573558 -0.105826125 -8.263502121 0.022118742 0.999747455 0.003980594 -8.277752876 0.105713516 -0.006298051 0.994376659 155.998886108
0.994092286 -0.020112135 -0.106658623 -8.323762894 0.020553850 0.999784112 0.003043625 -8.306341171 0.106574379 -0.005217889 0.994291067 156.509185791
