1.000000000 0.000000000 0.000000000 0.000000000 0.000000000 1.000000000 0.000000000 0.000000000 0.000000000 0.000000000 1.000000000 0.000000000
0.999873877 0.001486512 0.015813455 0.010610381 -0.001472038 0.999998510 -0.000926898 -0.003340653 -0.015814809 0.000903503 0.999874532 0.126496702
0.999292135 0.004311648 0.037371915 0.027194066 -0.004300206 0.999990702 -0.000386539 -0.005052513 -0.037373234 0.000225558 0.999301374 0.272636026
0.997895002 0.005978517 0.064573921 0.056312304 -0.006054003 0.999981225 0.000973379 -0.004808988 -0.064566888 -0.001362261 0.997912467 0.436249942
0.995107293 0.005513835 0.098646395 0.103318527 -0.005868986 0.999977291 0.003310413 -0.003645917 -0.098625898 -0.003873170 0.995117068 0.622734010
0.990585923 0.002487961 0.136869773 0.162232518 -0.003237980 0.999980927 0.005257439 -0.004966991 -0.136854097 -0.005651127 0.990575075 0.801364064
0.984310746 -0.000348346 0.176443428 0.237418339 -0.000611716 0.999985278 0.005386766 -0.002116290 -0.176442713 -0.005410185 0.984296024 0.992999077
0.975461185 -0.000554133 0.220170826 0.320172280 -0.000908241 0.999978185 0.006540716 0.003052635 -0.220169649 -0.006580182 0.975439429 1.202281594
0.963298023 -0.000404837 0.268433988 0.413043797 -0.002195744 0.999953508 0.009387686 0.006166631 -0.268425316 -0.009632551 0.963252306 1.416993380
0.948852181 -0.004347604 0.315690815 0.534040332 -0.000930221 0.999862373 0.016565727 0.003406517 -0.315719366 -0.016012089 0.948717475 1.637202978
0.931902587 -0.013590612 0.362453967 0.676001430 0.005011905 0.999684870 0.024598217 -0.001492988 -0.362674028 -0.021106556 0.931676984 1.844092727
0.910488963 -0.018622274 0.413113922 0.831425190 0.007366797 0.999557436 0.028821697 -0.002272993 -0.413467795 -0.023198510 0.910223186 2.066799641
0.885036170 -0.020026339 0.465091348 0.999909401 0.005409759 0.999449253 0.032740831 0.002360694 -0.465490848 -0.026460787 0.884657025 2.295430899
0.856861889 -0.022368617 0.515060544 1.186445475 0.003535078 0.999289751 0.037517253 0.002891138 -0.515533924 -0.030326324 0.856332362 2.504360676
0.824341238 -0.026766470 0.565460086 1.386126518 0.003910858 0.999126971 0.041593071 0.009672157 -0.566079736 -0.032075450 0.823726237 2.718474865
0.788249373 -0.031720839 0.614537776 1.614484668 0.005278241 0.998982251 0.044794619 0.014845014 -0.615333259 -0.032065652 0.787614584 2.933000326
0.749902785 -0.035588201 0.660590112 1.854664803 0.005662916 0.998860717 0.047383420 0.019871861 -0.661523819 -0.031792093 0.749249935 3.140267849
0.709563494 -0.038932726 0.703565121 2.117524147 0.006907484 0.998808801 0.048304055 0.031719044 -0.704607666 -0.029414929 0.708987176 3.341593742
0.667265415 -0.040697966 0.743707299 2.418357849 0.005821400 0.998760521 0.049432222 0.046156183 -0.744797230 -0.028654996 0.666675270 3.561791897
0.624166667 -0.040344089 0.780248880 2.737341642 0.000406736 0.998682499 0.051313199 0.065698653 -0.781291127 -0.031710632 0.623360753 3.782601357
0.582298815 -0.041019730 0.811939299 3.078499794 -0.002878766 0.998615980 0.052515328 0.077083677 -0.812969744 -0.032916997 0.581374824 3.986256123
0.541717768 -0.042130001 0.839503944 3.456694126 -0.004621340 0.998578787 0.053095147 0.099424645 -0.840547740 -0.032642219 0.540753186 4.194238663
0.502559662 -0.044149332 0.863414526 3.868728399 -0.006358376 0.998479486 0.054756626 0.120150059 -0.864519119 -0.033008385 0.501514792 4.407414913
0.465373248 -0.043609772 0.884039521 4.298254013 -0.009369444 0.998486817 0.054187704 0.143288776 -0.885064960 -0.033500466 0.464260459 4.599845886
0.428683758 -0.042951509 0.902433038 4.757857323 -0.010455602 0.998566508 0.052493736 0.163578734 -0.903394103 -0.031938694 0.427620143 4.791462898
0.395194024 -0.041520502 0.917658865 5.247694492 -0.009340287 0.998744667 0.049211763 0.185705438 -0.918550193 -0.028019391 0.394310117 4.972298622
0.365904093 -0.039632879 0.929808259 5.769933224 -0.007211332 0.998942077 0.045417540 0.208653688 -0.930624604 -0.023323620 0.365231186 5.143662453
0.340696871 -0.037965771 0.939406335 6.317731857 -0.005917618 0.999077916 0.042523537 0.231470555 -0.940154552 -0.020046683 0.340158075 5.318387508
0.320431709 -0.037572075 0.946526229 6.884700775 -0.004668814 0.999138296 0.041241053 0.252298176 -0.947260141 -0.017634096 0.319980174 5.497481346
0.305718869 -0.038108625 0.951358855 7.495102882 -0.003709798 0.999143422 0.041214872 0.274362624 -0.952114582 -0.016129514 0.305315614 5.692226410
0.294348210 -0.039453998 0.954883516 8.127622604 -0.002679208 0.999109507 0.042107217 0.297927618 -0.955694497 -0.014952514 0.293980390 5.874162674
0.283307254 -0.040864579 0.958158195 8.784831047 -0.003980448 0.999033034 0.043784790 0.329241723 -0.959020913 -0.016218446 0.282870650 6.067925930
0.272699863 -0.042961128 0.961139500 9.463326454 -0.005031539 0.998925209 0.046077654 0.351036459 -0.962086022 -0.017401380 0.272190601 6.260560989
0.262748510 -0.044680018 0.963829279 10.160297394 -0.005817111 0.998835742 0.047888599 0.381263733 -0.964846790 -0.018189361 0.262182713 6.442646980
0.252632827 -0.046699531 0.966434598 10.880244255 -0.006663676 0.998726904 0.050001875 0.409541219 -0.967539251 -0.019072123 0.252000004 6.627073288
0.242130175 -0.048123199 0.969049633 11.626286507 -0.006725593 0.998661935 0.051274236 0.442040265 -0.970220447 -0.018932473 0.241482541 6.815471649
0.231650516 -0.049481008 0.971539855 12.381661415 -0.006597489 0.998602688 0.052432414 0.472586572 -0.972776711 -0.018555718 0.231000364 6.998756409
0.221585155 -0.053007785 0.973699212 13.166098595 -0.008128041 0.998386383 0.056201447 0.497165769 -0.975107133 -0.020367673 0.220796749 7.167537689
0.210180476 -0.056112234 0.976051033 13.952471733 -0.009830643 0.998179793 0.059501301 0.539627314 -0.977613151 -0.022101222 0.209246293 7.339588642
0.198400736 -0.059708256 0.978300631 14.740418434 -0.010087613 0.997965455 0.062954232 0.579127789 -0.980069101 -0.022358885 0.197394773 7.493508339
0.185089797 -0.061597575 0.980789244 15.522891045 -0.011372568 0.997832537 0.064814143 0.615410388 -0.982655823 -0.023150528 0.183988094 7.650171280
0.171001583 -0.062294863 0.983299434 16.337678909 -0.013062296 0.997768164 0.065483108 0.648321152 -0.985184133 -0.024041863 0.169806227 7.793510914
0.156443045 -0.061007440 0.985801041 17.151439667 -0.014589158 0.997838914 0.064067669 0.690610290 -0.987579226 -0.024404949 0.155214906 7.923523903
0.140059397 -0.060073704 0.988319039 17.977119446 -0.015533907 0.997901618 0.062857553 0.725540876 -0.990021229 -0.024156248 0.138832316 8.037855148
0.119931579 -0.058742393 0.991042733 18.815969467 -0.017906474 0.997957587 0.061319217 0.759235978 -0.992620647 -0.025100192 0.118634753 8.134285927
0.094862930 -0.057066116 0.993853331 19.640024185 -0.022025809 0.997990847 0.059406046 0.797758400 -0.995246649 -0.027525855 0.093415409 8.202551842
0.064306304 -0.056630872 0.996322036 20.479101181 -0.026020037 0.997953951 0.058403056 0.833167791 -0.997590899 -0.029680021 0.062701195 8.253124237
0.031435210 -0.056166831 0.997926414 21.337461472 -0.028495075 0.997963667 0.057066537 0.867602766 -0.999099553 -0.030229887 0.029770719 8.272408485
-0.003264801 -0.055580545 0.998448849 22.177074432 -0.029934708 0.998012185 0.055458352 0.895717144 -0.999546528 -0.029707214 -0.004922098 8.265610695
-0.037502345 -0.054316428 0.997819245 23.045114517 -0.031815547 0.998080373 0.053134877 0.930164218 -0.998789966 -0.029753484 -0.039158463 8.234403610
-0.070179358 -0.052816276 0.996135175 23.886287689 -0.033533279 0.998157859 0.050561044 0.950549304 -0.996970594 -0.029855337 -0.071821183 8.166731834
-0.103121042 -0.050075095 0.993407547 24.737079620 -0.035872091 0.998269498 0.046596456 0.975957215 -0.994021773 -0.030830529 -0.104738884 8.078295708
-0.135426089 -0.045663740 0.989734590 25.577846527 -0.033257231 0.998583972 0.041521415 0.994502842 -0.990229130 -0.027292749 -0.136752978 7.951912880
-0.166843295 -0.039527614 0.985190809 26.398790359 -0.028259421 0.998977304 0.035294984 1.010469437 -0.985578358 -0.021952190 -0.167789698 7.794377327
-0.196545169 -0.033276364 0.979929924 27.217466354 -0.020971769 0.999337971 0.029729098 1.021406293 -0.980270445 -0.014707753 -0.197112903 7.601291180
-0.225366592 -0.027626526 0.973882258 28.043104172 -0.014877453 0.999578893 0.024912674 1.028412580 -0.974160433 -0.008874403 -0.225682706 7.390304565
-0.252604902 -0.021913709 0.967321336 28.854160309 -0.006607521 0.999759257 0.020923080 1.026594162 -0.967546940 -0.001106323 -0.252688885 7.156197071
-0.278885335 -0.011648678 0.960253775 29.659637451 -0.000489730 0.999927998 0.011987728 1.018779039 -0.960324287 0.002872936 -0.278870970 6.902392387
-0.304234564 0.003992412 0.952588797 30.434867859 0.004612915 0.999985695 -0.002717801 1.004088044 -0.952585995 0.003567362 -0.304248631 6.642848015
-0.329014719 0.021332057 0.944083810 31.210416794 0.005901664 0.999771774 -0.020533616 0.981504261 -0.944306374 -0.001184196 -0.329065502 6.361911774
-0.354323685 0.036223624 0.934421003 31.989707947 0.005908190 0.999316216 -0.036499012 0.953295827 -0.935104191 -0.007411728 -0.354295433 6.061061859
-0.378687441 0.046436790 0.924358964 32.751770020 0.009537692 0.998883307 -0.046273291 0.908563018 -0.925475478 -0.008706863 -0.378707439 5.737149239
-0.402329564 0.050696865 0.914090097 33.490180969 0.012742007 0.998678923 -0.049779996 0.856352568 -0.915406227 -0.008380622 -0.402444035 5.390435219
-0.425080359 0.050286531 0.903757691 34.240692139 0.016297460 0.998718917 -0.047904857 0.801521420 -0.905008852 -0.005634460 -0.425355345 5.033559799
-0.445379674 0.045981292 0.894160330 34.973163605 0.019336723 0.998941481 -0.041737970 0.750141859 -0.895132959 -0.001299113 -0.445797354 4.656778336
-0.463982850 0.044643234 0.884718537 35.681716919 0.026946735 0.998978436 -0.036276851 0.702854753 -0.885434210 0.007008439 -0.464711845 4.270281792
-0.477279693 0.045110110 0.877592862 36.385307312 0.029326865 0.998942912 -0.035398316 0.656566620 -0.878261924 0.008842150 -0.478098094 3.873078346
-0.488521010 0.049274679 0.871159732 37.079345703 0.033009816 0.998733163 -0.037979566 0.614556551 -0.871927500 0.010203004 -0.489528686 3.472174644
-0.498451889 0.051647931 0.865377486 37.767131805 0.033565637 0.998625040 -0.040266890 0.570115089 -0.866267323 0.008975840 -0.499500126 3.069814682
-0.509238064 0.051192585 0.859101772 38.463897705 0.027924871 0.998686552 -0.042957585 0.519375086 -0.860172510 0.002114669 -0.509998798 2.662595749
-0.520335615 0.049645502 0.852517545 39.150630951 0.027335463 0.998765409 -0.041477852 0.471245170 -0.853524268 0.001721559 -0.521050274 2.248573303
-0.529247046 0.051256098 0.846918166 39.826927185 0.029432300 0.998681962 -0.042048432 0.425878763 -0.847957134 0.002672741 -0.530058086 1.822216034
-0.536680818 0.054106135 0.842048824 40.521873474 0.031754710 0.998530149 -0.043921996 0.384210110 -0.843187571 0.003166923 -0.537610114 1.378528595
-0.540056765 0.057096232 0.839689672 41.212360382 0.033449557 0.998364031 -0.046372090 0.337710023 -0.840963602 0.003043688 -0.541083097 0.931066513
-0.540157199 0.059170205 0.839481473 41.919540405 0.032443870 0.998247802 -0.049484994 0.296511650 -0.840938509 0.000506353 -0.541130424 0.491498947
-0.536583602 0.059320014 0.841759562 42.623546600 0.034955397 0.998232424 -0.048064396 0.241177559 -0.843122840 0.003633473 -0.537708700 0.033317566
-0.530847609 0.058019079 0.845478892 43.362522125 0.032051209 0.998314500 -0.048383206 0.196067095 -0.846861005 0.001414513 -0.531812429 -0.417011261
-0.523953378 0.056768715 0.849853039 44.124446869 0.030077796 0.998387277 -0.048146918 0.146524429 -0.851215720 0.000334965 -0.524815917 -0.876750946
-0.516793728 0.056305133 0.854256392 44.898437500 0.028673010 0.998413444 -0.048460592 0.091178656 -0.855629623 -0.000550030 -0.517588258 -1.339668274
-0.510223269 0.055435263 0.858253539 45.699485779 0.026558619 0.998460174 -0.048702478 0.026321530 -0.859631836 -0.002055108 -0.510909915 -1.820756912
-0.506458879 0.053019248 0.860632539 46.501052856 0.021898985 0.998576760 -0.048630342 -0.026088834 -0.861985981 -0.005782291 -0.506899178 -2.272422791
-0.504820824 0.050061598 0.861771286 47.328300476 0.017131323 0.998701334 -0.047980640 -0.078559875 -0.863054156 -0.009458345 -0.505022883 -2.748008728
-0.505407870 0.047852967 0.861552656 48.154880524 0.015127118 0.998798966 -0.046602063 -0.147324920 -0.862747967 -0.010520240 -0.505524755 -3.236034393
-0.506293535 0.046830822 0.861088693 48.996746063 0.014069011 0.998840034 -0.046050370 -0.203092575 -0.862246454 -0.011200339 -0.506365120 -3.725498199
-0.506584704 0.045843769 0.860970557 49.858726501 0.013365855 0.998882949 -0.045322832 -0.257514000 -0.862086594 -0.011452247 -0.506631613 -4.227264404
-0.506702483 0.045439180 0.860922694 50.726516724 0.013255559 0.998902619 -0.044920053 -0.311756611 -0.862019062 -0.011349090 -0.506748796 -4.735031128
-0.507054210 0.044347983 0.860772491 51.602832794 0.013295433 0.998959064 -0.043635588 -0.367771864 -0.861811638 -0.010681264 -0.507116020 -5.242357254
-0.507170916 0.044286702 0.860706866 52.489143372 0.013346958 0.998962700 -0.043535814 -0.425819993 -0.861742139 -0.010592281 -0.507235944 -5.760389328
-0.507166088 0.042715516 0.860789120 53.383815765 0.011369304 0.999015689 -0.042876177 -0.482687831 -0.861773312 -0.011958770 -0.507152557 -6.286411285
-0.507181346 0.041628167 0.860833406 54.270214081 0.010712033 0.999060154 -0.042001273 -0.548229694 -0.861772776 -0.012080988 -0.507150590 -6.801708221
-0.506634712 0.040953513 0.861187577 55.162479401 0.009531866 0.999076188 -0.041903187 -0.607819319 -0.862108111 -0.013020884 -0.506557047 -7.318641663
-0.505275607 0.039252482 0.862064838 56.039417267 0.008876932 0.999148548 -0.040291358 -0.667570472 -0.862912357 -0.012705750 -0.505193830 -7.830041885
-0.503193259 0.037249837 0.863370717 56.924263000 0.008988596 0.999242127 -0.037873194 -0.725682735 -0.864127159 -0.011297043 -0.503146708 -8.341211319
-0.500962317 0.035537314 0.864739180 57.806221008 0.009492330 0.999322116 -0.035569016 -0.787215590 -0.865417004 -0.009610348 -0.500960112 -8.846395493
-0.498397052 0.035168383 0.866235256 58.698120117 0.009647656 0.999339998 -0.035021443 -0.844256997 -0.866895199 -0.009097443 -0.498407394 -9.354858398
-0.496154547 0.035564195 0.867505550 59.581569672 0.009679792 0.999325216 -0.035432078 -0.896857142 -0.868180275 -0.009182512 -0.496163994 -9.858678818
-0.495027900 0.036052581 0.868128777 60.466716766 0.010267011 0.999311745 -0.035645992 -0.954037189 -0.868816435 -0.008732672 -0.495057344 -10.365873337
-0.496351928 0.038037509 0.867287695 61.338829041 0.009529259 0.999218166 -0.038370088 -1.015511751 -0.868069112 -0.010780458 -0.496326327 -10.857086182
-0.499248058 0.039661631 0.865550876 62.209312439 0.008324037 0.999125242 -0.040981043 -1.072867155 -0.866419137 -0.013254829 -0.499141484 -11.354114532
-0.503918350 0.040074162 0.862821162 63.075096130 0.007292071 0.999084949 -0.042144172 -1.136476040 -0.863720536 -0.014945468 -0.503749430 -11.851163864
-0.509975195 0.038838223 0.859311879 63.948368073 0.007710308 0.999146461 -0.040582482 -1.180884123 -0.860154569 -0.014070500 -0.509839356 -12.351406097
-0.515354514 0.036492631 0.856199741 64.802383423 0.008835222 0.999266088 -0.037272349 -1.240630031 -0.856931508 -0.011643760 -0.515298724 -12.865745544
-0.521292329 0.033636190 0.852715015 65.645912170 0.006545516 0.999351144 -0.035418909 -1.302805781 -0.853353083 -0.012882147 -0.521174252 -13.361955643
-0.525780261 0.037617713 0.849788189 66.513549805 0.009109626 0.999213398 -0.038596042 -1.350941539 -0.850571632 -0.012551785 -0.525709391 -13.899406433
-0.531057715 0.039500214 0.846414447 67.353378296 0.009671127 0.999130309 -0.040559247 -1.401455402 -0.847280443 -0.013353519 -0.530977905 -14.420108795
-0.536039829 0.040115401 0.843239009 68.172615051 0.007787623 0.999062777 -0.042577881 -1.464163065 -0.844156802 -0.016256612 -0.535849869 -14.925579071
-0.539508402 0.039906885 0.841033936 68.993545532 0.006612312 0.999046147 -0.043162853 -1.527284980 -0.841954231 -0.017725544 -0.539257705 -15.453001022
-0.542886794 0.039449718 0.838878810 69.817047119 0.007506934 0.999084115 -0.042125478 -1.582587242 -0.839772344 -0.016571958 -0.542685747 -15.976709366
-0.544638574 0.032570343 0.838038206 70.637016296 0.008525552 0.999409020 -0.033301283 -1.637836337 -0.838627517 -0.010992425 -0.544594347 -16.516672134
-0.547304213 0.023610184 0.836600661 71.464599609 0.007332203 0.999698937 -0.023416344 -1.687637091 -0.836901665 -0.006681738 -0.547312498 -17.043548584
-0.549023151 0.022311164 0.835509300 72.278030396 0.009160590 0.999744236 -0.020677306 -1.736050010 -0.835756958 -0.003698562 -0.549087107 -17.562198639
-0.550308406 0.026877373 0.834528744 73.088592529 0.008795645 0.999612927 -0.026394119 -1.774296999 -0.834915102 -0.007184688 -0.550331831 -18.080991745
-0.551678658 0.033481542 0.833384454 73.882659912 0.010658558 0.999395370 -0.033095405 -1.816241503 -0.833988667 -0.009375352 -0.551701963 -18.601757050
-0.552085340 0.037092663 0.832962155 74.670783997 0.016214876 0.999298692 -0.033752620 -1.863920093 -0.833629906 -0.005127949 -0.552299619 -19.128000259
-0.550845623 0.038778163 0.833705783 75.478576660 0.020438079 0.999247193 -0.032974157 -1.913432121 -0.834356904 -0.001124325 -0.551223516 -19.697042465
-0.550483942 0.035501029 0.834090590 76.272529602 0.018513050 0.999368846 -0.030317433 -1.949263811 -0.834640443 -0.001247699 -0.550793707 -20.219549179
-0.550269127 0.030980222 0.834412396 77.066802979 0.016816206 0.999519944 -0.026020600 -1.984133720 -0.834818006 -0.000286681 -0.550525963 -20.728784561
-0.549442351 0.024159156 0.835182309 77.856079102 0.013765562 0.999707937 -0.019862391 -2.026376724 -0.835418224 0.000583516 -0.549614429 -21.240152359
-0.549373627 0.018603496 0.835369706 78.650871277 0.005510213 0.999811053 -0.018641826 -2.067026138 -0.835558653 -0.005638262 -0.549372315 -21.737998962
-0.547816515 0.013810781 0.836484492 79.461624146 -0.002511310 0.999832094 -0.018152397 -2.080884695 -0.836594760 -0.012044854 -0.547689855 -22.247175217
-0.545617938 0.014549232 0.837907732 80.250770569 0.001516230 0.999864757 -0.016374096 -2.121923923 -0.838032663 -0.007663540 -0.545566261 -22.766071320
-0.542632103 0.017664930 0.839784741 81.037590027 0.005574950 0.999832571 -0.017429259 -2.160528183 -0.839951992 -0.004775918 -0.542639673 -23.276182175
-0.536828160 0.021090349 0.843427956 81.827888489 0.007878426 0.999769211 -0.019985253 -2.190054178 -0.843654811 -0.004083763 -0.536870480 -23.780956268
-0.529487789 0.023470208 0.847992837 82.633964539 0.012254061 0.999724507 -0.020018291 -2.219105244 -0.848229051 -0.000208085 -0.529629529 -24.282873154
-0.520541787 0.027109478 0.853405714 83.439750671 0.020133708 0.999607623 -0.019473042 -2.257868767 -0.853598773 0.007045689 -0.520883381 -24.802085876
-0.510848641 0.025806425 0.859283268 84.243927002 0.017270450 0.999655664 -0.019754782 -2.291097641 -0.859497190 0.004748503 -0.511118412 -25.274513245
-0.500035644 0.023533901 0.865684986 85.054412842 0.015656652 0.999713004 -0.018133920 -2.323047638 -0.865863264 0.004486122 -0.500260592 -25.730905533
-0.489232033 0.020104408 0.871921897 85.868133545 0.014872893 0.999781191 -0.014707412 -2.352240562 -0.872026861 0.005772664 -0.489424020 -26.168413162
-0.476883560 0.019799028 0.878743470 86.679183960 0.015090806 0.999783337 -0.014336585 -2.382081509 -0.878836930 0.006424066 -0.477079034 -26.623979568
-0.465125591 0.019241605 0.885035574 87.501617432 0.015438092 0.999788046 -0.013623039 -2.403589725 -0.885110080 0.007326836 -0.465324044 -27.047073364
-0.453664571 0.020241616 0.890942633 88.322273254 0.016537437 0.999761105 -0.014293098 -2.433754444 -0.891019046 0.008249634 -0.453890949 -27.453645706
-0.441030443 0.024294855 0.897163272 89.156196594 0.016283955 0.999685585 -0.019066203 -2.469172001 -0.897344410 0.006200591 -0.441287398 -27.867610931
-0.430205613 0.032835275 0.902133584 89.966995239 0.018456852 0.999449313 -0.027575687 -2.505278587 -0.902542233 0.004787331 -0.430574715 -28.239532471
-0.417723447 0.037367091 0.907805502 90.792709351 0.017883148 0.999298513 -0.032904260 -2.540334702 -0.908398211 0.002489538 -0.418098658 -28.611268997
-0.406398982 0.033585429 0.913078249 91.627151489 0.015329030 0.999434173 -0.029939080 -2.579464436 -0.913567126 0.001829394 -0.406683862 -28.972320557
-0.394787073 0.029494829 0.918299079 92.476470947 0.012415836 0.999564588 -0.026767287 -2.620043755 -0.918688774 0.000834072 -0.394981354 -29.332321167
-0.384136498 0.030193314 0.922782481 93.333366394 0.009450918 0.999541342 -0.028770620 -2.665826321 -0.923227966 -0.002330703 -0.384245664 -29.698173523
-0.377233714 0.034479354 0.925476015 94.170845032 0.004667154 0.999364793 -0.035329755 -2.713472843 -0.926106334 -0.009008236 -0.377155036 -30.026100159
-0.372163892 0.039615784 0.927321196 95.017257690 -0.001465938 0.999062359 -0.043268941 -2.754535198 -0.928165853 -0.017462533 -0.371756852 -30.348766327
-0.368780851 0.041495193 0.928589702 95.886001587 -0.004678500 0.998907566 -0.046495456 -2.812315464 -0.929504573 -0.021491041 -0.368183821 -30.691358566
-0.364730507 0.041436419 0.930190682 96.725318909 -0.005462934 0.998896897 -0.046639048 -2.869287968 -0.931097090 -0.022092255 -0.364101797 -31.016792297
-0.360001773 0.041411076 0.932032108 97.566413879 -0.006719658 0.998873413 -0.046976395 -2.923658848 -0.932927430 -0.023174522 -0.359317929 -31.329914093
-0.354124635 0.037195712 0.934458256 98.416717529 -0.009142947 0.999023259 -0.043230530 -2.976924181 -0.935153544 -0.023852699 -0.353438675 -31.648912430
-0.349247158 0.033667006 0.936425626 99.253166199 -0.009401866 0.999178112 -0.039429624 -3.030533791 -0.936983466 -0.022574833 -0.348643571 -31.949645996
-0.343679816 0.030622641 0.938587487 100.091796875 -0.011893527 0.999246061 -0.036956724 -3.080206156 -0.939011574 -0.023864396 -0.343056500 -32.245197296
-0.338229239 0.028507715 0.940631866 100.946197510 -0.020751987 0.999072075 -0.037740789 -3.128931284 -0.940834939 -0.032285020 -0.337323785 -32.529098511
-0.331939548 0.028651593 0.942865431 101.801315308 -0.027756667 0.998809159 -0.040123444 -3.177803993 -0.942892194 -0.039489359 -0.330748975 -32.812538147
-0.325381219 0.032696635 0.945017457 102.642051697 -0.025633981 0.998729706 -0.043381121 -3.230237007 -0.945235372 -0.038339961 -0.324129730 -33.093730927
-0.318458170 0.036055624 0.947250962 103.479454041 -0.024695866 0.998621643 -0.046313521 -3.277884483 -0.947615147 -0.038142100 -0.317128807 -33.372848511
-0.311902434 0.034372289 0.949492216 104.340499878 -0.026150145 0.998656273 -0.044742227 -3.328564882 -0.949754179 -0.038784567 -0.310584456 -33.645000458
-0.304516256 0.028981727 0.952066123 105.196601868 -0.027059497 0.998870373 -0.039061408 -3.385229111 -0.952122688 -0.037657265 -0.303388029 -33.914798737
-0.297580689 0.026222549 0.954336464 106.056617737 -0.027946949 0.998955071 -0.036162950 -3.438065290 -0.954287529 -0.037432190 -0.296536893 -34.173851013
-0.291361511 0.029702842 0.956151783 106.916496277 -0.029748706 0.998753071 -0.040091369 -3.481216669 -0.956150353 -0.040125359 -0.290114582 -34.424896240
-0.285236686 0.032559037 0.957903922 107.768707275 -0.029330684 0.998658240 -0.042678118 -3.530722618 -0.958008230 -0.040269341 -0.283898979 -34.668956757
-0.278253496 0.033053715 0.959938765 108.624794006 -0.031522583 0.998555064 -0.043520719 -3.580106020 -0.959990263 -0.042369541 -0.276809514 -34.907127380
-0.271281868 0.032941576 0.961936057 109.490303040 -0.031672794 0.998567343 -0.043128267 -3.631651163 -0.961978674 -0.042167123 -0.269849867 -35.149360657
-0.262664229 0.032729171 0.964332044 110.351432800 -0.027555322 0.998762488 -0.041403234 -3.685064554 -0.964493752 -0.037447628 -0.261437297 -35.388622284
-0.255218744 0.033889148 0.966289222 111.209220886 -0.024772542 0.998828292 -0.041573327 -3.736221552 -0.966565967 -0.034547731 -0.254080176 -35.611755371
-0.248401016 0.034781739 0.968032598 112.060813904 -0.023198836 0.998854876 -0.041842107 -3.784703255 -0.968379438 -0.032850850 -0.247309670 -35.823680878
-0.241839990 0.033628438 0.969733238 112.928146362 -0.029373039 0.998687506 -0.041957803 -3.834043026 -0.969871461 -0.038631085 -0.240534812 -36.023101807
-0.235790730 0.032415446 0.971263051 113.777252197 -0.032972429 0.998601258 -0.041332468 -3.877665281 -0.971244335 -0.041770715 -0.234392107 -36.218048096
-0.231293708 0.032358225 0.972345710 114.653625488 -0.030593090 0.998710573 -0.040512845 -3.929392099 -0.972402871 -0.039117426 -0.230005518 -36.420276642
-0.227581814 0.031873524 0.973237157 115.520767212 -0.029864170 0.998765528 -0.039693017 -3.986396313 -0.973300934 -0.038098328 -0.226348996 -36.612682343
-0.222339138 0.033959232 0.974377811 116.392662048 -0.028542005 0.998738170 -0.041321125 -4.031857014 -0.974551499 -0.036998000 -0.221089318 -36.814636230
-0.217079088 0.032812126 0.975602388 117.257843018 -0.022687282 0.998995364 -0.038646989 -4.078193665 -0.975890338 -0.030523222 -0.216116577 -36.992576599
-0.211735711 0.031783506 0.976810038 118.134140015 -0.015639167 0.999232888 -0.035903085 -4.122921944 -0.977201819 -0.022878461 -0.211076230 -37.189731598
-0.206412256 0.030816793 0.977979720 118.997566223 -0.013628083 0.999316394 -0.034365468 -4.171967030 -0.978370190 -0.020421444 -0.205851182 -37.384567261
-0.202443674 0.032167513 0.978765428 119.866203308 -0.015680259 0.999225795 -0.036083188 -4.216622829 -0.979168355 -0.022652108 -0.201782539 -37.555580139
-0.198614165 0.033640116 0.979500234 120.731788635 -0.017090591 0.999139905 -0.037780099 -4.266679287 -0.979928732 -0.024243901 -0.197868407 -37.723285675
-0.196725383 0.033182286 0.979896963 121.598884583 -0.019883635 0.999086559 -0.037823968 -4.311569691 -0.980256975 -0.026924847 -0.195885897 -37.888980865
-0.195983112 0.032157313 0.980079830 122.492980957 -0.019629387 0.999133229 -0.036707692 -4.355662346 -0.980410755 -0.026432455 -0.195182025 -38.062992096
-0.195023060 0.027046818 0.980425656 123.366928101 -0.018550100 0.999339163 -0.031258505 -4.406265736 -0.980623245 -0.024283122 -0.194392458 -38.234764099
-0.194211692 0.022094522 0.980710804 124.240371704 -0.020127511 0.999446094 -0.026502494 -4.447438240 -0.980753124 -0.024886360 -0.193659410 -38.400905609
-0.193483979 0.020351993 0.980892301 125.108932495 -0.019659998 0.999503613 -0.024616145 -4.486951828 -0.980906427 -0.024047172 -0.192987815 -38.567058563
-0.192141712 0.024892844 0.981051445 125.960494995 -0.019725399 0.999378324 -0.029221140 -4.529069901 -0.981168926 -0.024966231 -0.191531241 -38.731407166
-0.192092001 0.028593779 0.980960250 126.844459534 -0.019976540 0.999254405 -0.033038843 -4.570350170 -0.981173575 -0.025942689 -0.191377580 -38.900833130
-0.192619011 0.027800458 0.980879724 127.667160034 -0.023362549 0.999185324 -0.032907072 -4.609819412 -0.980995476 -0.029254379 -0.191812605 -39.041179657
-0.192472190 0.026343822 0.980948746 128.519042969 -0.025399202 0.999170959 -0.031816769 -4.658689022 -0.980973661 -0.031039160 -0.191643506 -39.196430206
-0.190858662 0.027791027 0.981224060 129.370086670 -0.020473216 0.999269009 -0.032284372 -4.697155952 -0.981404006 -0.026250565 -0.190150172 -39.377628326
-0.189282492 0.030194093 0.981458306 130.221740723 -0.022967890 0.999117494 -0.035166919 -4.736835480 -0.981654048 -0.029198509 -0.188421950 -39.546096802
-0.190243721 0.031591617 0.981228471 131.061019897 -0.030026859 0.998827279 -0.037979931 -4.781366825 -0.981277585 -0.036688652 -0.189072013 -39.685119629
-0.189367950 0.032666177 0.981362700 131.895797729 -0.036056396 0.998541057 -0.040195584 -4.830618382 -0.981243968 -0.042996157 -0.187913850 -39.835285187
-0.189053640 0.036563247 0.981285810 132.721740723 -0.031880978 0.998551190 -0.043348726 -4.881610870 -0.981449068 -0.039479584 -0.187614053 -39.989315033
-0.188949466 0.037733104 0.981261611 133.542221069 -0.030623991 0.998549044 -0.044294752 -4.932338238 -0.981509209 -0.038419615 -0.187519774 -40.141475677
-0.187094897 0.038651519 0.981581151 134.362731934 -0.032072425 0.998452604 -0.045429047 -4.980713844 -0.981818140 -0.039981231 -0.185565740 -40.293090820
-0.185265049 0.038468074 0.981935382 135.184722900 -0.022323215 0.998810887 -0.043340985 -5.031094551 -0.982434988 -0.029949525 -0.184186012 -40.452072144
-0.181469902 0.035210356 0.982765973 136.005233765 -0.016756788 0.999103010 -0.038889855 -5.083169937 -0.983253717 -0.023525339 -0.180717111 -40.613258362
-0.179755822 0.030141614 0.983249366 136.819122314 -0.013449641 0.999361753 -0.033094380 -5.131855011 -0.983619332 -0.019173257 -0.179235682 -40.760856628
-0.175936818 0.029611215 0.983955979 137.616683960 -0.009948180 0.999442935 -0.031856071 -5.178981781 -0.984351218 -0.015393227 -0.175544247 -40.906238556
-0.170620933 0.034628164 0.984728098 138.418411255 -0.008534104 0.999292850 -0.036619015 -5.225585461 -0.985299766 -0.014651742 -0.170204759 -41.049194336
-0.163660884 0.037943311 0.985786676 139.215591431 -0.007582539 0.999182165 -0.039717767 -5.266878605 -0.986487508 -0.013975011 -0.163239330 -41.179473877
-0.155750841 0.038993705 0.987026453 140.015365601 -0.007506314 0.999144971 -0.040656947 -5.303930283 -0.987767875 -0.013741284 -0.155324966 -41.297721863
-0.145915419 0.034952618 0.988679409 140.815948486 -0.005368648 0.999332964 -0.036121588 -5.345860004 -0.989282489 -0.010578568 -0.145630449 -41.413032532
-0.134081051 0.033554547 0.990402102 141.609298706 -0.002121465 0.999414563 -0.034147091 -5.390358448 -0.990968108 -0.006679581 -0.133931369 -41.518730164
-0.120153084 0.036103334 0.992098689 142.402725220 0.002067135 0.999345422 -0.036116697 -5.432162762 -0.992753208 -0.002288731 -0.120149069 -41.615215302
-0.106081955 0.037207514 0.993661046 143.189483643 0.001467961 0.999304473 -0.037262112 -5.472051144 -0.994356334 -0.002494182 -0.106062792 -41.693778992
-0.092178777 0.037015911 0.995054245 143.965957642 0.002673695 0.999314427 -0.036926705 -5.513501644 -0.995738864 -0.000743387 -0.092214547 -41.761848450
-0.078630760 0.038696725 0.996152461 144.746597290 0.003650992 0.999250829 -0.038528893 -5.558113575 -0.996897101 0.000607389 -0.078713134 -41.819141388
-0.065047681 0.044943482 0.996869564 145.524505615 0.000743570 0.998987138 -0.044990432 -5.610518456 -0.997881889 -0.002185281 -0.065015219 -41.858497620
-0.052321207 0.054177191 0.997159600 146.288360596 -0.006393747 0.998488665 -0.054584879 -5.657104492 -0.998609841 -0.009231533 -0.051895734 -41.882682800
-0.039183449 0.062072579 0.997302175 147.047683716 -0.010670581 0.997985780 -0.062534370 -5.708288193 -0.999175072 -0.013092105 -0.038442172 -41.890636444
-0.026099596 0.062751867 0.997687817 147.812530518 -0.011526560 0.997942567 -0.063069426 -5.761550426 -0.999592900 -0.013145995 -0.025322584 -41.902561188
-0.014051391 0.059100419 0.998153150 148.579650879 -0.015509621 0.998118699 -0.059316717 -5.817741394 -0.999780953 -0.016314460 -0.013108331 -41.903278351
-0.003408821 0.056520447 0.998395622 149.343444824 -0.019388461 0.998210013 -0.056576136 -5.879011631 -0.999806225 -0.019550214 -0.002306875 -41.891506195
0.005147421 0.063033842 0.997998118 150.092010498 -0.023380281 0.997746110 -0.062897332 -5.939458847 -0.999713421 -0.023009717 0.006609568 -41.871383667
0.011887376 0.071028851 0.997403443 150.838333130 -0.026479231 0.997146487 -0.070694961 -5.994978905 -0.999578655 -0.025570098 0.013734245 -41.852119446
0.015262666 0.073556237 0.997174263 151.593658447 -0.028928442 0.996905446 -0.073093630 -6.055523396 -0.999464929 -0.027731095 0.017343301 -41.836185455
0.015085272 0.069000669 0.997502565 152.347961426 -0.031261798 0.997160912 -0.068504266 -6.117088318 -0.999397397 -0.030150317 0.017199527 -41.816078186
0.013715682 0.064576931 0.997818470 153.104034424 -0.033212863 0.997391105 -0.064092740 -6.186897755 -0.999354184 -0.032261331 0.015824683 -41.802906036
0.010810991 0.061490472 0.998049140 153.863464355 -0.032022350 0.997616827 -0.061116967 -6.244494915 -0.999428689 -0.031299144 0.012754296 -41.795089722
0.008247628 0.061854150 0.998051107 154.607833862 -0.030158242 0.997646451 -0.061579850 -6.297840118 -0.999511123 -0.029591579 0.010093629 -41.791866302
0.004041497 0.061754152 0.998083234 155.349868774 -0.028787769 0.997684896 -0.061612938 -6.356645584 -0.999577403 -0.028483581 0.005809905 -41.781944275
-0.000226699 0.061077029 0.998133004 156.092453003 -0.028628068 0.997723579 -0.061058473 -6.407114506 -0.999590099 -0.028588463 0.001522334 -41.783493042
-0.005432066 0.061298303 0.998104692 156.830291748 -0.029367741 0.997679114 -0.061431997 -6.459309578 -0.999553919 -0.029645784 -0.003619266 -41.784511566
-0.011679687 0.059568349 0.998155892 157.580093384 -0.031083331 0.997719944 -0.059906043 -6.512101173 -0.999448538 -0.031725693 -0.009801473 -41.784568787
-0.017400492 0.056887157 0.998228967 158.325393677 -0.029810445 0.997906744 -0.057388432 -6.571465015 -0.999404132 -0.030756237 -0.015668238 -41.799495697
-0.022849271 0.056757141 0.998126507 159.057708740 -0.030554159 0.997881174 -0.057442639 -6.623574734 -0.999271929 -0.031809438 -0.021066690 -41.813255310
-0.028196584 0.058276802 0.997902155 159.780319214 -0.032428771 0.997720301 -0.059182484 -6.675202847 -0.999076247 -0.034029488 -0.026242459 -41.824989319
-0.032413930 0.060659658 0.997632086 160.513931274 -0.032854382 0.997552454 -0.061722286 -6.732831001 -0.998934388 -0.034777246 -0.030341661 -41.843368530
-0.034876034 0.062638104 0.997426748 161.231491089 -0.032517981 0.997434318 -0.063775599 -6.790841579 -0.998862445 -0.034658544 -0.032749686 -41.867534637
-0.035490517 0.063903578 0.997324824 161.949264526 -0.028752279 0.997475088 -0.064936377 -6.848949909 -0.998956323 -0.030979985 -0.033563532 -41.903579712
-0.035137594 0.062396172 0.997432709 162.677780151 -0.025681462 0.997663081 -0.063315287 -6.904928684 -0.999052465 -0.027840279 -0.033453055 -41.926666260
-0.031084698 0.058544695 0.997800708 163.403488159 -0.022640994 0.997985721 -0.059260890 -6.964051247 -0.999260306 -0.024433305 -0.029696574 -41.951225281
-0.023415873 0.058185689 0.998031139 164.104049683 -0.021742646 0.998039067 -0.058696277 -7.021646023 -0.999489367 -0.023074262 -0.022104846 -41.965038300
-0.012305328 0.059362687 0.998160660 164.800415039 -0.019380024 0.998034537 -0.059594106 -7.072216034 -0.999736488 -0.020077702 -0.011130692 -41.966094971
0.002030832 0.059329849 0.998236358 165.489105225 -0.017372565 0.998089850 -0.059285797 -7.125835419 -0.999846995 -0.017221527 0.003057664 -41.959808350
0.016907467 0.056926508 0.998235226 166.171524048 -0.018157760 0.998230755 -0.056618709 -7.177733421 -0.999692142 -0.017168434 0.017911211 -41.936565399
0.032642167 0.052101944 0.998108149 166.853988647 -0.023236357 0.998409986 -0.051357776 -7.225516319 -0.999196947 -0.021515967 0.033800926 -41.894302368
0.049104165 0.045311049 0.997765362 167.537658691 -0.024382086 0.998727143 -0.044154782 -7.271198750 -0.998495996 -0.022159416 0.050146438 -41.848911285
0.066987306 0.038602822 0.997006774 168.215545654 -0.024572911 0.999011993 -0.037029445 -7.305778503 -0.997451186 -0.022018855 0.067869708 -41.796913147
0.084459439 0.031097902 0.995941520 168.886901855 -0.024882479 0.999266982 -0.029091615 -7.341113091 -0.996116161 -0.022324432 0.085171327 -41.728603363
0.101553850 0.025428278 0.994504988 169.548248291 -0.026671054 0.999383569 -0.022829503 -7.373527527 -0.994472444 -0.024206072 0.102169447 -41.647567749
0.119226530 0.023843706 0.992580712 170.174758911 -0.028423432 0.999383807 -0.020592971 -7.404298306 -0.992460132 -0.025757324 0.119830787 -41.555740356
0.136789605 0.022321686 0.990348577 170.818161011 -0.027052777 0.999457359 -0.018790390 -7.429731846 -0.990230680 -0.024221351 0.137319237 -41.454509735
0.154641598 0.021920852 0.987727404 171.458297729 -0.027915927 0.999451578 -0.017810447 -7.449791908 -0.987576187 -0.024819091 0.155168727 -41.347061157
0.170139506 0.021138418 0.985193253 172.082962036 -0.033850964 0.999305189 -0.015595260 -7.472456932 -0.984838367 -0.030696370 0.170736849 -41.216918945
0.184760451 0.017405190 0.982629478 172.710159302 -0.035902452 0.999295294 -0.010949775 -7.493702412 -0.982127607 -0.033255722 0.185255140 -41.084320068
0.197400689 0.013246089 0.980233371 173.347305298 -0.031757072 0.999470294 -0.007110761 -7.514297485 -0.979808390 -0.029725675 0.197716787 -40.959018707
0.208491743 0.012025912 0.977950215 173.964370728 -0.029628007 0.999543130 -0.005974970 -7.531199455 -0.977575243 -0.027728982 0.208752796 -40.824783325
0.218340099 0.016311886 0.975736380 174.562545776 -0.034716956 0.999357224 -0.008938169 -7.550799370 -0.975255013 -0.031923037 0.218766049 -40.677963257
0.227419406 0.023214445 0.973520160 175.153778076 -0.038678974 0.999142230 -0.014789815 -7.571315765 -0.973028421 -0.034291271 0.228122234 -40.524391174
0.236497328 0.032968771 0.971072614 175.733200073 -0.039075736 0.998938322 -0.024398239 -7.594123363 -0.970846057 -0.032175262 0.237534523 -40.379676819
0.245092809 0.038436487 0.968737423 176.330657959 -0.032744743 0.998971879 -0.031351600 -7.614013672 -0.968946457 -0.024037005 0.246099427 -40.232543945
0.251081765 0.036496304 0.967277586 176.932769775 -0.032798216 0.999035895 -0.029180955 -7.634544849 -0.967410028 -0.024398174 0.252036721 -40.064533234
0.257312953 0.029351465 0.965882242 177.534591675 -0.035696473 0.999145091 -0.020852653 -7.651664734 -0.965668559 -0.029112933 0.258140713 -39.896362305
0.261859953 0.018610256 0.964926422 178.153869629 -0.039718568 0.999174833 -0.008492043 -7.679031372 -0.964288235 -0.036101770 0.262383044 -39.716396332
0.263971984 0.010647549 0.964471579 178.759704590 -0.039676528 0.999212563 -0.000171776 -7.697697163 -0.963713944 -0.038221542 0.264186561 -39.545959473
0.265018463 0.009722515 0.964194298 179.363250732 -0.035935007 0.999354124 -0.000199954 -7.717491150 -0.963573515 -0.034595340 0.265196681 -39.383983612
0.265682489 0.011800892 0.963988364 179.961441040 -0.032834552 0.999455750 -0.003185623 -7.730177879 -0.963501275 -0.030805763 0.265925348 -39.209896088
0.267653137 0.011378613 0.963448167 180.569030762 -0.029285366 0.999564350 -0.003669462 -7.735787392 -0.963070154 -0.027232789 0.267869771 -39.044857025
0.269562215 0.009059947 0.962940335 181.175460815 -0.031530198 0.999502659 -0.000577493 -7.741807938 -0.962466657 -0.030206030 0.269713789 -38.872131348
0.272094697 0.005494157 0.962254763 181.788909912 -0.031674426 0.999492943 0.003249733 -7.748822212 -0.961749017 -0.031363104 0.272130758 -38.690326691
0.275450796 0.000669999 0.961314917 182.390426636 -0.031533554 0.999467909 0.008338890 -7.759672642 -0.960797846 -0.032610629 0.275325358 -38.511013031
0.280067831 -0.002179367 0.959977746 183.012145996 -0.030025790 0.999488294 0.011028912 -7.763012886 -0.959510565 -0.031912934 0.279859066 -38.330852509
0.286274672 -0.004543770 0.958136797 183.616943359 -0.027399553 0.999540985 0.012926632 -7.761186123 -0.957755744 -0.029953087 0.286018759 -38.147613525
0.293987751 -0.007494039 0.955779791 184.241943359 -0.026189988 0.999530613 0.015892841 -7.764205933 -0.955450296 -0.029704163 0.293653488 -37.948928833
0.303976327 -0.009671741 0.952630460 184.864471436 -0.023320347 0.999573290 0.017589662 -7.768030643 -0.952394128 -0.027562516 0.303621083 -37.752384186
0.314989448 -0.007275763 0.949067295 185.477355957 -0.025004173 0.999559939 0.015961578 -7.768052101 -0.948765755 -0.028758371 0.314668894 -37.537307739
0.326435000 -0.003776599 0.945212126 186.089782715 -0.026080176 0.999575317 0.013000762 -7.771253586 -0.944859803 -0.028895201 0.326197863 -37.314189911
0.338460594 -0.000966977 0.940980077 186.722152710 -0.027109461 0.999574363 0.010778178 -7.772562504 -0.940589964 -0.029157450 0.338290304 -37.093070984
0.350200266 -0.000852880 0.936674476 187.338607788 -0.025541723 0.999619007 0.010459635 -7.770919323 -0.936326563 -0.027587246 0.350045055 -36.859367371
0.362166137 -0.003639414 0.932106435 187.977127075 -0.024600344 0.999606729 0.013461332 -7.766977310 -0.931788862 -0.027805377 0.361934185 -36.616561890
