1.000000000 0.000000000 0.000000000 0.000000000 0.000000000 1.000000000 0.000000000 0.000000000 0.000000000 0.000000000 1.000000000 0.000000000
0.999993443 -0.002261280 0.002826645 0.006755738 0.002262224 0.999997377 -0.000330821 -0.014407350 -0.002825889 0.000337213 0.999995947 0.249681756
0.999980390 -0.003974719 0.004843948 0.012565112 0.003982628 0.999990761 -0.001624140 -0.028041320 -0.004837448 0.001643400 0.999986947 0.510571539
0.999968886 -0.004304851 0.006611156 0.017342262 0.004323965 0.999986529 -0.002879651 -0.043025207 -0.006598671 0.002908148 0.999974012 0.775308907
0.999956429 -0.003509626 0.008648035 0.020866683 0.003539121 0.999987960 -0.003397685 -0.058002759 -0.008636007 0.003428144 0.999956846 1.050054789
0.999935448 -0.001597541 0.011247668 0.022205640 0.001631455 0.999994159 -0.003006692 -0.073533028 -0.011242799 0.003024848 0.999932230 1.335182071
0.999907494 -0.000253799 0.013600624 0.023878690 0.000289394 0.999996543 -0.002615281 -0.087121874 -0.013599913 0.002618975 0.999904096 1.630205274
0.999887645 -0.000518034 0.014981207 0.028175330 0.000570287 0.999993742 -0.003483879 -0.100992426 -0.014979309 0.003492031 0.999881685 1.931396723
0.999876261 -0.000554087 0.015722875 0.034909800 0.000632208 0.999987483 -0.004964072 -0.115202814 -0.015719928 0.004973398 0.999864042 2.238666296
0.999865651 -0.002253479 0.016236346 0.041170765 0.002354767 0.999977887 -0.006221937 -0.129599720 -0.016221967 0.006259333 0.999848843 2.556065083
0.999851942 -0.005778164 0.016206559 0.050707918 0.005879796 0.999963284 -0.006230411 -0.144682333 -0.016169963 0.006324780 0.999849260 2.885624409
0.999830127 -0.009131947 0.016008748 0.059243627 0.009219610 0.999942839 -0.005410707 -0.162072465 -0.015958423 0.005557382 0.999857187 3.219891787
0.999818146 -0.010103654 0.016174596 0.065781221 0.010169984 0.999940217 -0.004023895 -0.179575518 -0.016132973 0.004187659 0.999861062 3.560359001
0.999810100 -0.010349841 0.016511638 0.069708332 0.010399843 0.999941587 -0.002945323 -0.200122073 -0.016480189 0.003116482 0.999859333 3.908653021
0.999809146 -0.010141990 0.016696015 0.071803831 0.010200871 0.999942064 -0.003445243 -0.221268833 -0.016660105 0.003614899 0.999854684 4.268703938
0.999826312 -0.009175121 0.016223233 0.074327663 0.009250526 0.999946713 -0.004579118 -0.241862372 -0.016180355 0.004728396 0.999857903 4.633051395
0.999845862 -0.007876724 0.015692001 0.074920662 0.007963246 0.999953389 -0.005458954 -0.263207138 -0.015648272 0.005583072 0.999861956 5.003141403
0.999879956 -0.004639291 0.014782624 0.075986564 0.004738724 0.999966323 -0.006698458 -0.282892436 -0.014751051 0.006767705 0.999868274 5.386950493
0.999893427 -0.004266356 0.013961904 0.075225264 0.004381226 0.999956727 -0.008207185 -0.303510904 -0.013926284 0.008267481 0.999868870 5.776857853
0.999906600 -0.003935668 0.013088989 0.077810943 0.004054728 0.999950528 -0.009082134 -0.323729426 -0.013052597 0.009134358 0.999873102 6.172888279
0.999923229 -0.003578146 0.011863702 0.078484006 0.003689352 0.999949336 -0.009365014 -0.346473098 -0.011829591 0.009408063 0.999885798 6.575266838
0.999939620 -0.003984582 0.010239884 0.080621608 0.004082136 0.999946296 -0.009523720 -0.369775474 -0.010201386 0.009564945 0.999902189 6.990117073
0.999951303 -0.004771858 0.008639286 0.082370386 0.004855265 0.999941587 -0.009659301 -0.393992782 -0.008592688 0.009700777 0.999916017 7.409643173
0.999955356 -0.005790599 0.007470213 0.082017593 0.005858212 0.999941766 -0.009061053 -0.417791307 -0.007417310 0.009104411 0.999931037 7.828819275
0.999961734 -0.005625437 0.006702582 0.082335420 0.005676198 0.999955177 -0.007578502 -0.442574501 -0.006659649 0.007616257 0.999948800 8.258902550
0.999971926 -0.004495510 0.005991153 0.077584542 0.004530669 0.999972522 -0.005867865 -0.465801895 -0.005964609 0.005894844 0.999964833 8.703069687
0.999984443 -0.002958588 0.004733033 0.073635891 0.002978089 0.999987066 -0.004118558 -0.487384975 -0.004720787 0.004132589 0.999980330 9.150112152
0.999995053 -0.000540914 0.003093938 0.069579147 0.000550888 0.999994636 -0.003223746 -0.508032024 -0.003092177 0.003225434 0.999990046 9.598320961
0.999997973 0.000989566 0.001762528 0.061795827 -0.000984775 0.999995828 -0.002717317 -0.532732248 -0.001765209 0.002715576 0.999994755 10.048875809
0.999999821 0.000562788 -0.000178302 0.058305733 -0.000563210 0.999997020 -0.002377428 -0.558128357 0.000176963 0.002377528 0.999997139 10.507435799
0.999997079 -0.000334345 -0.002388983 0.054091617 0.000327950 0.999996364 -0.002676915 -0.585180640 0.002389869 0.002676124 0.999993563 10.973107338
0.999988973 -0.001181969 -0.004543426 0.049881864 0.001161757 0.999989450 -0.004448675 -0.610714555 0.004548636 0.004443347 0.999979794 11.443231583
0.999974012 -0.004044237 -0.005964023 0.042647608 0.003997356 0.999961197 -0.007851803 -0.638440967 0.005995546 0.007827759 0.999951363 11.917549133
0.999948084 -0.006579658 -0.007783718 0.037233114 0.006494456 0.999919295 -0.010921399 -0.668079138 0.007854949 0.010870281 0.999910057 12.392405510
0.999925375 -0.007289751 -0.009801158 0.029157296 0.007173551 0.999904156 -0.011838990 -0.696734428 0.009886522 0.011767798 0.999881864 12.884262085
0.999905646 -0.006916580 -0.011869506 0.017842516 0.006774988 0.999905884 -0.011928165 -0.724746585 0.011950891 0.011846623 0.999858379 13.382767677
0.999872148 -0.007819846 -0.013946990 0.006036371 0.007659396 0.999904275 -0.011520850 -0.751648903 0.014035746 0.011412553 0.999836385 13.889036179
0.999839723 -0.008012556 -0.016010769 -0.006394431 0.007847464 0.999915659 -0.010347698 -0.782301605 0.016092330 0.010220395 0.999818265 14.394723892
0.999807417 -0.007461361 -0.018151512 -0.021073028 0.007286422 0.999926567 -0.009684782 -0.812973499 0.018222440 0.009550656 0.999788344 14.901137352
0.999776125 -0.006104918 -0.020260142 -0.038017571 0.005905093 0.999933481 -0.009908183 -0.844681025 0.020319283 0.009786326 0.999745667 15.422020912
0.999730229 -0.006707598 -0.022237560 -0.054372549 0.006474514 0.999923527 -0.010537018 -0.877814233 0.022306537 0.010390199 0.999697208 15.947006226
0.999686420 -0.007170769 -0.023993092 -0.069991112 0.006896160 0.999909997 -0.011508604 -0.909876943 0.024073457 0.011339535 0.999645889 16.473245621
0.999664247 -0.006240792 -0.025148308 -0.087286800 0.005954894 0.999916971 -0.011427363 -0.941663563 0.025217535 0.011273772 0.999618411 17.007476807
0.999638081 -0.008108011 -0.025651131 -0.102031618 0.007844043 0.999915421 -0.010374629 -0.970111489 0.025733078 0.010169665 0.999617100 17.548370361
0.999628901 -0.009616738 -0.025486471 -0.117987782 0.009394170 0.999916792 -0.008838191 -1.003381729 0.025569346 0.008595486 0.999636114 18.085309982
0.999625385 -0.010295135 -0.025359001 -0.132705182 0.010085584 0.999914050 -0.008377478 -1.036211252 0.025443070 0.008118580 0.999643326 18.627773285
0.999632537 -0.008667543 -0.025682764 -0.152517110 0.008471742 0.999934316 -0.007722829 -1.067488790 0.025748014 0.007502414 0.999640286 19.176643372
0.999624312 -0.007893437 -0.026246406 -0.170262277 0.007705878 0.999944091 -0.007239525 -1.100253582 0.026302084 0.007034554 0.999629319 19.734643936
0.999607146 -0.007359290 -0.027044846 -0.188433796 0.007163007 0.999947369 -0.007347394 -1.133026958 0.027097493 0.007150785 0.999607205 20.293607712
0.999560952 -0.009535011 -0.028053662 -0.205772579 0.009311694 0.999924004 -0.008080263 -1.166921496 0.028128576 0.007815488 0.999573767 20.851861954
0.999527216 -0.010487801 -0.028902085 -0.223251402 0.010292513 0.999923229 -0.006897403 -1.200504065 0.028972205 0.006596668 0.999558449 21.417188644
0.999504089 -0.009876001 -0.029900610 -0.238575608 0.009731825 0.999940336 -0.004963532 -1.230766773 0.029947847 0.004670083 0.999540567 21.989912033
0.999462366 -0.011746436 -0.030609680 -0.254434317 0.011628129 0.999924242 -0.004040175 -1.262016296 0.030654820 0.003682070 0.999523222 22.563611984
0.999442399 -0.011523235 -0.031338669 -0.275953323 0.011449477 0.999931276 -0.002532023 -1.294432044 0.031365693 0.002171800 0.999505639 23.143365860
0.999406695 -0.011840848 -0.032342993 -0.298872471 0.011827724 0.999929845 -0.000597071 -1.323913336 0.032347795 0.000214172 0.999476671 23.724470139
0.999322355 -0.014528213 -0.033819340 -0.318920076 0.014546780 0.999894142 0.000303004 -1.354348183 0.033811361 -0.000794761 0.999427915 24.313924789
0.999263167 -0.016012268 -0.034881335 -0.344197273 0.015982946 0.999871612 -0.001119270 -1.387059093 0.034894779 0.000560938 0.999390841 24.895389557
0.999201655 -0.016964119 -0.036169611 -0.367077708 0.016884128 0.999854267 -0.002515870 -1.422432899 0.036207020 0.001903169 0.999342501 25.477926254
0.999155819 -0.018043755 -0.036905669 -0.394797027 0.017904760 0.999831319 -0.004093294 -1.455993414 0.036973301 0.003429051 0.999310374 26.078521729
0.999082685 -0.019409908 -0.038170926 -0.418500423 0.019232523 0.999802470 -0.005008896 -1.488575935 0.038260613 0.004270178 0.999258697 26.689559937
0.998966873 -0.021882137 -0.039829217 -0.441784501 0.021719186 0.999753892 -0.004519425 -1.521345258 0.039918311 0.003649698 0.999196291 27.289926529
0.998888791 -0.022934599 -0.041173074 -0.468275309 0.022859130 0.999736071 -0.002302880 -1.554819226 0.041215021 0.001359141 0.999149382 27.895250320
0.998857737 -0.022333445 -0.042243276 -0.499377668 0.022334266 0.999750435 -0.000452554 -1.588428617 0.042242840 -0.000491436 0.999107242 28.503784180
0.998850346 -0.020343980 -0.043405876 -0.529230535 0.020360583 0.999792695 -0.000059591 -1.623926044 0.043398090 -0.000824247 0.999057531 29.114679337
0.998829007 -0.019093873 -0.044452958 -0.562011659 0.019094916 0.999817610 -0.000401160 -1.659876704 0.044452507 -0.000448136 0.999011397 29.719291687
0.998779297 -0.018795144 -0.045680035 -0.593402982 0.018761834 0.999823332 -0.001157854 -1.694473386 0.045693725 0.000299399 0.998955429 30.331485748
0.998728037 -0.018572306 -0.046876580 -0.625886798 0.018526811 0.999827385 -0.001404837 -1.729002118 0.046894580 0.000534577 0.998899698 30.943857193
0.998703539 -0.017468531 -0.047813360 -0.659780383 0.017439606 0.999847412 -0.001022109 -1.762125134 0.047823917 0.000186938 0.998855770 31.559038162
0.998682857 -0.016925404 -0.048435997 -0.695317149 0.016958898 0.999856174 0.000280600 -1.795770645 0.048424281 -0.001101652 0.998826265 32.175163269
0.998626947 -0.017346827 -0.049430314 -0.728806317 0.017466154 0.999845505 0.001983087 -1.828539371 0.049388278 -0.002843721 0.998775601 32.791305542
0.998592496 -0.016170869 -0.050512828 -0.764755249 0.016369382 0.999859810 0.003518731 -1.860645294 0.050448846 -0.004340642 0.998717189 33.412567139
0.998519778 -0.016373385 -0.051866692 -0.801382184 0.016632793 0.999851227 0.004573754 -1.895671248 0.051784083 -0.005429672 0.998643517 34.030063629
0.998448253 -0.016819565 -0.053086381 -0.836569786 0.017131327 0.999838531 0.005423120 -1.924261093 0.052986596 -0.006324145 0.998575211 34.659812927
0.998410225 -0.015998313 -0.054047212 -0.873203754 0.016360784 0.999846518 0.006270753 -1.956002951 0.053938594 -0.007145038 0.998518705 35.285644531
0.998351097 -0.016152512 -0.055083096 -0.909230113 0.016516116 0.999844670 0.006152146 -1.988128781 0.054975167 -0.007051761 0.998462796 35.907222748
0.998362422 -0.014447712 -0.055351429 -0.951603770 0.014806569 0.999871910 0.006078606 -2.018811226 0.055256516 -0.006888216 0.998448431 36.533176422
0.998337746 -0.013499573 -0.056031767 -0.992878675 0.013884113 0.999882638 0.006479270 -2.050280571 0.055937726 -0.007246451 0.998407960 37.160625458
0.998276651 -0.015350430 -0.056640081 -1.027616858 0.015750395 0.999854028 0.006621845 -2.082001925 0.056530166 -0.007502537 0.998372674 37.787998199
0.998229980 -0.016986346 -0.056994930 -1.063061953 0.017372638 0.999829292 0.006288993 -2.112629414 0.056878377 -0.007268014 0.998354673 38.414878845
0.998199284 -0.016641673 -0.057629898 -1.101237655 0.016979204 0.999841392 0.005372153 -2.143861771 0.057531357 -0.006340989 0.998323560 39.051753998
0.998251557 -0.013629792 -0.057515983 -1.145376921 0.013895445 0.999894559 0.004221333 -2.176496983 0.057452381 -0.005013162 0.998335660 39.679470062
0.998243093 -0.012605962 -0.057895061 -1.187533617 0.012780330 0.999914825 0.002642498 -2.210402966 0.057856821 -0.003377773 0.998319149 40.315128326
0.998217642 -0.012059571 -0.058447227 -1.231407762 0.012163864 0.999925017 0.001428941 -2.244368553 0.058425609 -0.002137338 0.998289466 40.949924469
0.998162150 -0.012346893 -0.059328705 -1.270685196 0.012501438 0.999919355 0.002234412 -2.276097536 0.059296332 -0.002972000 0.998236001 41.591850281
0.998122454 -0.012018597 -0.060059428 -1.310528398 0.012274737 0.999917090 0.003897640 -2.310538054 0.060007606 -0.004627536 0.998187184 42.236427307
0.998098671 -0.011569325 -0.060540911 -1.350923657 0.011913781 0.999914825 0.005331765 -2.343208313 0.060474068 -0.006042899 0.998151481 42.875774384
0.998090267 -0.010768567 -0.060826134 -1.393863201 0.011160675 0.999919057 0.006110306 -2.377230644 0.060755413 -0.006777498 0.998129666 43.518051147
0.998054922 -0.011969748 -0.061180569 -1.435032129 0.012303120 0.999911427 0.005075159 -2.407523394 0.061114404 -0.005817999 0.998113811 44.163722992
0.998021305 -0.012753480 -0.061569214 -1.475888014 0.013018994 0.999907613 0.003913184 -2.443818808 0.061513618 -0.004707010 0.998095155 44.801197052
0.997939229 -0.014792953 -0.062437396 -1.513111591 0.015070879 0.999878526 0.003982643 -2.476393700 0.062370896 -0.004915422 0.998040915 45.445339203
0.997881055 -0.016379116 -0.062969491 -1.552333236 0.016738025 0.999846518 0.005176417 -2.507220507 0.062875040 -0.006219433 0.998002052 46.086887360
0.997865498 -0.015878594 -0.063342571 -1.593158364 0.016382465 0.999838114 0.007443242 -2.538141012 0.063214123 -0.008465062 0.997964084 46.724811554
0.997862697 -0.014367891 -0.063746676 -1.639322639 0.015013409 0.999840617 0.009658829 -2.569524527 0.063597739 -0.010595241 0.997919381 47.365409851
0.997843683 -0.013927693 -0.064140737 -1.684120417 0.014638367 0.999836445 0.010623317 -2.603398561 0.063982286 -0.011539326 0.997884333 48.002204895
0.997779727 -0.013688746 -0.065178119 -1.725250244 0.014367269 0.999847233 0.009952970 -2.635484219 0.065031923 -0.010867303 0.997824013 48.636180878
0.997753739 -0.013685229 -0.065576009 -1.768855214 0.014246448 0.999865711 0.008098309 -2.668990850 0.065456383 -0.009014344 0.997814715 49.266410828
0.997715592 -0.014319834 -0.066019125 -1.810439944 0.014729024 0.999875188 0.005715468 -2.702948332 0.065929040 -0.006674808 0.997801960 49.891796112
0.997703254 -0.014574983 -0.066149630 -1.854290485 0.014867549 0.999881744 0.003932640 -2.735436678 0.066084489 -0.004907091 0.997801960 50.514244080
0.997664809 -0.014915537 -0.066652119 -1.897693634 0.015216663 0.999876142 0.004012468 -2.767843485 0.066584013 -0.005017322 0.997768223 51.141952515
0.997632563 -0.015763689 -0.066938579 -1.941552281 0.016145540 0.999856293 0.005167324 -2.799541473 0.066847503 -0.006235850 0.997743726 51.763488770
0.997606099 -0.014311979 -0.067655213 -1.986191154 0.014814508 0.999866247 0.006931909 -2.832413673 0.067546949 -0.007917593 0.997684658 52.389041901
0.997582674 -0.013321220 -0.068201266 -2.031784296 0.013993686 0.999857962 0.009391768 -2.867163658 0.068066470 -0.010323452 0.997627378 53.013526917
0.997539222 -0.013765352 -0.068746261 -2.069963932 0.014499504 0.999842942 0.010191600 -2.897138119 0.068595171 -0.011163307 0.997582138 53.635692596
0.997509599 -0.014195890 -0.069087572 -2.114195824 0.014903714 0.999841511 0.009740653 -2.926405430 0.068938337 -0.010746056 0.997563064 54.261215210
0.997533917 -0.013006112 -0.068970084 -2.159570217 0.013660863 0.999865890 0.009030106 -2.957685471 0.068843387 -0.009950029 0.997577846 54.872116089
0.997559845 -0.013006125 -0.068594672 -2.204851151 0.013537994 0.999881744 0.007294619 -2.988904953 0.068491682 -0.008205453 0.997617960 55.490627289
0.997559071 -0.014557132 -0.068293780 -2.249286652 0.014963386 0.999873221 0.005440809 -3.022061348 0.068205923 -0.006449434 0.997650445 56.108959198
0.997551680 -0.014585986 -0.068394743 -2.290857553 0.014884801 0.999881744 0.003861362 -3.053284407 0.068330340 -0.004869950 0.997650862 56.723369598
0.997535944 -0.014644426 -0.068611421 -2.334039211 0.014859414 0.999886155 0.002624053 -3.084100008 0.068565182 -0.003637112 0.997640014 57.351085663
0.997515440 -0.014799612 -0.068876401 -2.377071857 0.014989560 0.999885142 0.002241777 -3.118505001 0.068835311 -0.003268634 0.997622669 57.976253510
0.997520030 -0.014752849 -0.068820007 -2.423501492 0.014918886 0.999886930 0.001899248 -3.152896881 0.068784207 -0.002921256 0.997627258 58.601318359
0.997520745 -0.014191470 -0.068927005 -2.470148802 0.014351794 0.999895334 0.001831316 -3.187320471 0.068893805 -0.002816002 0.997620046 59.218002319
0.997488499 -0.013230395 -0.069581680 -2.513428211 0.013428653 0.999907017 0.002382268 -3.221683741 0.069543689 -0.003310673 0.997573435 59.835899353
0.997479200 -0.013684205 -0.069627434 -2.561403751 0.013916469 0.999899089 0.002851811 -3.255046844 0.069581382 -0.003813590 0.997568965 60.463798523
0.997436941 -0.015892029 -0.069763526 -2.603261471 0.016076295 0.999868631 0.002080595 -3.290845394 0.069721289 -0.003196801 0.997561395 61.081764221
0.997352540 -0.019219924 -0.070131905 -2.643799782 0.019327918 0.999812841 0.000861556 -3.326277494 0.070102222 -0.002214778 0.997537374 61.701030731
0.997360528 -0.020880895 -0.069540881 -2.690300226 0.020965660 0.999780059 0.000489190 -3.361030579 0.069515370 -0.001945869 0.997578979 62.314556122
0.997400224 -0.018408217 -0.069669880 -2.737544298 0.018587908 0.999825358 0.001931695 -3.392913580 0.069622159 -0.003221690 0.997568250 62.934131622
0.997453690 -0.016447717 -0.069394253 -2.785359859 0.016866820 0.999842823 0.005457798 -3.421289206 0.069293573 -0.006614360 0.997574389 63.565242767
0.997448206 -0.014884895 -0.069825269 -2.832737207 0.015617603 0.999828458 0.009959271 -3.449682474 0.069665045 -0.011024361 0.997509539 64.195220947
0.997403264 -0.015576767 -0.070314258 -2.878688335 0.016535854 0.999777734 0.013078580 -3.480211258 0.070094906 -0.014207325 0.997439146 64.824325562
0.997397244 -0.015332169 -0.070453629 -2.923594713 0.016384168 0.999762356 0.014378231 -3.507872343 0.070216440 -0.015495132 0.997411430 65.449050903
0.997383535 -0.016678959 -0.070341416 -2.966719627 0.017739410 0.999737799 0.014478082 -3.536885977 0.070081495 -0.015688015 0.997417927 66.083099365
0.997403681 -0.017526267 -0.069848143 -3.013053417 0.018385360 0.999762774 0.011675561 -3.563221931 0.069626950 -0.012929430 0.997489333 66.711387634
0.997481227 -0.014471343 -0.069438785 -3.061786890 0.015151565 0.999842167 0.009279305 -3.594795704 0.069293544 -0.010308039 0.997543037 67.328125000
0.997566700 -0.011048149 -0.068837523 -3.111805439 0.011622758 0.999900818 0.007952380 -3.623982430 0.068742834 -0.008733111 0.997596204 67.953430176
0.997576714 -0.008382377 -0.069068134 -3.160773754 0.008784898 0.999946117 0.005526191 -3.654152393 0.069018088 -0.006119555 0.997596622 68.578491211
0.997556746 -0.006208953 -0.069584735 -3.210420132 0.006596482 0.999963999 0.005340771 -3.686074972 0.069549069 -0.005786736 0.997561753 69.207839966
0.997576475 -0.002059788 -0.069547653 -3.260474443 0.002586046 0.999968708 0.007477676 -3.715149403 0.069530070 -0.007639407 0.997550607 69.838714600
0.997596622 -0.000394290 -0.069287643 -3.311426163 0.001081864 0.999950528 0.009886235 -3.743373394 0.069280311 -0.009937435 0.997547746 70.478645325
0.997640371 0.000105512 -0.068656042 -3.357373714 0.000688900 0.999933064 0.011547125 -3.773930550 0.068652667 -0.011567175 0.997573555 71.116859436
0.997700870 -0.001665465 -0.067751102 -3.402221203 0.002389426 0.999940872 0.010605964 -3.808308601 0.067729436 -0.010743466 0.997645855 71.733642578
0.997727990 -0.001523562 -0.067353457 -3.447821617 0.002000262 0.999973416 0.007010709 -3.846159935 0.067340985 -0.007129505 0.997704566 72.357933044
0.997738004 -0.001529061 -0.067205608 -3.492780685 0.001671823 0.999996483 0.002068062 -3.878638506 0.067202210 -0.002175740 0.997736990 72.979598999
0.997742712 0.000092085 -0.067153037 -3.541345596 -0.000071659 0.999999940 0.000306568 -3.912714243 0.067153059 -0.000301064 0.997742653 73.607009888
0.997706473 0.003559655 -0.067595705 -3.591910839 -0.003395450 0.999991000 0.002543946 -3.944483280 0.067604154 -0.002308594 0.997709572 74.229812622
0.997652471 0.003925400 -0.068367481 -3.635939360 -0.003471819 0.999971151 0.006752005 -3.972758293 0.068392009 -0.006498795 0.997637331 74.861198425
0.997643709 0.002477261 -0.068562999 -3.681155920 -0.001695701 0.999932945 0.011455001 -4.005792618 0.068586774 -0.011311748 0.997581005 75.489715576
0.997612476 0.002953401 -0.068997018 -3.726182699 -0.001983842 0.999898374 0.014116473 -4.035350323 0.069031693 -0.013945891 0.997516990 76.116165161
0.997591615 0.003824001 -0.069255829 -3.775834322 -0.002839714 0.999893665 0.014305213 -4.064962387 0.069303162 -0.014074094 0.997496367 76.744697571
0.997547328 0.001096680 -0.069986857 -3.821519375 -0.000229736 0.999923170 0.012394086 -4.096169949 0.069995068 -0.012347609 0.997470915 77.369171143
0.997461200 -0.003216202 -0.071139626 -3.864257812 0.003840242 0.999955297 0.008637012 -4.129676819 0.071108669 -0.008888277 0.997428954 77.989524841
0.997396171 -0.004520698 -0.071974970 -3.912391186 0.004910814 0.999974191 0.005244127 -4.162401199 0.071949407 -0.005583928 0.997392654 78.607795715
0.997328699 -0.005592558 -0.072829977 -3.956326485 0.005853461 0.999977171 0.003369415 -4.193408012 0.072809473 -0.003786722 0.997338653 79.231224060
0.997251987 -0.008690867 -0.073572539 -4.003154755 0.008912269 0.999956667 0.002681534 -4.225961685 0.073546045 -0.003329863 0.997286260 79.852088928
0.997137070 -0.010895951 -0.074825823 -4.048797131 0.011338175 0.999920666 0.005487795 -4.256896496 0.074760094 -0.006320472 0.997181535 80.478630066
0.997041941 -0.009863250 -0.076224044 -4.099553108 0.010641916 0.999895215 0.009816063 -4.286878586 0.076119237 -0.010598196 0.997042418 81.109039307
0.996989191 -0.008263689 -0.077099107 -4.156002045 0.009294913 0.999871969 0.013026050 -4.315628529 0.076981589 -0.013703461 0.996938348 81.739364624
0.996904492 -0.008906897 -0.078115851 -4.206209183 0.010204760 0.999816179 0.016231162 -4.346222878 0.077956922 -0.016978072 0.996812165 82.364860535
0.996850789 -0.008992321 -0.078788362 -4.258737564 0.010379017 0.999798059 0.017208457 -4.373152733 0.078617707 -0.017972011 0.996742845 82.989227295
0.996803939 -0.007990330 -0.079486266 -4.312022686 0.009286813 0.999829590 0.015954489 -4.398211956 0.079345241 -0.016641671 0.996708274 83.613128662
0.996761084 -0.007436033 -0.080074944 -4.365456104 0.008544949 0.999872148 0.013514725 -4.426135540 0.079964213 -0.014155188 0.996697247 84.232048035
0.996764779 -0.005588842 -0.080179259 -4.420531750 0.006521574 0.999914050 0.011375936 -4.453724861 0.080108784 -0.011862027 0.996715546 84.855155945
0.996786714 -0.003862864 -0.080008373 -4.474269390 0.004656543 0.999941766 0.009735745 -4.482272148 0.079966106 -0.010077024 0.996746659 85.482627869
0.996830463 -0.002160141 -0.079526186 -4.529624462 0.002773926 0.999967217 0.007608355 -4.510597229 0.079507142 -0.007804839 0.996803761 86.108772278
0.996884227 -0.001305797 -0.078867815 -4.584465027 0.001775984 0.999981046 0.005891859 -4.540554523 0.078858621 -0.006013569 0.996867657 86.735435486
0.996949971 -0.002228766 -0.078011550 -4.634127617 0.002578177 0.999987066 0.004378536 -4.574057102 0.078000784 -0.004566309 0.996942818 87.365684509
0.996992946 -0.002319877 -0.077457912 -4.683714867 0.002563218 0.999992073 0.003042324 -4.607470036 0.077450238 -0.003231717 0.996990979 87.988975525
0.997047603 -0.001738563 -0.076766118 -4.731144905 0.001956971 0.999994278 0.002769976 -4.639674187 0.076760866 -0.002912027 0.997045279 88.616722107
0.997157812 -0.002178976 -0.075309679 -4.784865856 0.002396411 0.999993205 0.002796956 -4.673336029 0.075303070 -0.002969480 0.997156262 89.250572205
0.997242630 -0.000871837 -0.074204654 -4.831720352 0.001076391 0.999995708 0.002716675 -4.708163261 0.074201971 -0.002789057 0.997239351 89.888580322
0.997337580 0.002022784 -0.072895013 -4.880883694 -0.001921593 0.999997079 0.001458278 -4.743627548 0.072897755 -0.001314321 0.997338533 90.524269104
0.997460544 0.005623400 -0.070998579 -4.932627678 -0.005714653 0.999983072 -0.001082223 -4.783452988 0.070991293 0.001485207 0.997475803 91.150260925
0.997594118 0.006456883 -0.069023587 -4.981088638 -0.006726637 0.999970615 -0.003676431 -4.821999073 0.068997823 0.004131883 0.997608244 91.773078918
0.997707844 0.006123766 -0.067390919 -5.023394108 -0.006500412 0.999964476 -0.005371101 -4.860031605 0.067355633 0.005796858 0.997712195 92.415390015
0.997821748 0.005565455 -0.065732792 -5.065189838 -0.005839836 0.999975026 -0.003982787 -4.894389629 0.065708980 0.004357980 0.997829318 93.062988281
0.997954011 0.004238517 -0.063794859 -5.110298157 -0.004229116 0.999991000 0.000282395 -4.926335335 0.063795477 -0.000012021 0.997963011 93.703758240
0.998044252 0.002924253 -0.062442698 -5.149541855 -0.002567508 0.999979913 0.005792625 -4.956886292 0.062458385 -0.005620975 0.998031735 94.347755432
0.998121083 0.000948335 -0.061265022 -5.188330173 -0.000293461 0.999942720 0.010697322 -4.987075329 0.061271656 -0.010659243 0.998064220 94.988868713
0.998160362 -0.002631252 -0.060572371 -5.220672607 0.003371194 0.999920905 0.012116891 -5.018587112 0.060535699 -0.012298802 0.998090267 95.623130798
0.998193383 -0.006165195 -0.059765488 -5.255215645 0.006716314 0.999936700 0.009024865 -5.053609371 0.059706066 -0.009409965 0.998171628 96.259849548
0.998227239 -0.008984016 -0.058835503 -5.288337231 0.009189769 0.999952555 0.003227418 -5.086238861 0.058803719 -0.003762381 0.998262465 96.898361206
0.998269558 -0.012363864 -0.057489198 -5.319614887 0.012236797 0.999921858 -0.002561800 -5.122698307 0.057516377 0.001853883 0.998342812 97.533538818
0.998338580 -0.013612567 -0.055989362 -5.356225014 0.013301589 0.999893963 -0.005923172 -5.157051563 0.056064054 0.005168584 0.998413801 98.168975830
0.998399138 -0.013515133 -0.054922547 -5.389995575 0.013240431 0.999897957 -0.005362458 -5.193786621 0.054989416 0.004626676 0.998476207 98.814125061
0.998472571 -0.013485926 -0.053578630 -5.428354740 0.013340105 0.999906301 -0.003078337 -5.231362820 0.053615123 0.002358890 0.998558879 99.470878601
0.998523295 -0.012910954 -0.052769262 -5.463343620 0.013010245 0.999914169 0.001538521 -5.265164852 0.052744869 -0.002222791 0.998605549 100.126243591
0.998603165 -0.010934716 -0.051692616 -5.500368595 0.011246105 0.999920309 0.005736813 -5.300615788 0.051625766 -0.006310141 0.998646557 100.773727417
0.998654008 -0.010368934 -0.050820440 -5.534394264 0.010799222 0.999908090 0.008199544 -5.332635403 0.050730746 -0.008737328 0.998674154 101.427726746
0.998708904 -0.009805073 -0.049844176 -5.570079327 0.010259015 0.999908149 0.008859557 -5.364911079 0.049752727 -0.009359471 0.998717725 102.085029602
0.998767197 -0.008658170 -0.048879229 -5.601470470 0.009009931 0.999935031 0.006980818 -5.396451950 0.048815612 -0.007412611 0.998780310 102.737510681
0.998823524 -0.007089735 -0.047971558 -5.635365009 0.007275207 0.999966741 0.003692796 -5.430575848 0.047943778 -0.004037455 0.998841882 103.388534546
0.998863518 -0.005293607 -0.047367793 -5.668142319 0.005295024 0.999985993 -0.000095556 -5.465144157 0.047367632 -0.000155366 0.998877525 104.042137146
0.998908281 -0.003473112 -0.046585247 -5.703491688 0.003302089 0.999987543 -0.003747628 -5.498920918 0.046597682 0.003589708 0.998907268 104.696327209
0.998938143 -0.004411590 -0.045859817 -5.735879898 0.004136798 0.999972939 -0.006085170 -5.538624287 0.045885421 0.005888996 0.998929322 105.351074219
0.998944640 -0.007045519 -0.045387048 -5.765913963 0.006747151 0.999954641 -0.006723685 -5.576999664 0.045432359 0.006410355 0.998946846 106.012535095
0.998975515 -0.007641901 -0.044603642 -5.798942089 0.007457206 0.999962926 -0.004305745 -5.613411427 0.044634894 0.003968715 0.998995483 106.678291321
0.998992562 -0.008876204 -0.043989081 -5.825782299 0.008873529 0.999960601 -0.000256106 -5.648551941 0.043989621 -0.000134490 0.999031961 107.341629028
0.999015391 -0.009867466 -0.043254260 -5.856039524 0.010047656 0.999941707 0.003950394 -5.684735298 0.043212760 -0.004381108 0.999056280 107.998939514
0.999010623 -0.011854369 -0.042863131 -5.886047840 0.012162476 0.999902010 0.006934511 -5.720508575 0.042776726 -0.007448972 0.999056876 108.657241821
0.999003708 -0.013362026 -0.042579412 -5.913877487 0.013697812 0.999877274 0.007604139 -5.755426884 0.042472579 -0.008179808 0.999064147 109.316551208
0.998993754 -0.014962032 -0.042280454 -5.941485882 0.015274131 0.999858379 0.007068256 -5.789436340 0.042168710 -0.007706941 0.999080777 109.969871521
0.998995721 -0.016022477 -0.041842740 -5.970761299 0.016311293 0.999845386 0.006570132 -5.821482658 0.041731000 -0.007246043 0.999102592 110.635879517
0.999005973 -0.016962526 -0.041223235 -6.000126839 0.017215740 0.999835014 0.005795270 -5.852473736 0.041118134 -0.006499197 0.999133170 111.301979065
0.999011576 -0.017476849 -0.040871304 -6.028756142 0.017719194 0.999827445 0.005574728 -5.886062145 0.040766824 -0.006293424 0.999148846 111.963821411
0.999038637 -0.017058033 -0.040383495 -6.058777809 0.017299717 0.999834418 0.005642836 -5.920862675 0.040280551 -0.006336034 0.999168336 112.629684448
0.999038756 -0.017571844 -0.040159348 -6.084555626 0.017792962 0.999828398 0.005155231 -5.951601505 0.040061872 -0.005864830 0.999179959 113.297004700
0.999042094 -0.017696101 -0.040022518 -6.113552094 0.017917896 0.999826014 0.005189810 -5.985649109 0.039923716 -0.005901958 0.999185324 113.956695557
0.999007821 -0.019505810 -0.040035583 -6.142404079 0.019723443 0.999792755 0.005048212 -6.020187855 0.039928813 -0.005832843 0.999185503 114.622055054
0.998987377 -0.021139136 -0.039716549 -6.169823170 0.021319879 0.999764144 0.004132756 -6.053848743 0.039619818 -0.004975324 0.999202430 115.278968811
0.998952985 -0.022288572 -0.039951209 -6.194364548 0.022442307 0.999742329 0.003403644 -6.089005470 0.039865050 -0.004296678 0.999195814 115.952178955
0.998974919 -0.022344029 -0.039368577 -6.223443508 0.022449754 0.999745429 0.002245466 -6.125249386 0.039308384 -0.003126980 0.999222219 116.610237122
0.998942554 -0.024007436 -0.039209325 -6.249556065 0.024047107 0.999710679 0.000540357 -6.164001942 0.039185006 -0.001482656 0.999230862 117.269538879
0.998895109 -0.025953403 -0.039179426 -6.276755333 0.025890201 0.999662519 -0.002119712 -6.201693058 0.039221216 0.001103007 0.999229968 117.935928345
0.998828948 -0.028540608 -0.039066143 -6.302855015 0.028356316 0.999584019 -0.005263527 -6.244019508 0.039200116 0.004149592 0.999222755 118.590850830
0.998700380 -0.032795534 -0.039013043 -6.325181484 0.032487754 0.999436021 -0.008497304 -6.288571358 0.039269712 0.007218815 0.999202549 119.253273010
0.998657227 -0.034205712 -0.038906515 -6.352080822 0.033834383 0.999375761 -0.010163013 -6.328913212 0.039229862 0.008832988 0.999191165 119.913345337
0.998652399 -0.034328070 -0.038923133 -6.380787373 0.033993635 0.999379516 -0.009221866 -6.368776321 0.039215550 0.007886299 0.999199629 120.578933716
0.998668432 -0.033623315 -0.039125726 -6.407082081 0.033448178 0.999427319 -0.005122504 -6.410197258 0.039275557 0.003806999 0.999221146 121.244071960
0.998648942 -0.033294920 -0.039896183 -6.434690475 0.033353146 0.999443293 0.000794572 -6.444795609 0.039847516 -0.002124161 0.999203503 121.916557312
0.998767018 -0.029189974 -0.040155161 -6.469164371 0.029491244 0.999540985 0.006930724 -6.480463505 0.039934423 -0.008106404 0.999169409 122.587593079
0.998873115 -0.025269115 -0.040174343 -6.504682541 0.025754085 0.999601007 0.011600169 -6.516008854 0.039865185 -0.012621751 0.999125361 123.250228882
0.998918831 -0.023043605 -0.040375326 -6.535584450 0.023566838 0.999643743 0.012531503 -6.543874741 0.040072169 -0.013469473 0.999105990 123.915901184
0.998935044 -0.022254718 -0.040416077 -6.566640854 0.022686563 0.999689996 0.010257906 -6.578504086 0.040175259 -0.011163884 0.999130309 124.574287415
0.998935163 -0.022674493 -0.040180389 -6.597084999 0.022920154 0.999721229 0.005663823 -6.611472607 0.040040765 -0.006578733 0.999176383 125.240180969
0.998953819 -0.021807678 -0.040195208 -6.625818253 0.021875642 0.999759912 0.001251737 -6.645337582 0.040158257 -0.002129723 0.999191046 125.904251099
0.998966336 -0.020656377 -0.040491149 -6.658418655 0.020624494 0.999786556 -0.001204994 -6.677947998 0.040507395 0.000368639 0.999179184 126.577720642
0.998958528 -0.020738877 -0.040641997 -6.688795090 0.020704955 0.999784827 -0.001255461 -6.714395523 0.040659290 0.000412663 0.999172986 127.239791870
0.998914480 -0.021730954 -0.041202392 -6.715457916 0.021737283 0.999763668 -0.000294463 -6.749654293 0.041199055 -0.000601484 0.999150753 127.911193848
0.998888791 -0.022277087 -0.041531488 -6.743945122 0.022317510 0.999750793 0.000509870 -6.788856506 0.041509781 -0.001436183 0.999137044 128.569732666
0.998853743 -0.023643371 -0.041619837 -6.771822929 0.023683826 0.999719381 0.000479158 -6.827166557 0.041596830 -0.001464326 0.999133408 129.230529785
0.998827398 -0.024601923 -0.041696720 -6.799761772 0.024644056 0.999696195 0.000496684 -6.865913391 0.041671831 -0.001523678 0.999130189 129.892242432
0.998830855 -0.024942227 -0.041409902 -6.829970360 0.024987986 0.999687552 0.000587730 -6.901753902 0.041382305 -0.001621793 0.999142051 130.553512573
0.998815835 -0.025591116 -0.041376125 -6.859319210 0.025655108 0.999670327 0.001016251 -6.938794613 0.041336481 -0.002076557 0.999143124 131.215423584
0.998806775 -0.025793947 -0.041468807 -6.888875008 0.025861477 0.999664962 0.001092747 -6.973955631 0.041426726 -0.002163888 0.999139190 131.889526367
0.998793423 -0.026433518 -0.041387782 -6.920265198 0.026485896 0.999648929 0.000717619 -7.010434628 0.041354284 -0.001812945 0.999142885 132.555557251
0.998736739 -0.028745528 -0.041214149 -6.949020386 0.028798655 0.999584973 0.000695793 -7.046003342 0.041177046 -0.001881826 0.999150097 133.219314575
0.998633623 -0.030903170 -0.042140827 -6.974583149 0.030996328 0.999518275 0.001558887 -7.080000401 0.042072352 -0.002862968 0.999110460 133.888290405
0.998565316 -0.031753745 -0.043116469 -7.003889561 0.031939693 0.999483228 0.003630492 -7.115089893 0.042978905 -0.005002410 0.999063432 134.551834106
0.998506308 -0.032304619 -0.044063520 -7.035075188 0.032562561 0.999456465 0.005148519 -7.150513172 0.043873247 -0.006575650 0.999015450 135.208969116
0.998440623 -0.033569634 -0.044602152 -7.066419601 0.033880178 0.999406517 0.006224724 -7.186733246 0.044366717 -0.007726147 0.998985410 135.856628418
0.998424470 -0.033313114 -0.045152817 -7.097280979 0.033617061 0.999416828 0.005988786 -7.223114491 0.044926982 -0.007497255 0.998962164 136.507644653
0.998404145 -0.033200044 -0.045682307 -7.129016399 0.033425383 0.999432504 0.004177567 -7.258673191 0.045517687 -0.005697849 0.998947263 137.159515381
0.998372316 -0.033243492 -0.046342082 -7.162876129 0.033413481 0.999437392 0.002898166 -7.295361996 0.046219666 -0.004441899 0.998921454 137.811752319
0.998353958 -0.032840062 -0.047020305 -7.193694115 0.032997806 0.999452114 0.002582307 -7.330028534 0.046909738 -0.004129624 0.998890579 138.453979492
0.998336077 -0.032306060 -0.047764178 -7.222891808 0.032504998 0.999465823 0.003393982 -7.362401485 0.047629017 -0.004940909 0.998852849 139.111557007
0.998356998 -0.031014197 -0.048181172 -7.257615089 0.031268489 0.999500751 0.004532946 -7.396525383 0.048016533 -0.006032051 0.998828351 139.754730225
0.998374760 -0.029451219 -0.048790362 -7.291054726 0.029768959 0.999539971 0.005798351 -7.434261322 0.048597150 -0.007241365 0.998792231 140.388626099
0.998344243 -0.029006358 -0.049672503 -7.323966980 0.029341960 0.999551177 0.006040297 -7.467492580 0.049474999 -0.007487785 0.998747289 141.012710571
0.998276174 -0.028814169 -0.051131319 -7.357082844 0.029165305 0.999555767 0.006134422 -7.502266884 0.050931845 -0.007615109 0.998673081 141.644317627
0.998244226 -0.027328774 -0.052551374 -7.395953655 0.027705496 0.999595284 0.006453403 -7.533433914 0.052353743 -0.007898034 0.998597383 142.275726318
0.998152852 -0.026663486 -0.054589368 -7.433907509 0.027100787 0.999606133 0.007286082 -7.565422058 0.054373596 -0.008752039 0.998482287 142.902084351
0.998039544 -0.026100712 -0.056883767 -7.475119114 0.026633257 0.999608099 0.008623947 -7.598751068 0.056636382 -0.010122041 0.998343587 143.523910522
0.997903883 -0.025613876 -0.059428632 -7.517682076 0.026239764 0.999607861 0.009775247 -7.630451202 0.059154946 -0.011314150 0.998184681 144.144912720
0.997730494 -0.025739949 -0.062220335 -7.560785294 0.026485588 0.999586582 0.011188789 -7.660796165 0.061906613 -0.012811338 0.997999728 144.761749268
0.997547865 -0.026073929 -0.064949058 -7.605172634 0.026914125 0.999564588 0.012094904 -7.689639568 0.064605415 -0.013813293 0.997815251 145.367950439
0.997404158 -0.024794055 -0.067602955 -7.654580116 0.025728874 0.999584496 0.012992534 -7.719041824 0.067252733 -0.014698155 0.997627676 145.977020264
0.997238696 -0.023653695 -0.070395321 -7.700803757 0.024671182 0.999602854 0.013619605 -7.749029160 0.070045210 -0.015318734 0.997426212 146.576293945
0.997049212 -0.023111446 -0.073203370 -7.751552582 0.024185363 0.999611974 0.013817913 -7.779422760 0.072855614 -0.015547589 0.997221291 147.178115845
0.996852160 -0.022839818 -0.075922094 -7.803722858 0.023968156 0.999614894 0.013983888 -7.809662342 0.075573474 -0.015759580 0.997015715 147.768173218
0.996581256 -0.023492260 -0.079208292 -7.850542545 0.024593493 0.999613583 0.012956132 -7.836390018 0.078873314 -0.014859847 0.996773899 148.359207153
0.996334791 -0.025043054 -0.081791334 -7.900722980 0.026040573 0.999598682 0.011151871 -7.869123459 0.081479236 -0.013240891 0.996587098 148.935684204
0.996084273 -0.026606999 -0.084310025 -7.950994968 0.027482035 0.999579608 0.009235059 -7.900457859 0.084028862 -0.011515908 0.996396780 149.509384155
0.995850682 -0.027465168 -0.086758994 -8.003111839 0.028235335 0.999571919 0.007662218 -7.930099964 0.086511411 -0.010080094 0.996199846 150.082702637
0.995614827 -0.028217128 -0.089190230 -8.055650711 0.028937291 0.999558151 0.006791511 -7.961225510 0.088959180 -0.009342653 0.995991468 150.643463135
0.995350838 -0.029555000 -0.091669321 -8.108537674 0.030265849 0.999521554 0.006373757 -7.987623215 0.091437086 -0.009118574 0.995769083 151.207626343
0.995122373 -0.029581146 -0.094108276 -8.165435791 0.030343516 0.999517202 0.006680054 -8.017871857 0.093865238 -0.009503048 0.995539546 151.765792847
0.994926035 -0.028804883 -0.096397474 -8.224666595 0.029581388 0.999540329 0.006635552 -8.048513412 0.096162029 -0.009453454 0.995320797 152.323837280
0.994723320 -0.028515814 -0.098551057 -8.285164833 0.029268680 0.999552369 0.006201770 -8.078501701 0.098330088 -0.009053504 0.995112658 152.874359131
0.994520485 -0.027788276 -0.100780867 -8.346323013 0.028538542 0.999574602 0.006010159 -8.110596657 0.100570984 -0.008853366 0.994890511 153.418273926
0.994290292 -0.027160713 -0.103194565 -8.406024933 0.027890908 0.999595046 0.005639290 -8.138401031 0.102999613 -0.008485281 0.994645178 153.953536987
0.994091332 -0.026584659 -0.105241157 -8.466655731 0.027351443 0.999608755 0.005849177 -8.168358803 0.105044484 -0.008693113 0.994429529 154.491790771
0.993968606 -0.026494235 -0.106416196 -8.527809143 0.027274825 0.999610662 0.005886338 -8.198461533 0.106218807 -0.008753318 0.994304240 155.016418457
0.993885040 -0.025055448 -0.107539408 -8.589111328 0.025769044 0.999654114 0.005250961 -8.227663040 0.107370645 -0.007990039 0.994186938 155.540435791
0.993902385 -0.021858763 -0.108075082 -8.654930115 0.022464167 0.999738038 0.004387244 -8.262657166 0.107950866 -0.006788309 0.994133055 156.061203003
0.993846416 -0.020188209 -0.108911723 -8.717658043 0.020697370 0.999779522 0.003546454 -8.292407990 0.108816110 -0.005778816 0.994045079 156.572814941
