1.000000000 0.000000000 0.000000000 0.000000000 0.000000000 1.000000000 0.000000000 0.000000000 0.000000000 0.000000000 1.000000000 0.000000000
0.999791503 0.000920272 -0.020399820 -0.025719831 -0.000918430 0.999999583 0.000099677 -0.019788167 0.020399902 -0.000080920 0.999791920 0.197652012
0.999122918 0.001608155 -0.041843325 -0.052100729 -0.001625280 0.999998629 -0.000375251 -0.037869606 0.041842666 0.000442929 0.999124110 0.413816541
0.997936785 0.002890594 -0.064139172 -0.093293086 -0.002939222 0.999995470 -0.000663815 -0.063361600 0.064136967 0.000850964 0.997940719 0.637470961
0.996161938 0.006384999 -0.087295875 -0.136581957 -0.006522695 0.999977887 -0.001292190 -0.086160637 0.087285697 0.001856635 0.996181607 0.877712727
0.993933558 0.011937561 -0.109332167 -0.192419097 -0.012216745 0.999923587 -0.001884014 -0.109632283 0.109301329 0.003208268 0.994003475 1.145258904
0.991313159 0.015752828 -0.130575716 -0.245311350 -0.016252182 0.999864101 -0.002759443 -0.132138565 0.130514503 0.004857612 0.991434515 1.430655479
0.988615096 0.018064119 -0.149378151 -0.308261603 -0.018718140 0.999820352 -0.002973397 -0.159551606 0.149297610 0.005735627 0.988775671 1.725856066
0.985921681 0.019078188 -0.166115925 -0.369904488 -0.019890551 0.999796927 -0.003227924 -0.187067866 0.166020602 0.006486617 0.986100972 2.042029381
0.983501971 0.019566191 -0.179836154 -0.441032380 -0.020611810 0.999779761 -0.003947334 -0.220151514 0.179719314 0.007588959 0.983688653 2.385655165
0.981333256 0.019066045 -0.191367447 -0.510823727 -0.020163102 0.999789536 -0.003786899 -0.257151991 0.191254959 0.007574771 0.981511176 2.758970261
0.979546785 0.018773954 -0.200338677 -0.580118954 -0.019657977 0.999803841 -0.002424079 -0.289716661 0.200253859 0.006312752 0.979723692 3.140881300
0.978344500 0.018254079 -0.206176549 -0.659343302 -0.018708471 0.999824941 -0.000254385 -0.331313282 0.206135824 0.004106124 0.978514791 3.548810244
0.977583647 0.019575201 -0.209635317 -0.743893385 -0.019668177 0.999805212 0.001641425 -0.371797144 0.209626615 0.002518514 0.977778256 3.978273630
0.977215469 0.020716358 -0.211236209 -0.824265599 -0.020461442 0.999784887 0.003392718 -0.408394307 0.211261049 0.001006781 0.977429152 4.415339470
0.977052927 0.021478312 -0.211910933 -0.905342579 -0.020520093 0.999766827 0.006720216 -0.448225290 0.212005869 -0.002217574 0.977265894 4.870901585
0.976955950 0.020077232 -0.212494537 -0.982745409 -0.018439410 0.999783039 0.009686765 -0.487753630 0.212642923 -0.005545269 0.977114260 5.340105057
0.976847231 0.017173851 -0.213247567 -1.071696043 -0.015100026 0.999821544 0.011350040 -0.528802156 0.213404447 -0.007867212 0.976932287 5.822524548
0.976688921 0.014966540 -0.214137137 -1.159249544 -0.012933495 0.999857008 0.010892081 -0.567016184 0.214269549 -0.007868634 0.976742864 6.308625221
0.976389050 0.015166963 -0.215486512 -1.234392524 -0.012890487 0.999845326 0.011965889 -0.607529581 0.215634674 -0.008905637 0.976433516 6.815439701
0.976274431 0.014484102 -0.216051996 -1.334970713 -0.012130213 0.999851763 0.012217144 -0.651431680 0.216196924 -0.009306529 0.976305425 7.319021225
0.976275206 0.012921696 -0.216147408 -1.441540718 -0.010559451 0.999871254 0.012080187 -0.695696592 0.216275677 -0.009511190 0.976285994 7.853658199
0.976139367 0.007827904 -0.217003793 -1.528829575 -0.005553626 0.999923110 0.011088233 -0.742475569 0.217073902 -0.009618503 0.976107776 8.399342537
0.976276636 0.005351118 -0.216460750 -1.638294458 -0.003386878 0.999949694 0.009444293 -0.791180372 0.216500401 -0.008487116 0.976245642 8.956515312
0.976373851 0.004613800 -0.216038942 -1.748766422 -0.002825465 0.999959171 0.008585956 -0.838310897 0.216069743 -0.007772692 0.976346970 9.533572197
0.976467431 0.006492286 -0.215567261 -1.859243393 -0.004750119 0.999951720 0.008598878 -0.882659853 0.215612695 -0.007372554 0.976451159 10.132226944
0.976418376 0.005464793 -0.215817824 -1.970970511 -0.003835729 0.999960899 0.007966457 -0.940067172 0.215852931 -0.006950776 0.976401150 10.725876808
0.976190329 0.003890095 -0.216880843 -2.067313910 -0.002707432 0.999979794 0.005749918 -0.996796370 0.216898844 -0.005025824 0.976181149 11.330572128
0.976135612 0.000929453 -0.217159942 -2.173738003 -0.000147117 0.999993443 0.003618722 -1.059407592 0.217161879 -0.003500415 0.976129353 11.961211205
0.976201892 0.001676577 -0.216857180 -2.288939714 -0.001444875 0.999998212 0.001227004 -1.115925312 0.216858849 -0.000884472 0.976202548 12.595115662
0.976286709 0.002673289 -0.216464952 -2.412503481 -0.002544382 0.999996364 0.000874196 -1.171378374 0.216466501 -0.000302696 0.976289988 13.244359970
0.976316214 0.002345879 -0.216335788 -2.534292221 -0.002461796 0.999996960 -0.000266343 -1.235406876 0.216334507 0.000792609 0.976318955 13.910039902
0.976515591 -0.000542936 -0.215446129 -2.666424751 -0.000442261 0.999989688 -0.004524585 -1.314233780 0.215446368 0.004513611 0.976505220 14.588857651
0.976747394 -0.001779320 -0.214386135 -2.786266565 -0.000188071 0.999958038 -0.009156111 -1.388769388 0.214393437 0.008983526 0.976706088 15.273346901
0.976884127 -0.004614256 -0.213719606 -2.893914223 0.001529891 0.999892294 -0.014594981 -1.452987552 0.213763937 0.013930637 0.976786017 15.972463608
0.977047443 -0.004377109 -0.212976709 -3.021451235 0.001675985 0.999915898 -0.012861610 -1.523837328 0.213015079 0.012209458 0.976972640 16.684555054
0.977374375 -0.003570159 -0.211486623 -3.148558140 0.002173349 0.999974251 -0.006836800 -1.596413374 0.211505592 0.006222479 0.977356970 17.421209335
0.977750897 -0.001988910 -0.209760055 -3.285130978 0.001246657 0.999992490 -0.003670743 -1.669301391 0.209765777 0.003327573 0.977746010 18.168474197
0.978007257 -0.002152670 -0.208559752 -3.409408092 0.001589498 0.999994636 -0.002867853 -1.742626905 0.208564803 0.002473275 0.978005409 18.904460907
0.978233576 -0.001270021 -0.207502991 -3.535698652 0.000511693 0.999992967 -0.003708170 -1.813817143 0.207506239 0.003521279 0.978227377 19.648141861
0.978580117 -0.001672737 -0.205859423 -3.669816017 0.000975555 0.999993443 -0.003488147 -1.892420411 0.205863908 0.003212604 0.978575349 20.415088654
0.978638768 -0.001344173 -0.205583021 -3.794915915 0.000922395 0.999997258 -0.002147445 -1.967202067 0.205585346 0.001911944 0.978637338 21.197860718
0.978836358 -0.000659778 -0.204643473 -3.912634373 0.000822962 0.999999404 0.000712300 -2.041018963 0.204642892 -0.000865639 0.978836298 21.998966217
0.979125917 0.001550885 -0.203248814 -4.043936253 -0.001546883 0.999998808 0.000178551 -2.116671562 0.203248858 0.000139579 0.979127109 22.788352966
0.979680061 0.004623588 -0.200513408 -4.185267925 -0.004578880 0.999989271 0.000686742 -2.194082499 0.200514436 0.000245339 0.979690731 23.588998795
0.979864717 0.003383574 -0.199633911 -4.317613125 -0.003734786 0.999992073 -0.001382717 -2.275724173 0.199627653 0.002100466 0.979869604 24.398550034
0.980210066 0.008064173 -0.197795808 -4.459593296 -0.008187158 0.999966443 0.000196000 -2.352494955 0.197790757 0.001427264 0.980243206 25.230018616
0.980551779 0.009655512 -0.196022779 -4.598344326 -0.009834714 0.999951661 0.000059171 -2.431442976 0.196013868 0.001869808 0.980599344 26.056745529
0.980708659 0.009543279 -0.195242003 -4.720827579 -0.010085703 0.999947548 -0.001784238 -2.520321846 0.195214733 0.003718971 0.980753481 26.894208908
0.980954945 0.010446889 -0.193954125 -4.864429474 -0.011887019 0.999909759 -0.006262735 -2.611543894 0.193871200 0.008448998 0.980990589 27.739406586
0.980971932 0.008832642 -0.193948492 -4.995286942 -0.010821191 0.999899149 -0.009195915 -2.685354710 0.193847716 0.011119689 0.980968595 28.614919662
0.980953217 0.006142681 -0.194146901 -5.118623734 -0.007902464 0.999934375 -0.008290988 -2.778618097 0.194083229 0.009667311 0.980937421 29.470113754
0.980862558 0.006536315 -0.194591761 -5.252778053 -0.007935233 0.999947965 -0.006410336 -2.867510319 0.194539726 0.007831790 0.980863392 30.342016220
0.980903924 0.006678744 -0.194378123 -5.398005962 -0.007609062 0.999962866 -0.004039872 -2.963417530 0.194343925 0.005441761 0.980918348 31.205236435
0.980807662 0.005980822 -0.194886029 -5.529026985 -0.006776642 0.999971211 -0.003417038 -3.053972244 0.194859967 0.004672130 0.980819941 32.112373352
0.981111348 0.004621305 -0.193388760 -5.695377827 -0.005494217 0.999976993 -0.003977688 -3.143071651 0.193365932 0.004965074 0.981114149 33.016117096
0.981043696 0.005301574 -0.193714201 -5.832088470 -0.006101101 0.999975145 -0.003530998 -3.236713648 0.193690673 0.004645933 0.981051624 33.894535065
0.981147587 0.006150108 -0.193162069 -5.972908497 -0.006918332 0.999970615 -0.003302810 -3.324913025 0.193136081 0.004576903 0.981161296 34.788902283
0.980955064 0.004444587 -0.194184095 -6.091171741 -0.005240093 0.999979854 -0.003583186 -3.413392544 0.194164246 0.004532487 0.980958581 35.676876068
0.980691195 0.004244965 -0.195516586 -6.222589016 -0.005185290 0.999977291 -0.004297846 -3.501263618 0.195493907 0.005228670 0.980690956 36.577220917
0.980794370 0.007036883 -0.194917530 -6.384555817 -0.008024792 0.999958634 -0.004279135 -3.591171741 0.194879353 0.005761124 0.980810285 37.479228973
0.980741680 0.007788680 -0.195154071 -6.525037289 -0.009123743 0.999940693 -0.005943084 -3.681376934 0.195096225 0.007609166 0.980754614 38.391399384
0.980908632 0.008202072 -0.194296136 -6.684640884 -0.009596722 0.999934494 -0.006237760 -3.784420967 0.194232240 0.007983278 0.980923116 39.330883026
0.981013656 0.009184480 -0.193721130 -6.840158463 -0.010755266 0.999917269 -0.007058307 -3.873457432 0.193640277 0.009007818 0.981031239 40.276294708
0.980993927 0.010185443 -0.193770885 -6.986124516 -0.011404052 0.999921560 -0.005174469 -3.970709801 0.193702996 0.007285896 0.981033146 41.211761475
0.980911970 0.012521902 -0.194048628 -7.122693539 -0.013153934 0.999911547 -0.001968871 -4.071340561 0.194006801 0.004483792 0.980989933 42.153591156
0.981101334 0.013469201 -0.193025187 -7.288673401 -0.013436467 0.999908626 0.001478738 -4.160125256 0.193027467 0.001142785 0.981192708 43.113346100
0.981159925 0.015167618 -0.192600846 -7.446007729 -0.014778754 0.999884844 0.003455592 -4.248121738 0.192631081 -0.000544088 0.981271088 44.068275452
0.981156409 0.017060261 -0.192460373 -7.594524860 -0.016660806 0.999854386 0.003693847 -4.337798119 0.192495376 -0.000417697 0.981297791 45.034713745
0.981297076 0.019297253 -0.191529870 -7.759262562 -0.019043198 0.999813616 0.003167252 -4.423112392 0.191555291 0.000539326 0.981481671 46.004348755
0.981534302 0.021079224 -0.190121159 -7.910956383 -0.021046100 0.999776125 0.002193514 -4.512487888 0.190124825 0.001848299 0.981758177 46.972019196
0.981716275 0.024485668 -0.188768536 -8.059571266 -0.024434954 0.999698043 0.002596210 -4.613759041 0.188775107 0.002063808 0.982018173 47.948974609
0.981887817 0.024875144 -0.187823161 -8.218505859 -0.024598006 0.999690175 0.003806527 -4.705920219 0.187859654 0.000882492 0.982195497 48.938556671
0.982276082 0.020655487 -0.186298162 -8.347577095 -0.019887980 0.999784291 0.005987942 -4.794435024 0.186381653 -0.002176719 0.982474983 49.923919678
0.982927382 0.025040548 -0.182281867 -8.503958702 -0.024716824 0.999686301 0.004047848 -4.891967297 0.182326049 0.000526688 0.983237982 50.908393860
0.983717024 0.024528015 -0.178042725 -8.646223068 -0.024891332 0.999690115 0.000193154 -4.984656811 0.177992299 0.004241712 0.984022737 51.882251740
0.984364629 0.021136703 -0.174870059 -8.776981354 -0.021853689 0.999758840 -0.002175292 -5.085850716 0.174781904 0.005962837 0.984589100 52.882797241
0.984930634 0.021174675 -0.171648622 -8.911625862 -0.021204114 0.999773800 0.001662137 -5.177814484 0.171644986 0.002002568 0.985156834 53.877044678
0.985405624 0.023308000 -0.168619275 -9.044492722 -0.022667596 0.999726653 0.005722069 -5.274291039 0.168706551 -0.001816365 0.985664666 54.880138397
0.986122251 0.024100369 -0.164262086 -9.172772408 -0.023337599 0.999706030 0.006572165 -5.366748810 0.164372191 -0.002647475 0.986394823 55.887969971
0.986868680 0.026586467 -0.159321740 -9.289609909 -0.026246360 0.999646544 0.004238970 -5.455193043 0.159378111 -0.000001691 0.987217605 56.916664124
0.987791479 0.026168590 -0.153568178 -9.410086632 -0.025546230 0.999655485 0.006024861 -5.542302132 0.153672934 -0.002028218 0.988119662 57.932975769
0.988841653 0.024273617 -0.146979436 -9.540276527 -0.023173502 0.999689221 0.009192768 -5.636830807 0.147156894 -0.005684163 0.989096820 58.960346222
0.989917457 0.022349976 -0.139870912 -9.653015137 -0.021210140 0.999728620 0.009634762 -5.723881721 0.140048280 -0.006570938 0.990122855 59.989631653
0.990782440 0.019762244 -0.134013414 -9.745628357 -0.018547628 0.999774873 0.010305911 -5.816147804 0.134186909 -0.007725285 0.990925908 60.995265961
0.991502225 0.016400807 -0.129051730 -9.824711800 -0.015075736 0.999823213 0.011237990 -5.910939693 0.129213229 -0.009196942 0.991574168 62.021274567
0.992087305 0.014306778 -0.124732330 -9.896323204 -0.012642493 0.999820292 0.014124257 -6.002592564 0.124911994 -0.012435568 0.992089868 63.019706726
0.992686272 0.014332753 -0.119868733 -9.971498489 -0.012521929 0.999796033 0.015846349 -6.080740452 0.120071404 -0.014229466 0.992663264 64.010429382
0.993184805 0.013537377 -0.115761183 -10.043010712 -0.011328805 0.999741435 0.019715412 -6.164324760 0.115998149 -0.018269612 0.993081391 64.988151550
0.993618429 0.012813819 -0.112063415 -10.122885704 -0.009993078 0.999619842 0.025696527 -6.259305000 0.112350084 -0.024412684 0.993368745 65.944961548
0.994237065 0.009751798 -0.106759533 -10.217120171 -0.006915880 0.999614179 0.026901683 -6.325471401 0.106980674 -0.026008314 0.993920863 66.937973022
0.994287014 0.004512495 -0.106644168 -10.241664886 -0.001850560 0.999684572 0.025046701 -6.416102409 0.106723547 -0.024706258 0.993981719 67.928291321
0.994470060 0.002396005 -0.104992889 -10.306449890 -0.000256027 0.999792039 0.020390855 -6.490849495 0.105019912 -0.020251215 0.994263887 68.865486145
0.994619548 -0.001873881 -0.103578478 -10.371551514 0.003704963 0.999840200 0.017488642 -6.573091030 0.103529148 -0.017778298 0.994467497 69.783348083
0.994667590 -0.004548405 -0.103032738 -10.422655106 0.006499331 0.999805748 0.018607220 -6.648190022 0.102928095 -0.019177642 0.994503915 70.727447510
0.994989038 -0.005864832 -0.099812202 -10.513308525 0.008118377 0.999720871 0.022186682 -6.723550797 0.099654220 -0.022885816 0.994758904 71.655899048
0.995050192 -0.006346039 -0.099171013 -10.564731598 0.008903506 0.999638557 0.025367191 -6.798746109 0.098974183 -0.026124598 0.994746983 72.561805725
0.995094359 -0.007183604 -0.098668940 -10.605525970 0.009852039 0.999598026 0.026583757 -6.867168903 0.098438315 -0.027425438 0.994765162 73.453582764
0.994966209 -0.006599646 -0.099993549 -10.640935898 0.009577780 0.999523818 0.029332533 -6.941468239 0.099752352 -0.030142596 0.994555652 74.338249207
0.994932294 -0.006073948 -0.100363389 -10.689402580 0.009237104 0.999474168 0.031082444 -6.999051094 0.100121818 -0.031851996 0.994465232 75.210144043
0.994992197 -0.006637778 -0.099732079 -10.742536545 0.009775030 0.999471545 0.031001143 -7.067931175 0.099473596 -0.031820778 0.994531274 76.076965332
0.994884193 -0.007933356 -0.100710049 -10.796596527 0.011052891 0.999475002 0.030455299 -7.141504288 0.100415565 -0.031412631 0.994449556 76.923576355
0.994822085 -0.009490148 -0.101187594 -10.848615646 0.012433192 0.999516606 0.028494138 -7.204795837 0.100868270 -0.029604683 0.994459212 77.756729126
0.994701445 -0.011752049 -0.102131933 -10.895238876 0.014493353 0.999553204 0.026140308 -7.261575699 0.101779096 -0.027482037 0.994427323 78.599571228
0.994539261 -0.013751669 -0.103452943 -10.939625740 0.016538426 0.999521792 0.026128044 -7.326098442 0.103044167 -0.027696317 0.994291127 79.419631958
0.994452000 -0.014111906 -0.104240522 -10.987148285 0.017122401 0.999460101 0.028042058 -7.386038303 0.103788517 -0.029671328 0.994156718 80.213676453
0.994418204 -0.014877263 -0.104456276 -11.035904884 0.018342109 0.999310255 0.032288391 -7.443980217 0.103903867 -0.034024112 0.994005203 80.993705750
0.994290709 -0.015611190 -0.105556995 -11.082896233 0.019647731 0.999110579 0.037309237 -7.498286247 0.104880676 -0.039170180 0.993713081 81.760581970
0.994189382 -0.014000066 -0.106730558 -11.133272171 0.018593336 0.998937726 0.042163212 -7.549127102 0.106026895 -0.043902699 0.993393600 82.496986389
0.994077086 -0.011689059 -0.108046718 -11.186553955 0.016354848 0.998966932 0.042398289 -7.599339008 0.107439496 -0.043914255 0.993241310 83.215629578
0.993958771 -0.006346830 -0.109570689 -11.245428085 0.010958456 0.999076843 0.041537400 -7.647797585 0.109205902 -0.042487189 0.993110716 83.883529663
0.993741453 -0.001443968 -0.111695148 -11.303149223 0.006262823 0.999063849 0.042804100 -7.691296577 0.111528777 -0.043235734 0.992820203 84.532249451
0.993328512 0.002039915 -0.115300879 -11.355816841 0.002966124 0.999060810 0.043228935 -7.728543282 0.115280770 -0.043282531 0.992389500 85.136291504
0.992735863 0.006359395 -0.120145991 -11.420100212 -0.001060946 0.999026000 0.044112682 -7.771535873 0.120309502 -0.043664772 0.991775692 85.740516663
0.991672516 0.012051949 -0.128219947 -11.482217789 -0.006040380 0.998868585 0.047170777 -7.807761669 0.128643379 -0.046003468 0.990623295 86.293151855
0.990342557 0.018361706 -0.137420684 -11.565734863 -0.011804426 0.998759210 0.048380613 -7.834855080 0.138138533 -0.046291206 0.989330530 86.808586121
0.988556504 0.024273433 -0.148885354 -11.639624596 -0.017070312 0.998629749 0.049468961 -7.864287376 0.149882138 -0.046361342 0.987616301 87.294784546
0.986343563 0.028933380 -0.162139654 -11.720888138 -0.020874256 0.998470724 0.051190108 -7.890258312 0.163372800 -0.047106486 0.985439122 87.766609192
0.983734071 0.033246648 -0.176527366 -11.821042061 -0.024371343 0.998338699 0.052209999 -7.921146393 0.177969903 -0.047058549 0.982910097 88.227729797
0.980352581 0.036368359 -0.193871453 -11.912049294 -0.026301745 0.998180985 0.054248415 -7.940346718 0.195491731 -0.048083417 0.979525864 88.656471252
0.976042747 0.039087344 -0.214038983 -12.012683868 -0.027683539 0.998045743 0.056020807 -7.976338863 0.215810403 -0.048753347 0.975217402 89.076301575
0.970462918 0.040041093 -0.237904280 -12.123661041 -0.027462590 0.998055577 0.055954471 -7.997306347 0.239682168 -0.047768272 0.969675541 89.468856812
0.963517427 0.040808301 -0.264516175 -12.260934830 -0.027028739 0.998091280 0.055526841 -8.015316010 0.266277224 -0.046351545 0.962781370 89.855445862
0.954572797 0.041906171 -0.295016319 -12.393198013 -0.026324058 0.998050153 0.056594260 -8.034078598 0.296812743 -0.046257317 0.953814685 90.232810974
0.944153965 0.047056906 -0.326127201 -12.558403015 -0.028955974 0.997769892 0.060139317 -8.051795959 0.328229874 -0.047337443 0.943410993 90.594062805
0.932554424 0.053729210 -0.357009023 -12.724134445 -0.032973778 0.997406542 0.063976027 -8.067464828 0.359520525 -0.047889192 0.931907535 90.951660156
0.920217097 0.061336808 -0.386572450 -12.898321152 -0.038272630 0.997012734 0.067088202 -8.073670387 0.389532626 -0.046940569 0.919815719 91.287216187
0.906686902 0.067183048 -0.416419625 -13.073043823 -0.041821070 0.996688068 0.069741979 -8.084636688 0.419725925 -0.045819022 0.906493664 91.607223511
0.892237544 0.071410745 -0.445884109 -13.273986816 -0.043310393 0.996397555 0.072912075 -8.095226288 0.449484527 -0.045743473 0.892116129 91.924224854
0.876611590 0.075610809 -0.475221127 -13.466793060 -0.044251334 0.996060014 0.076851949 -8.114614487 0.479159594 -0.046340141 0.876503646 92.225463867
0.860213757 0.078624077 -0.503835797 -13.696296692 -0.044739366 0.995868444 0.079021417 -8.106171608 0.507967174 -0.045434017 0.860177338 92.520980835
0.841403365 0.081633769 -0.534206271 -13.907972336 -0.044468582 0.995631099 0.082105197 -8.114856720 0.538574934 -0.045328192 0.841357470 92.811340332
0.821834922 0.083908193 -0.563512862 -14.131187439 -0.044050455 0.995492697 0.083987065 -8.118000031 0.568020165 -0.044200510 0.821826875 93.108192444
0.801143885 0.087970793 -0.591970921 -14.396888733 -0.044789340 0.995176911 0.087274216 -8.114757538 0.596793413 -0.043405220 0.801220119 93.384620667
0.777697921 0.094433300 -0.621504843 -14.657306671 -0.047087520 0.994626045 0.092205159 -8.123424530 0.626872182 -0.042442638 0.777965248 93.672309875
0.753304780 0.099940792 -0.650033653 -14.944751740 -0.048207972 0.994118512 0.096976057 -8.118983269 0.655902386 -0.041715719 0.753692150 93.943977356
0.726917148 0.104778625 -0.678684652 -15.246177673 -0.049383409 0.993708670 0.100520588 -8.119365692 0.684947252 -0.039554376 0.727518201 94.220123291
0.698300302 0.106884032 -0.707780004 -15.563259125 -0.048491158 0.993581057 0.102202043 -8.123148918 0.714160562 -0.037046645 0.699000895 94.485466003
0.667537808 0.106634200 -0.736900568 -15.904750824 -0.045798779 0.993698061 0.102306582 -8.112237930 0.743166029 -0.034544367 0.668214738 94.757575989
0.635034382 0.105518162 -0.765243232 -16.263645172 -0.041160256 0.993841529 0.102882527 -8.113580704 0.771386504 -0.033836335 0.635466754 95.024246216
0.599716663 0.101786725 -0.793712437 -16.639873505 -0.035012521 0.994264960 0.101050936 -8.101247787 0.799446106 -0.032812055 0.599841058 95.289810181
0.562516153 0.100588597 -0.820644557 -17.053581238 -0.030952148 0.994437814 0.100674555 -8.096532822 0.826206744 -0.031230351 0.562500775 95.536178589
0.524187922 0.104744948 -0.845136404 -17.513359070 -0.032513682 0.994144976 0.103046544 -8.087129593 0.850981712 -0.026537256 0.524524450 95.757736206
0.484236717 0.108484738 -0.868185401 -17.981754303 -0.035661619 0.993905902 0.104303718 -8.067016602 0.874209940 -0.019546794 0.485154510 95.971817017
0.443232298 0.109359182 -0.889711022 -18.482074738 -0.035483014 0.993892968 0.104487978 -8.056810379 0.895704210 -0.014742820 0.444405854 96.178016663
0.401012868 0.109967843 -0.909448028 -19.009340286 -0.032956995 0.993857920 0.105642356 -8.052667618 0.915479362 -0.012391268 0.402174026 96.384872437
0.357641339 0.111027628 -0.927235425 -19.546487808 -0.028721662 0.993745327 0.107913405 -8.035982132 0.933417261 -0.011962553 0.358593315 96.563598633
0.313218087 0.113358878 -0.942891419 -20.119281769 -0.025185047 0.993492723 0.111076213 -8.023601532 0.949347198 -0.011044316 0.314034849 96.727149963
0.268265814 0.114783280 -0.956482232 -20.731975555 -0.023812450 0.993362904 0.112530462 -8.009342194 0.963050604 -0.007411892 0.269218594 96.879905701
0.225002602 0.116453171 -0.967374027 -21.357742310 -0.023419499 0.993191600 0.114113942 -7.999691010 0.974076688 -0.003020517 0.226197958 97.004341125
0.183543518 0.118205436 -0.975878716 -21.996690750 -0.024211474 0.992986321 0.115723923 -7.992063999 0.982713401 0.002387085 0.185118124 97.110626221
0.145953104 0.119412750 -0.982058167 -22.643486023 -0.026819648 0.992801130 0.116733111 -7.964981556 0.988927901 0.009300895 0.148105010 97.163864136
0.110927559 0.121189632 -0.986411750 -23.306604385 -0.028405599 0.992518306 0.118745506 -7.963140965 0.993422449 0.014847469 0.113540098 97.232078552
0.080179155 0.122172527 -0.989264965 -23.982925415 -0.028397232 0.992337346 0.120250389 -7.944913864 0.996375859 0.018450813 0.083034128 97.281059265
0.054041814 0.123302810 -0.990896523 -24.687910080 -0.028957723 0.992122829 0.121876098 -7.920125961 0.998118699 0.022107700 0.057186686 97.306716919
0.030477915 0.125590742 -0.991613865 -25.397109985 -0.028005185 0.991792560 0.124752618 -7.906146049 0.999143064 0.023968130 0.033744961 97.334686279
0.010251813 0.126734644 -0.991883695 -26.109239578 -0.027700065 0.991591156 0.126410961 -7.888298035 0.999563694 0.026179301 0.013676164 97.353691101
-0.008456365 0.126566261 -0.991922081 -26.852779388 -0.025493883 0.991607845 0.126743510 -7.871893883 0.999639213 0.026359735 -0.005158732 97.384048462
-0.023530802 0.124566264 -0.991932213 -27.588005066 -0.021979515 0.991902649 0.125083953 -7.852568626 0.999481440 0.024745515 -0.020602360 97.382125854
-0.036098186 0.121883586 -0.991887748 -28.335937500 -0.020968342 0.992223740 0.122687981 -7.841017246 0.999128222 0.025227055 -0.033261780 97.365562439
-0.048700023 0.120367922 -0.991534114 -29.094671249 -0.018030778 0.992444277 0.121364012 -7.820744991 0.998650670 0.023788560 -0.046161730 97.359359741
-0.057919692 0.121117502 -0.990946949 -29.876445770 -0.016632495 0.992358446 0.122262172 -7.802637100 0.998182654 0.023563307 -0.055462610 97.314880371
-0.064954750 0.122831792 -0.990299582 -30.659189224 -0.016528277 0.992126703 0.124142528 -7.777016640 0.997751296 0.024431592 -0.062413145 97.292861938
-0.069469966 0.124305844 -0.989809036 -31.440385818 -0.016039660 0.991938770 0.125699058 -7.756880283 0.997455060 0.024608510 -0.066916123 97.265441895
-0.073397040 0.123980038 -0.989566505 -32.227668762 -0.016881727 0.991946161 0.125530317 -7.740231037 0.997159898 0.025919145 -0.070712917 97.253097534
-0.075475171 0.124037556 -0.989402950 -33.034217834 -0.017068848 0.991927028 0.125656053 -7.722192764 0.997001588 0.026371880 -0.072748683 97.222457886
-0.076792806 0.123506121 -0.989368021 -33.857143402 -0.017740199 0.991971850 0.125208125 -7.687005043 0.996889234 0.027166670 -0.073985279 97.185134888
-0.077872619 0.124570571 -0.989150167 -34.691558838 -0.017312368 0.991844475 0.126272827 -7.672238827 0.996812999 0.026957726 -0.075080916 97.141258240
-0.079679869 0.125771791 -0.988854170 -35.501239777 -0.017149685 0.991688490 0.127514169 -7.654438019 0.996672988 0.027118849 -0.076860659 97.107261658
-0.081454918 0.127341971 -0.988508523 -36.311752319 -0.016239457 0.991503060 0.129065886 -7.642623901 0.996544719 0.026565894 -0.078694835 97.076751709
-0.082946002 0.127964109 -0.988304198 -37.139392853 -0.015286850 0.991441548 0.129653305 -7.622226715 0.996436775 0.025862280 -0.080279939 97.030990601
-0.084112637 0.127060995 -0.988322079 -37.951164246 -0.014327500 0.991580188 0.128699213 -7.602597237 0.996353269 0.024985416 -0.081583962 96.979156494
-0.082855679 0.125043020 -0.988685608 -38.779209137 -0.013619253 0.991862118 0.126586109 -7.584876060 0.996468484 0.023953537 -0.080478415 96.896087646
-0.084920511 0.122966386 -0.988770843 -39.590114594 -0.012149514 0.992153943 0.124430582 -7.565802574 0.996313632 0.022579793 -0.082760237 96.864265442
-0.089810878 0.122475006 -0.988399684 -40.391979218 -0.011239961 0.992222309 0.123969994 -7.543344021 0.995895386 0.022243427 -0.087735742 96.859878540
-0.091382146 0.122805282 -0.988214612 -41.207317352 -0.009873472 0.992206275 0.124214344 -7.525388241 0.995766938 0.021108083 -0.089457422 96.805595398
-0.093372181 0.121903852 -0.988140225 -42.021507263 -0.010993134 0.992289364 0.123454489 -7.510242462 0.995570600 0.022389973 -0.091312118 96.761985779
-0.092476003 0.122741476 -0.988120794 -42.802268982 -0.012939689 0.992141247 0.124451883 -7.496244907 0.995630860 0.024294788 -0.090161026 96.706344604
-0.091686480 0.120450735 -0.988476217 -43.589828491 -0.014943028 0.992379129 0.122312382 -7.485303402 0.995675802 0.025985219 -0.089187853 96.656929016
-0.089792475 0.118439473 -0.988893032 -44.359649658 -0.016542379 0.992589533 0.120384268 -7.481515408 0.995823085 0.027168246 -0.087167799 96.612129211
-0.086551987 0.113229081 -0.989791870 -45.130565643 -0.017480308 0.993194640 0.115146913 -7.461235523 0.996093988 0.027268061 -0.083983690 96.565742493
-0.084629543 0.111005604 -0.990209877 -45.862899780 -0.017574850 0.993454158 0.112871356 -7.455898285 0.996257484 0.026955042 -0.082124665 96.542839050
-0.082400940 0.110497423 -0.990454674 -46.597579956 -0.017971167 0.993508101 0.112333179 -7.447138309 0.996437192 0.027055986 -0.079880230 96.513237000
-0.080029532 0.108631551 -0.990855396 -47.307769775 -0.019095100 0.993694305 0.110485062 -7.453572273 0.996609569 0.027762551 -0.077450566 96.483413696
-0.077464804 0.104648799 -0.991487682 -48.004642487 -0.022026267 0.994053662 0.106640540 -7.457301617 0.996751726 0.030099660 -0.074699149 96.454521179
-0.074760512 0.099250995 -0.992250025 -48.684997559 -0.025944145 0.994504213 0.101431221 -7.461925507 0.996863961 0.033326130 -0.071774654 96.422256470
-0.070771411 0.092132010 -0.993228614 -49.342208862 -0.030783677 0.995049357 0.094494358 -7.464837074 0.997017443 0.037262730 -0.067584880 96.400161743
-0.064314030 0.088723131 -0.993977845 -50.021820068 -0.036799047 0.995151639 0.091208935 -7.480813980 0.997250974 0.042443451 -0.060737282 96.367149353
-0.057443377 0.088737719 -0.994397223 -50.662670135 -0.041343030 0.994976103 0.091177642 -7.482519150 0.997492373 0.046348944 -0.053486101 96.349304199
-0.050505627 0.092803441 -0.994402707 -51.268150330 -0.045313913 0.994435072 0.095107958 -7.500307560 0.997695267 0.049863763 -0.046019282 96.352416992
-0.041505244 0.092987858 -0.994801760 -51.873363495 -0.051393740 0.994143009 0.095070533 -7.507798672 0.997815609 0.055072509 -0.036483150 96.353050232
-0.030760901 0.090273440 -0.995441854 -52.445777893 -0.060256906 0.993934274 0.091998763 -7.519757271 0.997708797 0.062812209 -0.025134716 96.355400085
-0.018027801 0.083469622 -0.996347249 -53.007015228 -0.070517704 0.993921459 0.084542342 -7.515531063 0.997347593 0.071784228 -0.012032132 96.381004333
-0.004273749 0.079136230 -0.996854663 -53.517093658 -0.077524930 0.993837357 0.079229064 -7.557580471 0.996981263 0.077619687 0.001887619 96.414100647
0.011069032 0.077143602 -0.996958554 -53.991188049 -0.081421733 0.993778408 0.075993516 -7.574582100 0.996618271 0.080332920 0.017281331 96.459594727
0.028542466 0.078544877 -0.996501923 -54.482891083 -0.081521325 0.993770123 0.075994574 -7.581421375 0.996262789 0.079067081 0.034767732 96.512176514
0.046309128 0.082460582 -0.995517790 -54.959648132 -0.083760433 0.993397892 0.078388654 -7.601116657 0.995409310 0.079754889 0.052910328 96.573989868
0.064288072 0.086310461 -0.994191885 -55.398521423 -0.085897252 0.993033886 0.080655500 -7.611460209 0.994227707 0.080213167 0.071254067 96.639289856
0.083739884 0.092537425 -0.992181659 -55.819652557 -0.089976922 0.992313802 0.084955722 -7.631410122 0.992417157 0.082159266 0.091422476 96.700988770
0.103696950 0.095524803 -0.990011096 -56.233383179 -0.093950264 0.991867363 0.085863255 -7.643056870 0.990161777 0.084108047 0.111828201 96.798332214
0.124767758 0.095327824 -0.987595856 -56.631454468 -0.095070519 0.991942406 0.083736658 -7.654925823 0.987620652 0.083443619 0.132825300 96.925064087
0.151286170 0.096621484 -0.983756483 -57.017951965 -0.095278509 0.992002845 0.082779087 -7.678990841 0.983887434 0.081207521 0.159282267 97.000503540
0.178037152 0.098451257 -0.979086399 -57.407444000 -0.092345767 0.992263019 0.082984067 -7.689804554 0.979681075 0.075640239 0.185751230 97.123626709
0.205450013 0.100773826 -0.973465443 -57.785469055 -0.088618025 0.992513776 0.084042884 -7.698089123 0.974647164 0.068999968 0.212842360 97.259750366
0.234958559 0.100778192 -0.966766894 -58.162345886 -0.085730620 0.992883027 0.082665034 -7.710122108 0.968217313 0.063458666 0.241926149 97.388671875
0.263097882 0.098679945 -0.959709227 -58.505111694 -0.082751676 0.993397474 0.079458043 -7.733181953 0.961213648 0.058512304 0.269526720 97.544166565
0.291682869 0.097056761 -0.951578200 -58.850288391 -0.082780287 0.993667543 0.075975426 -7.748326302 0.952926278 0.056611188 0.297870189 97.710311890
0.322706044 0.097928077 -0.941419601 -59.189052582 -0.084108509 0.993665338 0.074531496 -7.773735523 0.942754805 0.055129640 0.328898400 97.863670349
0.350417137 0.098428473 -0.931407332 -59.497985840 -0.087806523 0.993535042 0.071959093 -7.791284561 0.932468653 0.056567941 0.356794387 98.062110901
0.380552053 0.089459591 -0.920422256 -59.813053131 -0.083031207 0.994595230 0.062339194 -7.787816525 0.921024382 0.052700456 0.385923207 98.256256104
0.413014710 0.086247891 -0.906631231 -60.110946655 -0.082504205 0.994955540 0.057065509 -7.819824219 0.906979561 0.051231991 0.418047100 98.430618286
0.442320198 0.078528836 -0.893412590 -60.399951935 -0.076325864 0.995841324 0.049743854 -7.841690540 0.893603504 0.046187777 0.446474493 98.645576477
0.472368777 0.074348271 -0.878259659 -60.698169708 -0.071082756 0.996403694 0.046118043 -7.861320496 0.878530025 0.040644392 0.475954890 98.870071411
0.500936627 0.072524115 -0.862439990 -60.984245300 -0.068123430 0.996695340 0.044245310 -7.883207798 0.862798750 0.036588274 0.504221797 99.124717712
0.530460417 0.070839502 -0.844744623 -61.279533386 -0.067181386 0.996881068 0.041410729 -7.899271965 0.845043421 0.034784362 0.533565044 99.380783081
0.560161114 0.071041517 -0.825331867 -61.560554504 -0.068481892 0.996876895 0.039328132 -7.922752380 0.825548172 0.034490194 0.563276708 99.642768860
0.591660619 0.075056732 -0.802685618 -61.868362427 -0.071503140 0.996618390 0.040485747 -7.965704441 0.803009927 0.033440717 0.595026672 99.903984070
0.621321559 0.075070441 -0.779951274 -62.148338318 -0.071061842 0.996696472 0.039323211 -7.987580299 0.780326664 0.030992419 0.624603629 100.211433411
0.652550161 0.074754700 -0.754049063 -62.424343109 -0.069897369 0.996817410 0.038333375 -8.017232895 0.754514813 0.027691597 0.655698478 100.533988953
0.684641361 0.072783232 -0.725237072 -62.700027466 -0.068660654 0.997017443 0.035241205 -8.040268898 0.725638986 0.025667666 0.687596738 100.877891541
0.716474891 0.068095811 -0.694281459 -62.959072113 -0.064535178 0.997426629 0.031230478 -8.070984840 0.694621444 0.022429723 0.719025671 101.245262146
0.747152269 0.063352965 -0.661626697 -63.208580017 -0.060290348 0.997803092 0.027459158 -8.098056793 0.661912799 0.019373532 0.749330461 101.640708923
0.778646588 0.061195079 -0.624471486 -63.448692322 -0.057197034 0.998011649 0.026481796 -8.139813423 0.624850333 0.015097956 0.780598521 102.058868408
0.808712840 0.059993580 -0.585136116 -63.687728882 -0.055774100 0.998124063 0.025251908 -8.172204018 0.585553408 0.012213897 0.810541809 102.496017456
0.837419569 0.058200087 -0.543453038 -63.901912689 -0.053854566 0.998262227 0.023921261 -8.210083961 0.543900847 0.009235295 0.839098632 102.953842163
0.864604235 0.056174785 -0.499303430 -64.104148865 -0.051726434 0.998401999 0.022755947 -8.248518944 0.499783874 0.006152299 0.866128325 103.442619324
0.888502598 0.051138394 -0.456013173 -64.262779236 -0.045407899 0.998691559 0.023522232 -8.286483765 0.456619382 -0.000192965 0.889662147 103.949607849
0.909613669 0.044252239 -0.413091660 -64.413368225 -0.038142279 0.999006867 0.023030130 -8.320343971 0.413700551 -0.005192264 0.910398185 104.483528137
0.927459300 0.038900405 -0.371895075 -64.559791565 -0.031950776 0.999180913 0.024833603 -8.370737076 0.372556508 -0.011149819 0.927942514 105.033370972
0.942252159 0.033312745 -0.333243281 -64.706001282 -0.026080770 0.999317646 0.026153125 -8.418215752 0.333887130 -0.015951598 0.942478061 105.621704102
0.953869820 0.029012859 -0.298815280 -64.821029663 -0.021895589 0.999391854 0.027139412 -8.456695557 0.299420953 -0.019344730 0.953925014 106.215194702
0.963478386 0.026668658 -0.266454875 -64.926429749 -0.019868582 0.999405265 0.028184313 -8.504413605 0.267048031 -0.021860896 0.963435233 106.822052002
0.971423149 0.022612209 -0.236274630 -65.026443481 -0.016453851 0.999472380 0.028003963 -8.549110413 0.236783192 -0.023316070 0.971282721 107.451126099
0.977826774 0.016998317 -0.208724231 -65.114944458 -0.011458939 0.999550045 0.027719885 -8.592705727 0.209101498 -0.024713488 0.977581620 108.096961975
0.982666075 0.012162142 -0.184985012 -65.178619385 -0.007438309 0.999628842 0.026208898 -8.632710457 0.185235113 -0.024378620 0.982391775 108.761955261
0.986413121 0.006891650 -0.164138973 -65.246994019 -0.002629539 0.999654055 0.026169613 -8.676582336 0.164262548 -0.025382441 0.986090004 109.443885803
0.988924861 0.002069405 -0.148402497 -65.300918579 0.001827836 0.999657154 0.026120098 -8.724580765 0.148405671 -0.026102070 0.988582015 110.142532349
0.990537643 -0.002621025 -0.137216225 -65.347442627 0.006290928 0.999633789 0.026318580 -8.770732880 0.137097001 -0.026932761 0.990191400 110.842834473
0.991654694 -0.006338721 -0.128766492 -65.402236938 0.010014588 0.999559999 0.027919382 -8.817825317 0.128532872 -0.028975928 0.991281867 111.571105957
0.992311835 -0.009840488 -0.123370931 -65.457000732 0.013811335 0.999412358 0.031372435 -8.864696503 0.122989707 -0.032835159 0.991864622 112.310028076
0.992704213 -0.013442047 -0.119823359 -65.506347656 0.017334098 0.999353468 0.031498659 -8.912752151 0.119322479 -0.033345882 0.992295444 113.077575684
0.992766798 -0.015639368 -0.119035803 -65.556777954 0.019287745 0.999376953 0.029559234 -8.966039658 0.118499346 -0.031641357 0.992449880 113.835083008
0.992699385 -0.016250458 -0.119515248 -65.622192383 0.019261677 0.999524355 0.024083339 -9.022548676 0.119067036 -0.026209580 0.992540240 114.609527588
0.992429435 -0.017337823 -0.121586084 -65.687019348 0.019632248 0.999650598 0.017698208 -9.075325966 0.121236756 -0.019951232 0.992423117 115.408393860
0.992172718 -0.018499631 -0.123495176 -65.759727478 0.020727385 0.999644339 0.016778745 -9.128423691 0.123140857 -0.019207146 0.992203295 116.224990845
0.991994321 -0.018966911 -0.124849774 -65.830245972 0.021867409 0.999520957 0.021902498 -9.183213234 0.124374546 -0.024457296 0.991933882 117.061538696
0.991896689 -0.017815992 -0.125791758 -65.905464172 0.021762952 0.999310791 0.030072618 -9.240752220 0.125169277 -0.032566529 0.991600752 117.904426575
0.991693377 -0.018347226 -0.127309382 -65.982513428 0.022830518 0.999166250 0.033846248 -9.295286179 0.126582250 -0.036471639 0.991285384 118.771179199
0.991343617 -0.021155301 -0.129577473 -66.058868408 0.025664439 0.999118209 0.033228237 -9.353040695 0.128760263 -0.036266133 0.991012394 119.644416809
0.990829587 -0.025635146 -0.132663235 -66.149101257 0.029743955 0.999134362 0.029082922 -9.417146683 0.131802857 -0.032762147 0.990734398 120.528800964
0.990076780 -0.028868709 -0.137530029 -66.231979370 0.032474570 0.999183238 0.024047019 -9.475070953 0.136723503 -0.028274624 0.990205646 121.416992188
0.989562869 -0.027065815 -0.141537309 -66.331817627 0.030085040 0.999362230 0.019235106 -9.533328056 0.140926421 -0.023292501 0.989746034 122.341842651
0.989102840 -0.022901088 -0.145434111 -66.438903809 0.025669428 0.999522746 0.017186796 -9.599669456 0.144971117 -0.020732719 0.989218652 123.255119324
0.988368154 -0.022544678 -0.150399894 -66.537010193 0.025789885 0.999473989 0.019661447 -9.658357620 0.149877518 -0.023311542 0.988429725 124.181076050
0.987636268 -0.020515231 -0.155414715 -66.645538330 0.024551708 0.999408066 0.024097260 -9.731388092 0.154828370 -0.027615026 0.987555385 125.122985840
0.986960053 -0.019330911 -0.159800246 -66.769439697 0.024378901 0.999261856 0.029689321 -9.794829369 0.159108371 -0.033197928 0.986702800 126.066963196
0.986248493 -0.021330738 -0.163887054 -66.898811340 0.026800206 0.999152720 0.031234916 -9.860513687 0.163081929 -0.035197593 0.985984504 127.070640564
0.985371590 -0.021168031 -0.169099674 -67.020698547 0.027161648 0.999079227 0.033209864 -9.923167229 0.168240979 -0.037317086 0.985039294 128.037063599
0.984954357 -0.021272004 -0.171500579 -67.154220581 0.026941223 0.999162495 0.030796902 -9.983459473 0.170701832 -0.034953978 0.984702528 129.000961304
0.984459043 -0.021086315 -0.174343854 -67.279319763 0.026773745 0.999181151 0.030334337 -10.043974876 0.173561454 -0.034530751 0.984217465 130.000946045
0.984517574 -0.019996773 -0.174141526 -67.436859131 0.025684958 0.999205589 0.030471796 -10.119928360 0.173393846 -0.034472838 0.984249055 130.994506836
0.984615445 -0.018463926 -0.173757046 -67.578231812 0.023861017 0.999293923 0.029023498 -10.180075645 0.173098475 -0.032723006 0.984360754 131.998168945
0.984670818 -0.016872734 -0.173604831 -67.712638855 0.021766387 0.999416471 0.026323222 -10.250935555 0.173059374 -0.029698459 0.984463513 133.001525879
0.984825134 -0.016470466 -0.172766089 -67.859085083 0.021303285 0.999430835 0.026156282 -10.318217278 0.172236964 -0.029439850 0.984615505 134.041671753
0.984867990 -0.018027768 -0.172365919 -67.990554810 0.023343846 0.999310732 0.028864563 -10.386823654 0.171726748 -0.032451466 0.984609962 135.081024170
