1.000000000 0.000000000 0.000000000 0.000000000 0.000000000 1.000000000 0.000000000 0.000000000 0.000000000 0.000000000 1.000000000 0.000000000
0.999799013 -0.000123997 0.020048717 0.037200905 0.000128789 0.999999940 -0.000237745 -0.020327905 -0.020048687 0.000240279 0.999798954 0.223192587
0.998983860 0.005824310 0.044692088 0.070445068 -0.005897325 0.999981463 0.001502065 -0.040701769 -0.044682510 -0.001764102 0.998999655 0.465801567
0.997561514 0.012736538 0.068621092 0.120248519 -0.013115791 0.999901056 0.005079038 -0.062504053 -0.068549618 -0.005966673 0.997629881 0.734500110
0.995334864 0.014185606 0.095432363 0.183448300 -0.014923350 0.999863982 0.007021248 -0.084165618 -0.095319785 -0.008412664 0.995411158 0.995691359
0.992050886 0.013777472 0.125080645 0.260174990 -0.015112186 0.999838471 0.009728217 -0.105321489 -0.124926411 -0.011541127 0.992098868 1.274923086
0.987741828 0.009153820 0.155827776 0.357768834 -0.010618194 0.999906898 0.008567578 -0.133530080 -0.155734837 -0.010117165 0.987747073 1.556163788
0.981986523 0.002975082 0.188927487 0.478513300 -0.004633475 0.999954522 0.008336863 -0.160342589 -0.188894093 -0.009062079 0.981955647 1.847107649
0.974513769 -0.004152737 0.224289343 0.610771120 0.002010903 0.999950171 0.009777000 -0.188135475 -0.224318773 -0.009076797 0.974473536 2.147808790
0.965082109 -0.008509864 0.261809349 0.756979167 0.005367694 0.999904752 0.012714552 -0.214525133 -0.261892617 -0.010865274 0.965035856 2.451433659
0.953253686 -0.012157233 0.301926583 0.919660807 0.007395457 0.999829650 0.016909460 -0.232261404 -0.302080721 -0.013886119 0.953181207 2.766988039
0.938867271 -0.015194973 0.343943775 1.101433516 0.008263384 0.999732316 0.021610174 -0.249538466 -0.344180077 -0.017446946 0.938741565 3.070460081
0.921701074 -0.025300581 0.387075007 1.309791803 0.014782006 0.999436736 0.030127855 -0.269665211 -0.387619227 -0.022047130 0.921555877 3.380476713
0.902974725 -0.037540883 0.428050607 1.543412566 0.023086712 0.998975933 0.038910635 -0.291616857 -0.429073006 -0.025253041 0.902916729 3.684566975
0.881105602 -0.048513614 0.470424682 1.788592935 0.029338345 0.998415768 0.048013158 -0.310905039 -0.472008705 -0.028503180 0.881133020 3.972356796
0.856475890 -0.055704668 0.513172567 2.051229954 0.031837873 0.997968018 0.055192176 -0.328849614 -0.515204251 -0.030932443 0.856509030 4.251425266
0.829634428 -0.062119354 0.554840386 2.332101583 0.034749538 0.997609437 0.059731480 -0.334701300 -0.557224512 -0.030274846 0.829809785 4.533418655
0.799800277 -0.072471142 0.595875382 2.636217594 0.041678466 0.996994019 0.065313734 -0.351463139 -0.598817527 -0.027402770 0.800416529 4.799413681
0.767006218 -0.082293585 0.636340499 2.965326071 0.048006859 0.996321619 0.070982940 -0.360431463 -0.639841199 -0.023895651 0.768135548 5.064801216
0.732420862 -0.090772122 0.674774110 3.317471981 0.054029319 0.995696247 0.075298175 -0.365326017 -0.678705037 -0.018692365 0.734173059 5.315577984
0.695951998 -0.095321551 0.711733520 3.687982559 0.056595393 0.995348394 0.077965237 -0.366219521 -0.715854585 -0.013979224 0.698109448 5.562403679
0.658672214 -0.098342583 0.745975614 4.081440449 0.056643143 0.995089471 0.081169412 -0.366285324 -0.750294924 -0.011209631 0.661008239 5.795173645
0.620475650 -0.102317132 0.777522504 4.485031128 0.056240693 0.994705081 0.086016022 -0.371181130 -0.782206476 -0.009642445 0.622944653 6.031815529
0.582721055 -0.107249029 0.805564284 4.915122032 0.056649696 0.994203031 0.091384806 -0.369703114 -0.810695350 -0.007616880 0.585418701 6.252712727
0.545750976 -0.110725813 0.830599606 5.374006271 0.056880567 0.993840039 0.095113367 -0.359607518 -0.836014628 -0.004663236 0.548687339 6.468874454
0.508930266 -0.112988196 0.853360236 5.846745491 0.057788037 0.993596315 0.097092152 -0.360362828 -0.858865857 -0.000099118 0.512200594 6.663781166
0.472396880 -0.114317857 0.873940885 6.326753616 0.058938082 0.993430793 0.098089829 -0.360511363 -0.879413128 0.005171070 0.476031244 6.842316628
0.436451375 -0.113614067 0.892525673 6.830821037 0.059941549 0.993462980 0.097151041 -0.355545163 -0.897728920 0.011097664 0.440408498 7.010952950
0.401620656 -0.112976670 0.908810794 7.354453087 0.060634874 0.993464470 0.096704490 -0.347583234 -0.913796604 0.016267106 0.405846179 7.164464951
0.367761225 -0.112973399 0.923032343 7.898882866 0.061280865 0.993379653 0.097167507 -0.345220447 -0.927898884 0.020829780 0.372249603 7.320394993
0.337104857 -0.114706516 0.934453189 8.461731911 0.063294344 0.993065655 0.099067852 -0.340854526 -0.939337075 0.025749343 0.342027545 7.457989693
0.310096383 -0.116011016 0.943600357 9.040596008 0.065839119 0.992764473 0.100418724 -0.331429720 -0.948422611 0.030986341 0.315490723 7.584751129
0.287040025 -0.118725747 0.950532615 9.637438774 0.068513244 0.992292762 0.103252277 -0.326489806 -0.955465317 0.035486542 0.292962015 7.708353043
0.266789675 -0.121793754 0.956027985 10.248487473 0.069509700 0.991830885 0.106957465 -0.324217200 -0.961244881 0.037918068 0.273076087 7.832716942
0.250752628 -0.124298364 0.960038066 10.869447708 0.070799366 0.991421282 0.109869517 -0.312328458 -0.965458751 0.040420011 0.257401735 7.947607040
0.238129199 -0.125803411 0.963051379 11.497662544 0.071108952 0.991172671 0.111894116 -0.297806501 -0.968626857 0.041836318 0.244972900 8.069914818
0.228197888 -0.128016919 0.965161860 12.157279015 0.071004830 0.990866482 0.114638314 -0.283994198 -0.971022189 0.042370934 0.235203445 8.186758041
0.218910962 -0.129125848 0.967163146 12.818575859 0.071154229 0.990678489 0.116160102 -0.269193649 -0.973146975 0.043389026 0.226058245 8.307198524
0.210550725 -0.130237460 0.968868732 13.494235039 0.070954017 0.990507901 0.117726803 -0.252091885 -0.975004554 0.043957662 0.217793033 8.414267540
0.201878011 -0.132547766 0.970400095 14.189450264 0.070563540 0.990193546 0.120571628 -0.232256174 -0.976865411 0.044134103 0.209251344 8.520114899
0.191883624 -0.134769395 0.972120285 14.886092186 0.069489203 0.989906251 0.123518899 -0.204681516 -0.978954494 0.043850608 0.199311823 8.635732651
0.182582989 -0.136157006 0.973716974 15.595667839 0.068507925 0.989719272 0.125548631 -0.177188158 -0.980800748 0.043784283 0.190033734 8.729882240
0.172598362 -0.139046520 0.975128651 16.305076599 0.069224253 0.989250541 0.128807470 -0.159815788 -0.982556760 0.045270596 0.180368409 8.815441132
0.161116973 -0.140595645 0.976869583 17.031288147 0.068985395 0.988984406 0.130961373 -0.147283554 -0.984521389 0.046289634 0.169041216 8.900745392
0.147488773 -0.140200466 0.979076564 17.747879028 0.066501893 0.989067972 0.131613299 -0.121833801 -0.986825526 0.045698959 0.155200005 8.987096786
0.131409287 -0.140880883 0.981266618 18.495758057 0.063928410 0.988994360 0.133429199 -0.109014988 -0.989264786 0.045196984 0.138969332 9.031112671
0.113172837 -0.139516145 0.983731270 19.227041245 0.063259177 0.989095271 0.132999271 -0.080509186 -0.991559446 0.047178127 0.120764390 9.067182541
0.093268909 -0.139859900 0.985768795 19.959497452 0.064923368 0.988831758 0.134151727 -0.060798883 -0.993521929 0.051487248 0.101307437 9.092020035
0.073951639 -0.138292581 0.987626612 20.701757431 0.066665314 0.988808632 0.133466318 -0.036854982 -0.995031118 0.055970382 0.082343340 9.100330353
0.054409206 -0.137406260 0.989019275 21.442136765 0.066419579 0.988790810 0.133720562 -0.005642891 -0.996307194 0.058414616 0.062925786 9.096347809
0.034653783 -0.137887508 0.989841461 22.186920166 0.065365925 0.988628328 0.135430083 0.020340919 -0.997259438 0.060008742 0.043272857 9.062971115
0.011834562 -0.136550426 0.990562439 22.938711166 0.063239731 0.988750875 0.135545149 0.053898335 -0.997928202 0.061038785 0.020336846 9.035324097
-0.012052658 -0.136495337 0.990567386 23.685628891 0.061383434 0.988669991 0.136980757 0.072975159 -0.998041511 0.062455408 -0.003537549 8.980067253
-0.035293523 -0.135221943 0.990186572 24.444959641 0.059274334 0.988776326 0.137142092 0.099574804 -0.997617602 0.063532881 -0.026882211 8.905738831
-0.059309375 -0.132941186 0.989347756 25.201885223 0.056758076 0.989040017 0.136302367 0.128550529 -0.996624768 0.064237483 -0.051113863 8.816685677
-0.084722295 -0.131530389 0.987685144 25.957969666 0.053482138 0.989219844 0.136322379 0.151696682 -0.994968235 0.064373054 -0.076774448 8.703327179
-0.110914633 -0.127344251 0.985637546 26.699853897 0.054212034 0.989504874 0.133944437 0.171697855 -0.992350221 0.068289816 -0.102846980 8.559124947
-0.139127240 -0.121625409 0.982777119 27.448616028 0.057018340 0.989798665 0.130566195 0.198648453 -0.988631666 0.074201629 -0.130773067 8.404460907
-0.165868774 -0.115216628 0.979394019 28.186248779 0.061787251 0.989985824 0.126926854 0.211636066 -0.984210312 0.081567265 -0.157088816 8.210416794
-0.192540482 -0.108872153 0.975230753 28.920370102 0.065562949 0.990178227 0.123484984 0.229787111 -0.979096353 0.087714866 -0.183511406 8.008955002
-0.219598979 -0.103106029 0.970126510 29.665731430 0.069182761 0.990250349 0.120905101 0.246968508 -0.973134100 0.093666673 -0.210324809 7.784303665
-0.246501848 -0.094472811 0.964526713 30.401063919 0.073247872 0.990574598 0.115743920 0.257509708 -0.966370344 0.099180616 -0.237258539 7.534910679
-0.272763073 -0.082871959 0.958505392 31.131025314 0.074916691 0.991428494 0.107037619 0.261445284 -0.959159911 0.101003960 -0.264216602 7.260878086
-0.299100637 -0.068428084 0.951764882 31.863599777 0.076498799 0.992495537 0.095396891 0.263478518 -0.951150239 0.101342142 -0.291621387 6.973121643
-0.324216306 -0.053447451 0.944471896 32.595893860 0.077339038 0.993562818 0.082774274 0.257161856 -0.942816257 0.099881314 -0.317995667 6.657288551
-0.349549800 -0.039861780 0.936069429 33.324512482 0.075145155 0.994683087 0.070418723 0.244053125 -0.933899403 0.094955929 -0.344695836 6.334836960
-0.375380546 -0.027901070 0.926450729 34.074684143 0.076341912 0.995219827 0.060904447 0.219632983 -0.923721492 0.093589365 -0.371456176 5.973176956
-0.400590181 -0.020001044 0.916038990 34.813827515 0.078315265 0.995355666 0.055980671 0.196151972 -0.912904263 0.094165146 -0.397163332 5.581888199
-0.425247848 -0.016802402 0.904920936 35.553413391 0.081722572 0.995030761 0.056879286 0.170831561 -0.901379883 0.098140262 -0.421761543 5.175093651
-0.447494924 -0.018977059 0.894085109 36.296806335 0.085994713 0.994228601 0.064143479 0.145500422 -0.890142262 0.105590470 -0.443280309 4.736507416
-0.466744125 -0.020164207 0.884162486 37.037460327 0.092599750 0.993130624 0.071532197 0.125869513 -0.879531264 0.115260459 -0.461670697 4.274906158
-0.482598722 -0.017926347 0.875658095 37.775337219 0.099307828 0.992222965 0.075043857 0.106193542 -0.870193362 0.123175777 -0.477065295 3.792852402
-0.496400744 -0.015242204 0.867959678 38.525413513 0.101478957 0.991971850 0.075457498 0.094365120 -0.862141728 0.125536799 -0.490868807 3.303833008
-0.508482695 -0.011568685 0.860994518 39.268188477 0.103084765 0.991900623 0.074206978 0.080324411 -0.854879498 0.126488373 -0.503171742 2.801439285
-0.519026637 -0.009486164 0.854705453 40.058155060 0.104238860 0.991772473 0.074307308 0.069058895 -0.848378241 0.127660990 -0.513767481 2.264989853
-0.527328551 -0.010328989 0.849598646 40.837234497 0.101356000 0.992021382 0.074970089 0.055304289 -0.843594432 0.125645787 -0.522074282 1.735078812
-0.533723533 -0.011857827 0.845575869 41.596244812 0.099933907 0.992011011 0.076989159 0.041486740 -0.839733541 0.125592634 -0.528274596 1.200405121
-0.539940298 -0.012279145 0.841613710 42.380615234 0.100168049 0.991850436 0.078734271 0.025722742 -0.835721731 0.126814619 -0.534310043 0.664487839
-0.543977201 -0.016883858 0.838930130 43.169155121 0.097260460 0.991789877 0.083025634 0.012281179 -0.833444178 0.126758784 -0.537868917 0.089893341
-0.546631217 -0.018946512 0.837159097 43.950031281 0.094738059 0.991925716 0.084309317 0.002085686 -0.831996977 0.125396937 -0.540422618 -0.466962814
-0.548300326 -0.020950399 0.836019039 44.766246796 0.091746174 0.992145061 0.085034296 -0.006605864 -0.831233680 0.123325877 -0.542071342 -1.051132202
-0.549441576 -0.021141123 0.835264623 45.570125580 0.090396233 0.992307842 0.084579125 -0.009247303 -0.830627739 0.121976063 -0.543304145 -1.632583618
-0.550679922 -0.021476183 0.834440172 46.388839722 0.088807277 0.992487669 0.084151313 -0.007250071 -0.829978824 0.120444797 -0.544635832 -2.230642319
-0.550964475 -0.022877246 0.834215045 47.185871124 0.086915992 0.992614806 0.084625557 -0.020826817 -0.829990208 0.119132310 -0.544907093 -2.815298080
-0.552156925 -0.023518428 0.833408415 48.004135132 0.084978737 0.992808759 0.084317483 -0.031551838 -0.829398155 0.117378481 -0.546187639 -3.382766724
-0.552159786 -0.025295194 0.833354533 48.817920685 0.083472639 0.992840290 0.085443012 -0.041217089 -0.829549193 0.116740495 -0.546095014 -3.959295273
-0.551721454 -0.026683616 0.833601475 49.642002106 0.082248785 0.992875397 0.086218566 -0.053719997 -0.829963028 0.116131343 -0.545595944 -4.552734375
-0.551613331 -0.025746990 0.833702505 50.466293335 0.083587408 0.992785573 0.085964918 -0.068019390 -0.829901159 0.117106430 -0.545481622 -5.145034790
-0.549771845 -0.024522923 0.834954858 51.300498962 0.084845044 0.992759943 0.085023507 -0.081131935 -0.830994725 0.117585309 -0.543710828 -5.761499405
-0.548659086 -0.025978619 0.835642457 52.134300232 0.084016949 0.992744029 0.086025767 -0.092799187 -0.831813872 0.117406949 -0.542495370 -6.358060837
-0.547699213 -0.025609516 0.836283267 52.974117279 0.084355399 0.992748082 0.085647032 -0.099865437 -0.832412004 0.117453821 -0.541567028 -6.959339142
-0.546818793 -0.026205990 0.836840749 53.818695068 0.082609631 0.992944121 0.085074231 -0.112134933 -0.833165586 0.115651295 -0.540795624 -7.561582565
-0.546153724 -0.026513359 0.837265313 54.669322968 0.080449551 0.993218839 0.083929658 -0.124341011 -0.833812952 0.113196105 -0.540317178 -8.165853500
-0.545800626 -0.025756301 0.837519109 55.522121429 0.079662159 0.993404984 0.082465097 -0.143298626 -0.834119678 0.111728087 -0.540149271 -8.765630722
-0.545454323 -0.026873047 0.837709606 56.388050079 0.077428237 0.993596196 0.082289279 -0.150541306 -0.834556460 0.109747417 -0.539880574 -9.373899460
-0.545538604 -0.028813608 0.837590218 57.260540009 0.076996230 0.993459046 0.084324710 -0.165715218 -0.834541321 0.110493675 -0.539751768 -9.987867355
-0.545996487 -0.030518644 0.837231457 58.133445740 0.076838203 0.993300140 0.086317301 -0.174195290 -0.834256411 0.111460298 -0.539993405 -10.611139297
-0.546294808 -0.031079009 0.837016165 59.006137848 0.078142636 0.993061841 0.087874398 -0.191368103 -0.833939850 0.113411978 -0.540075958 -11.238079071
-0.546072483 -0.030325051 0.837188900 59.882862091 0.079921640 0.992900610 0.088095739 -0.200470448 -0.833916843 0.115016170 -0.539772093 -11.870132446
-0.546298087 -0.028343422 0.837111115 60.763355255 0.082037598 0.992811263 0.087152891 -0.208946705 -0.833563566 0.116286047 -0.540045679 -12.500261307
-0.546354592 -0.026125938 0.837146401 61.649765015 0.083862111 0.992784023 0.085714832 -0.225830555 -0.833344936 0.117035553 -0.540221155 -13.134689331
-0.546098411 -0.023848796 0.837381482 62.534221649 0.085603893 0.992773414 0.084100977 -0.240468502 -0.833335757 0.117610529 -0.540110409 -13.771173477
-0.546610177 -0.023818601 0.837048352 63.430404663 0.085732676 0.992750943 0.084234431 -0.252552986 -0.832986891 0.117805794 -0.540605783 -14.407537460
-0.547022402 -0.025417455 0.836732030 64.316223145 0.089470707 0.992038369 0.088627622 -0.263883114 -0.832322955 0.123344295 -0.540393114 -15.045000076
-0.547220647 -0.028162194 0.836514473 65.209350586 0.088230766 0.991924345 0.091111943 -0.275956631 -0.832324982 0.123664647 -0.540316701 -15.686986923
-0.548417568 -0.031510293 0.835610688 66.093444824 0.083208822 0.992273688 0.092028514 -0.284117222 -0.832054377 0.120000236 -0.541558385 -16.314748764
-0.548833668 -0.027246296 0.835487425 66.985595703 0.085048772 0.992462337 0.088234186 -0.292517662 -0.831593812 0.119483076 -0.542379498 -16.973213196
-0.549988747 -0.027065076 0.834733427 67.870178223 0.082921721 0.992766559 0.086824499 -0.303807735 -0.831045389 0.116970025 -0.543766141 -17.609523773
-0.550818920 -0.026544765 0.834202528 68.767662048 0.082623400 0.992850304 0.086148754 -0.326210976 -0.830525041 0.116377018 -0.544687510 -18.249732971
-0.551870286 -0.026737921 0.833501220 69.641960144 0.081804298 0.992929697 0.086015761 -0.335102558 -0.829907954 0.115653522 -0.545781136 -18.874423981
-0.552665949 -0.033067994 0.832746565 70.544013977 0.082165614 0.992182434 0.093929686 -0.340598583 -0.829342604 0.120334871 -0.545628428 -19.518171310
-0.553132653 -0.041750286 0.832046390 71.415489197 0.081800252 0.991195560 0.104115702 -0.339304924 -0.829067528 0.125651404 -0.544847488 -20.157722473
-0.552978933 -0.045149490 0.831971049 72.294792175 0.082805157 0.990609288 0.108795866 -0.329304695 -0.829070330 0.129053310 -0.544047415 -20.802665710
-0.553093910 -0.040436182 0.832137048 73.181205750 0.083076909 0.991166115 0.103382379 -0.320930004 -0.828966439 0.126311541 -0.544848621 -21.442041397
-0.552987039 -0.035137035 0.832448602 74.038276672 0.084874943 0.991537392 0.098233603 -0.322482109 -0.828855574 0.124975942 -0.545325100 -22.064731598
-0.552528679 -0.028652610 0.833001256 74.908912659 0.091214955 0.991327584 0.094601296 -0.328061104 -0.828487754 0.128252089 -0.545123339 -22.700532913
-0.551227570 -0.030665068 0.833791256 75.789878845 0.090335436 0.991256416 0.096177943 -0.336325169 -0.829450250 0.128336832 -0.543637753 -23.333950043
-0.550357223 -0.035719000 0.834164917 76.669876099 0.088783540 0.990916193 0.101007842 -0.324922562 -0.830195427 0.129650503 -0.542186618 -23.965120316
-0.549551189 -0.042714033 0.834367394 77.559135437 0.086014129 0.990492582 0.107359305 -0.313294411 -0.831020474 0.130766824 -0.540652394 -24.601783752
-0.548902750 -0.049872562 0.834397078 78.459571838 0.077265516 0.990917563 0.110056534 -0.296910286 -0.832307518 0.124880455 -0.540063918 -25.216850281
-0.545219898 -0.056958642 0.836355805 79.316116333 0.071692050 0.990865588 0.114217296 -0.283877373 -0.835221827 0.122233599 -0.536156178 -25.861166000
-0.542201936 -0.056272242 0.838361800 80.183296204 0.074541561 0.990599573 0.114699692 -0.275479317 -0.836935222 0.124683194 -0.532910407 -26.473306656
-0.537828565 -0.052011430 0.841448307 81.064338684 0.077622309 0.990800440 0.110857010 -0.262291908 -0.839473188 0.124937221 -0.528843522 -27.073102951
-0.531624913 -0.047553420 0.845643878 81.959281921 0.083224267 0.990658224 0.108028069 -0.247185707 -0.842881143 0.127808511 -0.522701025 -27.658494949
-0.520147979 -0.043480694 0.852968633 82.820159912 0.091544256 0.990111470 0.106296167 -0.249879837 -0.849155903 0.133374110 -0.511024117 -28.261501312
-0.511023998 -0.041305263 0.858573437 83.705368042 0.094844446 0.990036190 0.104081355 -0.245836258 -0.854317844 0.134618998 -0.502014637 -28.825151443
-0.500174403 -0.044921666 0.864758730 84.604660034 0.092630200 0.990147471 0.105012335 -0.242286682 -0.860956013 0.132627249 -0.491085321 -29.390388489
-0.489796042 -0.047722869 0.870529950 85.528053284 0.091975488 0.990100384 0.106026985 -0.220542908 -0.866971910 0.131999016 -0.480557919 -29.942771912
-0.477886856 -0.051783375 0.876893759 86.446189880 0.091003366 0.989970863 0.108055681 -0.212527275 -0.873694777 0.131438673 -0.468381613 -30.494396210
-0.465670764 -0.053376090 0.883346915 87.375572205 0.094574772 0.989461303 0.109644674 -0.193958282 -0.879889965 0.134600654 -0.455715179 -31.022182465
-0.452785552 -0.054999240 0.889921546 88.319770813 0.092256039 0.989848554 0.108114161 -0.198556900 -0.886833727 0.131053165 -0.443115115 -31.542957306
-0.439871401 -0.045703631 0.896897078 89.260223389 0.092251323 0.991121531 0.095748529 -0.202835083 -0.893310070 0.124856979 -0.431749791 -32.046676636
-0.428143114 -0.035617035 0.903008819 90.213035583 0.091596462 0.992366970 0.082570143 -0.206004143 -0.899057031 0.118064255 -0.421612710 -32.537590027
-0.414779097 -0.037257817 0.909159005 91.186218262 0.089120515 0.992693961 0.081339933 -0.230931759 -0.905547261 0.114762828 -0.408428282 -33.052558899
-0.403447390 -0.042056069 0.914035857 92.152664185 0.088054508 0.992522240 0.084533826 -0.244345665 -0.910756052 0.114589930 -0.396727264 -33.505775452
-0.390979528 -0.043586619 0.919366777 93.130165100 0.084732607 0.992931724 0.083108559 -0.263722420 -0.916490793 0.110394090 -0.384522736 -33.966793060
-0.380525291 -0.038639281 0.923962951 94.099601746 0.083544873 0.993604779 0.075958796 -0.283104897 -0.920988977 0.106096603 -0.374863654 -34.414466858
-0.373463094 -0.037470680 0.926887929 95.097846985 0.081533946 0.993990958 0.073035188 -0.313728809 -0.924054921 0.102848776 -0.368163794 -34.855087280
-0.367393553 -0.036542021 0.929347456 96.079261780 0.076135054 0.994692683 0.069209427 -0.340578079 -0.926944137 0.096183017 -0.362661541 -35.279293060
-0.361772209 -0.036199983 0.931563437 97.068656921 0.072522953 0.995124936 0.066834196 -0.376616001 -0.929441392 0.091738485 -0.357383192 -35.706192017
-0.357426018 -0.041152574 0.933034360 98.064422607 0.069221929 0.995113552 0.070408128 -0.402065754 -0.931372643 0.089752130 -0.352830827 -36.121353149
-0.354797453 -0.047326058 0.933744609 99.068939209 0.066613123 0.994900286 0.075736851 -0.426918507 -0.932567120 0.089070886 -0.349835545 -36.540458679
-0.353418797 -0.056079447 0.933782756 100.078926086 0.057973646 0.994969785 0.081696019 -0.441254616 -0.933667064 0.083007701 -0.348389894 -36.955989838
-0.353155196 -0.057664279 0.933785975 101.090454102 0.052600157 0.995296180 0.081355959 -0.461588860 -0.934084892 0.077848569 -0.348460883 -37.363868713
-0.350401253 -0.052911449 0.935103893 102.093650818 0.050915156 0.995850563 0.075427584 -0.484352112 -0.935214758 0.074040882 -0.346253276 -37.782104492
-0.345973104 -0.047143795 0.937059283 103.104721069 0.053298004 0.996136606 0.069794238 -0.520864487 -0.936729372 0.074090317 -0.342123806 -38.203941345
-0.340775669 -0.045159370 0.939059436 104.107452393 0.056090958 0.996089756 0.068256833 -0.550614357 -0.938469887 0.075933009 -0.336910129 -38.611549377
-0.334023982 -0.050713673 0.941199303 105.124847412 0.055803578 0.995735943 0.073456451 -0.585930824 -0.940911233 0.077058509 -0.329769701 -39.022975922
-0.327943593 -0.051978730 0.943266273 106.146789551 0.056459911 0.995621920 0.074493103 -0.610605240 -0.943008602 0.077686265 -0.323573142 -39.416824341
-0.321531296 -0.049712490 0.945593119 107.166938782 0.058616605 0.995660722 0.072276168 -0.642086983 -0.945082903 0.078666508 -0.317222089 -39.797565460
-0.314978838 -0.043998290 0.948078334 108.200614929 0.057179224 0.996230721 0.065229520 -0.675667763 -0.947374701 0.074756302 -0.311275810 -40.179214478
-0.307348847 -0.043520968 0.950601161 109.220977783 0.059275538 0.996138096 0.064770766 -0.711030483 -0.949748993 0.076254614 -0.303582162 -40.554611206
-0.298526347 -0.044793416 0.953349650 110.246665955 0.060836144 0.995973527 0.065845989 -0.750996113 -0.952460468 0.077654876 -0.294599295 -40.937789917
-0.289414614 -0.046801575 0.956058979 111.284660339 0.061057344 0.995867312 0.067233346 -0.785736084 -0.955254495 0.077832736 -0.285360962 -41.295917511
-0.279776126 -0.049338665 0.958796620 112.324844360 0.058621604 0.995937228 0.068355620 -0.819129944 -0.958273888 0.075330466 -0.275747180 -41.642364502
-0.271269679 -0.050756883 0.961164117 113.373260498 0.060128607 0.995764434 0.069554158 -0.859063148 -0.960623384 0.076661393 -0.267068744 -41.977157593
-0.262406021 -0.050410703 0.963639915 114.421470642 0.061763797 0.995709300 0.068907067 -0.897640228 -0.962978899 0.077599689 -0.258166552 -42.302955627
-0.253511012 -0.050185971 0.966029763 115.479812622 0.063742235 0.995616138 0.068450600 -0.923547745 -0.965230048 0.078929879 -0.249200702 -42.630310059
-0.244858220 -0.049142692 0.968312681 116.526023865 0.071725778 0.995059967 0.068637513 -0.959501266 -0.966902196 0.086259440 -0.240123808 -42.951129913
-0.235786170 -0.051360887 0.970446765 117.593345642 0.075061873 0.994656622 0.070879720 -0.992887497 -0.968901753 0.089556009 -0.230671018 -43.275962830
-0.228664398 -0.051850460 0.972123504 118.629905701 0.075335182 0.994643629 0.070772082 -1.024448395 -0.970586002 0.089418158 -0.223533407 -43.566318512
-0.222761750 -0.051760282 0.973497868 119.670745850 0.076183327 0.994611382 0.070315607 -1.060827255 -0.971891642 0.089827932 -0.217618093 -43.850578308
-0.217034310 -0.051945589 0.974780858 120.735267639 0.072410464 0.994975328 0.069143884 -1.093749046 -0.973474622 0.085590929 -0.212182373 -44.115333557
-0.212203577 -0.055101223 0.975670815 121.783462524 0.071830258 0.994828820 0.071805902 -1.129275322 -0.974582016 0.085320152 -0.207148299 -44.373378754
-0.208104566 -0.061825164 0.976150692 122.805236816 0.068142936 0.994658947 0.077524722 -1.156496048 -0.975730002 0.082651019 -0.202780128 -44.625602722
-0.203772008 -0.064899303 0.976864934 123.797378540 0.066622496 0.994568169 0.079972759 -1.191032410 -0.976748884 0.081377387 -0.198341399 -44.883544922
-0.201738775 -0.062365279 0.977451801 124.827301025 0.064229809 0.994980156 0.076740213 -1.218401909 -0.977331042 0.078263022 -0.196720362 -45.125904083
-0.199678779 -0.058630142 0.978105783 125.823493958 0.063919924 0.995302737 0.072710127 -1.243724823 -0.977774322 0.077039115 -0.194993183 -45.374092102
-0.198801070 -0.056573808 0.978405595 126.823776245 0.062312312 0.995582819 0.070228204 -1.276528358 -0.978056908 0.074928157 -0.194397688 -45.609859467
-0.197977960 -0.056409605 0.978581965 127.812515259 0.060968250 0.995701015 0.069730967 -1.308901787 -0.978308558 0.073467627 -0.193687662 -45.849056244
-0.198339731 -0.054570779 0.978612959 128.807556152 0.060055159 0.995896220 0.067706190 -1.334684372 -0.978291750 0.072199591 -0.194248527 -46.078598022
-0.197910354 -0.056481615 0.978591502 129.786056519 0.053893842 0.996201396 0.068397500 -1.364600182 -0.978737414 0.066276632 -0.194114551 -46.316570282
-0.198111326 -0.054289006 0.978674948 130.760681152 0.052546777 0.996440947 0.065911464 -1.393552780 -0.978770018 0.064484023 -0.194553509 -46.553955078
-0.198888168 -0.053263802 0.978573680 131.722167969 0.051994566 0.996542156 0.064809352 -1.428744316 -0.978641927 0.063770331 -0.195431024 -46.789829254
-0.199923560 -0.047451932 0.978661776 132.685394287 0.051169056 0.996957958 0.058791999 -1.467980385 -0.978474498 0.061831109 -0.196887329 -47.014022827
-0.198722675 -0.047257069 0.978915751 133.625579834 0.054281808 0.996772885 0.059138481 -1.505708694 -0.978551388 0.064889476 -0.195516169 -47.247272491
-0.194580480 -0.047024999 0.979758680 134.572570801 0.059202615 0.996466100 0.059584562 -1.546875954 -0.979098320 0.069598272 -0.191108853 -47.487422943
-0.188960180 -0.054917701 0.980447888 135.526336670 0.061663710 0.995800912 0.067662016 -1.579569817 -0.980046749 0.073243484 -0.184780300 -47.712081909
-0.182027832 -0.053192519 0.981853545 136.474090576 0.065121613 0.995691299 0.066015214 -1.616639137 -0.981134593 0.075956494 -0.177779540 -47.927894592
-0.173058525 -0.052868262 0.983491600 137.414916992 0.065796137 0.995707035 0.065102622 -1.650886536 -0.982711375 0.075976513 -0.168837070 -48.131553650
-0.163708970 -0.049309921 0.985275567 138.360244751 0.064848348 0.996051908 0.060624152 -1.685142517 -0.984374940 0.073818207 -0.159864977 -48.321044922
-0.154030517 -0.050704017 0.986764252 139.299438477 0.065849066 0.995935380 0.061454080 -1.726290703 -0.985869408 0.074443310 -0.150065631 -48.499160767
-0.143086135 -0.050820649 0.988404572 140.242691040 0.067938037 0.995820701 0.061036997 -1.767635345 -0.987375677 0.075883813 -0.139035478 -48.675933838
-0.132513359 -0.049093105 0.989964664 141.195800781 0.071476921 0.995698988 0.058945138 -1.811940193 -0.988600671 0.078570642 -0.128434390 -48.828155518
-0.120590217 -0.048874956 0.991498470 142.139801025 0.076388225 0.995368958 0.058356404 -1.850229263 -0.989758968 0.082776017 -0.116298288 -48.987358093
-0.109136075 -0.046139982 0.992955387 143.106689453 0.082729496 0.995034933 0.055329438 -1.902021408 -0.990578175 0.088185132 -0.104777068 -49.136474609
-0.099003755 -0.040897403 0.994246304 144.049026489 0.079203792 0.995661199 0.048842452 -1.953956604 -0.991929948 0.083583660 -0.095334969 -49.253746033
-0.088001706 -0.029092379 0.995695412 144.986633301 0.073994607 0.996620893 0.035659224 -2.009971142 -0.993368268 0.076814160 -0.085551657 -49.365970612
-0.077564202 -0.022156473 0.996741116 145.931610107 0.068343244 0.997283161 0.027486844 -2.070361614 -0.994642138 0.070252523 -0.075839229 -49.472862244
-0.069474265 -0.023376722 0.997309804 146.875701904 0.063897818 0.997568190 0.027834008 -2.135067463 -0.995535254 0.065659672 -0.067811601 -49.568485260
-0.063426010 -0.026122302 0.997644603 147.821441650 0.059402339 0.997786164 0.029902557 -2.203892231 -0.996217072 0.061159022 -0.061733872 -49.648147583
-0.057192676 -0.020566076 0.998151302 148.757675171 0.056162212 0.998138309 0.023783823 -2.276762962 -0.996782243 0.057418644 -0.055931166 -49.734237671
-0.052484550 -0.016538765 0.998484790 149.690124512 0.052760281 0.998420477 0.019311003 -2.346181631 -0.997227013 0.053693864 -0.051529061 -49.824901581
-0.051388603 -0.015621910 0.998556554 150.648162842 0.054035012 0.998369515 0.018399782 -2.415069103 -0.997215867 0.054902554 -0.050460685 -49.918125153
-0.050944231 -0.019404838 0.998512983 151.600967407 0.052429426 0.998380542 0.022077220 -2.484703779 -0.997324347 0.053476170 -0.049844347 -50.004776001
-0.051150344 -0.023427477 0.998416126 152.543441772 0.053617124 0.998218596 0.026169727 -2.551939487 -0.997250617 0.054870792 -0.049803112 -50.090675354
-0.050582338 -0.024578534 0.998417437 153.488662720 0.056314971 0.998036385 0.027422214 -2.620844841 -0.997130930 0.057612929 -0.049098875 -50.177051544
-0.047663815 -0.026304048 0.998517036 154.424743652 0.058953136 0.997836530 0.029100226 -2.690318108 -0.997122228 0.060252737 -0.046009988 -50.269226074
-0.042566605 -0.025747141 0.998761833 155.366470337 0.060875963 0.997743607 0.028315388 -2.749610901 -0.997237265 0.062005877 -0.040903177 -50.351043701
-0.036167242 -0.026677813 0.998989582 156.300704956 0.060556661 0.997748137 0.028837042 -2.813137054 -0.997509301 0.061538432 -0.034470279 -50.416294098
-0.028493274 -0.029675100 0.999153376 157.238891602 0.058314506 0.997807503 0.031298105 -2.880137920 -0.997891545 0.059156921 -0.026700314 -50.476768494
-0.020438794 -0.028901760 0.999373257 158.176788330 0.052958969 0.998147488 0.029949404 -2.943053246 -0.998387516 0.053537909 -0.018870324 -50.526576996
-0.011914099 -0.026782110 0.999570310 159.116989136 0.051450774 0.998300672 0.027361345 -3.010118484 -0.998604476 0.051754653 -0.010515892 -50.559173584
-0.002063357 -0.023941820 0.999711215 160.050720215 0.049846817 0.998468101 0.024014931 -3.077082157 -0.998754740 0.049881972 -0.000866772 -50.597919464
0.007905316 -0.025337040 0.999647737 160.990966797 0.053340588 0.998266399 0.024880206 -3.143829823 -0.998545110 0.053125113 0.009243104 -50.635227203
0.019288993 -0.029939160 0.999365568 161.920333862 0.057349551 0.997938991 0.028789503 -3.213968277 -0.998167813 0.056757845 0.020966236 -50.657829285
0.031283807 -0.033534899 0.998947799 162.857528687 0.061203562 0.997625768 0.031573825 -3.276610374 -0.997634947 0.060151413 0.033261988 -50.662826538
0.045386989 -0.035352841 0.998343706 163.781509399 0.066335939 0.997274458 0.032299194 -3.343186855 -0.996764541 0.064760104 0.047608446 -50.666255951
0.057908230 -0.035688136 0.997683823 164.697189331 0.065304391 0.997355819 0.031885959 -3.402977467 -0.996183693 0.063306674 0.060085703 -50.639930725
0.070585527 -0.036332462 0.996843815 165.607406616 0.060866755 0.997631192 0.032051243 -3.464008331 -0.995647013 0.058412295 0.072629765 -50.607719421
0.082704507 -0.041419525 0.995712996 166.514434814 0.059770279 0.997543454 0.036531113 -3.516921997 -0.994780123 0.056492757 0.084976994 -50.558422089
0.096259259 -0.051579390 0.994018972 167.413482666 0.054082181 0.997452259 0.046520308 -3.564862728 -0.993885934 0.049280703 0.098803543 -50.504398346
0.107670702 -0.058702361 0.992452025 168.320526123 0.049601223 0.997329295 0.053609632 -3.614726067 -0.992948532 0.043454647 0.110294856 -50.426013947
0.120374687 -0.064313777 0.990643084 169.210372925 0.049038742 0.997066200 0.058771998 -3.652498245 -0.991516590 0.041505229 0.123175398 -50.347480774
0.133109733 -0.065988682 0.988902092 170.100830078 0.050829142 0.996922493 0.059682097 -3.692593575 -0.989797056 0.042320773 0.136054233 -50.255088806
0.145602316 -0.068537049 0.986966372 170.975708008 0.049661163 0.996846318 0.061896864 -3.729054451 -0.988095999 0.040001571 0.148546755 -50.153816223
0.157252878 -0.073046342 0.984853148 171.844406128 0.053275235 0.996436000 0.065398909 -3.760566711 -0.986120343 0.042184114 0.160584003 -50.045257568
0.168810204 -0.071629949 0.983042359 172.706115723 0.050926603 0.996657550 0.063876800 -3.791515350 -0.984332085 0.039279953 0.171893835 -49.928985596
0.179357022 -0.064567439 0.981662929 173.556472778 0.045968078 0.997304082 0.057197507 -3.839343071 -0.982709527 0.034866381 0.181841537 -49.795909882
0.190400571 -0.050257526 0.980419219 174.405761719 0.047057509 0.998007953 0.042020425 -3.882709503 -0.980578005 0.038135372 0.192386284 -49.653022766
0.202449471 -0.045469597 0.978236556 175.249511719 0.046441540 0.998243332 0.036788300 -3.918372631 -0.978190899 0.037983041 0.204205528 -49.512451172
0.212246493 -0.053913534 0.975727797 176.102874756 0.047212921 0.997876704 0.044867311 -3.960476875 -0.976074994 0.036544032 0.214341238 -49.348251343
0.223916560 -0.070343845 0.972066402 176.949676514 0.046144169 0.997038543 0.061521601 -4.000439644 -0.973515332 0.031079492 0.226499394 -49.175014496
0.235941052 -0.081284463 0.968361855 177.777664185 0.049692236 0.996201038 0.071513794 -4.031645775 -0.970495999 0.031247027 0.239083931 -49.009582520
0.247344434 -0.082470819 0.965411484 178.594390869 0.051106445 0.996094584 0.071998157 -4.066759109 -0.967578888 0.031530406 0.250593245 -48.825897217
0.258044034 -0.082499586 0.962604344 179.396026611 0.052858777 0.996060669 0.071197167 -4.088711739 -0.964686096 0.032510083 0.261388361 -48.649787903
0.268551469 -0.082745291 0.959704816 180.191101074 0.051937129 0.996098280 0.071349703 -4.115515709 -0.961864173 0.030683246 0.271801203 -48.451820374
0.278658420 -0.086303525 0.956504643 180.977371216 0.050210986 0.995901227 0.075230241 -4.137456894 -0.959076822 0.027063504 0.281849653 -48.245922089
0.289171875 -0.088859223 0.953144073 181.749710083 0.049300496 0.995743513 0.077873513 -4.160066605 -0.956006825 0.024471648 0.292321831 -48.047431946
0.299989253 -0.092450038 0.949452162 182.530258179 0.050800283 0.995428741 0.080875993 -4.174817085 -0.952588975 0.023970511 0.303314418 -47.831771851
0.311315686 -0.095818691 0.945463538 183.286972046 0.055334236 0.995043457 0.082623333 -4.196384430 -0.948694170 0.026594566 0.315074682 -47.614730835
0.323636442 -0.093594119 0.941541076 184.043807983 0.052842915 0.995330393 0.080777332 -4.216961861 -0.944704771 0.023611285 0.327070981 -47.372879028
0.335140109 -0.088479944 0.938004494 184.792907715 0.050294101 0.995841205 0.075965948 -4.239655495 -0.940824986 0.021716854 0.338196337 -47.116489410
0.347545981 -0.083091334 0.933974087 185.524856567 0.049331550 0.996306777 0.070279762 -4.258505821 -0.936364353 0.021648942 0.350361437 -46.869495392
0.359178483 -0.081757255 0.929680884 186.241912842 0.049037855 0.996432662 0.068681903 -4.288940430 -0.931979656 0.020920496 0.361906379 -46.615718842
0.369158268 -0.084517859 0.925515473 186.982894897 0.047356922 0.996273220 0.072090290 -4.313053131 -0.928159177 0.017216837 0.371785015 -46.327892303
0.377592355 -0.087186001 0.921858251 187.703536987 0.042761542 0.996137142 0.076695941 -4.330292702 -0.924984038 0.010460281 0.379861981 -46.056156158
0.383346766 -0.092593439 0.918951392 188.417022705 0.039665025 0.995694578 0.083779536 -4.346188545 -0.922752380 0.004333613 0.385369033 -45.781753540
0.386812180 -0.095191628 0.917232215 189.136993408 0.038871862 0.995456874 0.086916976 -4.362139702 -0.921338856 0.002033978 0.388755113 -45.511566162
0.388580978 -0.098641142 0.916119397 189.832946777 0.042027071 0.995115817 0.089320719 -4.378526688 -0.920455635 0.003793485 0.390828669 -45.251865387
0.389487714 -0.096089415 0.916005552 190.499084473 0.045482125 0.995336175 0.085072130 -4.397259712 -0.919907987 0.008527332 0.392041564 -45.002418518
0.389390618 -0.094064020 0.916257024 191.172836304 0.048898779 0.995479941 0.081416152 -4.415849686 -0.919773817 0.013101163 0.392230183 -44.747924805
0.388680577 -0.091670007 0.916800976 191.829315186 0.046531104 0.995721519 0.079834193 -4.430386543 -0.920196891 0.011629763 0.391283125 -44.501762390
0.386805862 -0.091785781 0.917581916 192.491638184 0.045958001 0.995716512 0.080228031 -4.446419716 -0.921015263 0.011137558 0.389367282 -44.257835388
0.383760124 -0.094679378 0.918566287 193.154159546 0.046685152 0.995447099 0.083099522 -4.458256721 -0.922251940 0.010993122 0.386433035 -44.016986847
0.379370838 -0.097419962 0.920101702 193.809570312 0.047908455 0.995175779 0.085615441 -4.469853401 -0.924003541 0.011600652 0.382207870 -43.791084290
0.372286052 -0.098107181 0.922918260 194.466369629 0.045877837 0.995127082 0.087276898 -4.483071327 -0.926983476 0.009849520 0.374972880 -43.564136505
0.361634701 -0.097802117 0.927175879 195.133987427 0.044288620 0.995161951 0.087699272 -4.490979195 -0.931267321 0.009348243 0.364216626 -43.342517853
0.350388169 -0.099930272 0.931258321 195.793548584 0.043654233 0.994953752 0.090340212 -4.495225906 -0.935586691 0.008999228 0.352982402 -43.133346558
0.339057773 -0.101386376 0.935286403 196.456909180 0.046158809 0.994771302 0.091101244 -4.503826141 -0.939632475 0.012283120 0.341964811 -42.936779022
0.327917665 -0.100215189 0.939375818 197.106094360 0.045996245 0.994871914 0.090079270 -4.514127731 -0.943585873 0.013669177 0.330845594 -42.766510010
0.317628205 -0.095629983 0.943380713 197.760833740 0.046487853 0.995275497 0.085238464 -4.528435707 -0.947075069 0.016781606 0.320573211 -42.583805084
0.308565438 -0.090971939 0.946842909 198.407226562 0.048394077 0.995628417 0.079888120 -4.535611153 -0.949971259 0.021170873 0.311619014 -42.410476685
0.301575601 -0.089772411 0.949206531 199.057220459 0.049675286 0.995684743 0.078385644 -4.549427986 -0.952147305 0.023512909 0.304733694 -42.239124298
0.294248521 -0.092065856 0.951284230 199.713989258 0.051361378 0.995434344 0.080451772 -4.558948517 -0.954347849 0.025186457 0.297633708 -42.067276001
0.288695723 -0.097247094 0.952469289 200.398162842 0.052932553 0.994927824 0.085538127 -4.564581871 -0.955956519 0.025722140 0.292378962 -41.892559052
0.285107106 -0.098191470 0.953452885 201.047088623 0.051887516 0.994861364 0.086940214 -4.579879761 -0.957090199 0.024685031 0.288736939 -41.732719421
0.282053441 -0.098752856 0.954302728 201.706176758 0.051654946 0.994808733 0.087677360 -4.587338448 -0.958007097 0.024564756 0.285690278 -41.573066711
0.280387312 -0.100270145 0.954635441 202.374221802 0.050867632 0.994683743 0.089536212 -4.596092224 -0.958538175 0.023455229 0.283997208 -41.402286530
0.279070169 -0.102697037 0.954763412 203.026580811 0.054805234 0.994347572 0.090935662 -4.598628998 -0.958705485 0.026948603 0.283121079 -41.245365143
0.278518707 -0.103143550 0.954876304 203.681304932 0.057366889 0.994228125 0.090661444 -4.609748840 -0.958715975 0.029527374 0.282828152 -41.093986511
0.277988255 -0.101417266 0.955215693 204.348464966 0.061047211 0.994265974 0.087797269 -4.626270294 -0.958642662 0.033906642 0.282585502 -40.920738220
0.280013472 -0.096746594 0.955108643 204.984085083 0.059534952 0.994743943 0.083307274 -4.632146835 -0.958148241 0.033535190 0.284301490 -40.767158508
0.283010453 -0.095909201 0.954309464 205.626281738 0.058314908 0.994867563 0.082691446 -4.637654305 -0.957342386 0.032247923 0.287150860 -40.607185364
0.286481082 -0.101882242 0.952653468 206.281982422 0.061732266 0.994226635 0.087764241 -4.647062302 -0.956095040 0.033666659 0.291116536 -40.428123474
