1.000000000 0.000000000 0.000000000 0.000000000 0.000000000 1.000000000 0.000000000 0.000000000 0.000000000 0.000000000 1.000000000 0.000000000
0.999346375 0.008611621 -0.035109714 -0.054599691 -0.008667655 0.999961376 -0.001444070 -0.019659214 0.035095923 0.001747445 0.999382436 0.198893771
0.997448146 0.016961401 -0.069351003 -0.117722757 -0.017134797 0.999851346 -0.001906105 -0.036864713 0.069308363 0.003089556 0.997590482 0.409090579
0.994555652 0.019849420 -0.102298751 -0.178155392 -0.020038087 0.999798894 -0.000816877 -0.056434367 0.102261961 0.002862301 0.994753361 0.635366142
0.990740538 0.022009861 -0.133973077 -0.242412418 -0.021914093 0.999757469 0.002189561 -0.080183215 0.133988768 0.000766612 0.990982533 0.869886518
0.986272037 0.024901289 -0.163240403 -0.317654133 -0.024697747 0.999689579 0.003276536 -0.101197295 0.163271323 0.000800114 0.986580908 1.115435839
0.981168985 0.029098872 -0.190946743 -0.384613961 -0.028848941 0.999575436 0.004089263 -0.124385923 0.190984666 0.001496353 0.981591880 1.353175163
0.976054013 0.028154679 -0.215698570 -0.459070802 -0.028021576 0.999600589 0.003675782 -0.154081538 0.215715900 0.002456452 0.976453066 1.614171028
0.971243978 0.028698983 -0.236350283 -0.540705919 -0.028650265 0.999582887 0.003641262 -0.174035326 0.236356199 0.003234945 0.971661091 1.891224384
0.967048645 0.031247301 -0.252666891 -0.634002566 -0.030982366 0.999507308 0.005028163 -0.196949720 0.252699494 0.002965740 0.967540264 2.173970699
0.963362992 0.037912764 -0.265507698 -0.729865551 -0.036913525 0.999280095 0.008754353 -0.222768813 0.265648484 0.001367206 0.964069009 2.474425793
0.960198760 0.043795221 -0.275862783 -0.829196453 -0.042073257 0.999040544 0.012160075 -0.253134489 0.276130646 -0.000069644 0.961120129 2.779735088
0.957844257 0.047416750 -0.283347875 -0.931373715 -0.045662310 0.998874962 0.012797070 -0.276809037 0.283635885 0.000680719 0.958931804 3.099450350
0.956554413 0.050018061 -0.287231266 -1.029473543 -0.048278868 0.998747468 0.013139401 -0.303433418 0.287528694 0.001298648 0.957771122 3.433900595
0.956099927 0.050960440 -0.288575768 -1.124058723 -0.048757579 0.998700678 0.014821448 -0.332330495 0.288956106 -0.000100530 0.957342327 3.781660795
0.956156313 0.049745552 -0.288600892 -1.220872283 -0.047264017 0.998761177 0.015565225 -0.366162360 0.289017677 -0.001242350 0.957322955 4.141739845
0.956984878 0.047303334 -0.286255807 -1.311965823 -0.044878609 0.998879373 0.015029131 -0.403060198 0.286645949 -0.001535888 0.958035350 4.514106274
0.958209038 0.046085984 -0.282332361 -1.403078198 -0.043399781 0.998933375 0.015764281 -0.435616046 0.282757729 -0.002852314 0.959187090 4.903385162
0.959757686 0.045365393 -0.277140945 -1.495984674 -0.042585574 0.998964012 0.016044402 -0.468535483 0.277581692 -0.003596533 0.960695326 5.309911251
0.961858273 0.044750907 -0.269863009 -1.589892983 -0.041700095 0.998984993 0.017030505 -0.506164849 0.270351231 -0.005127618 0.962748110 5.726254940
0.964266598 0.046558253 -0.260810852 -1.681174397 -0.043316308 0.998896182 0.018167926 -0.541597009 0.261368841 -0.006221361 0.965218961 6.159907818
0.967071116 0.044957053 -0.250504076 -1.769182801 -0.041690905 0.998962343 0.018332366 -0.575424254 0.251068324 -0.007284960 0.967941940 6.612852097
0.970020890 0.045283336 -0.238765225 -1.860297799 -0.041804086 0.998933196 0.019618390 -0.612987995 0.239398897 -0.009048888 0.970879138 7.081166744
0.972931504 0.044520840 -0.226764634 -1.938611269 -0.040800080 0.998945117 0.021071158 -0.649712145 0.227463543 -0.011248778 0.973721623 7.560086250
0.975797117 0.039845575 -0.215017080 -2.007814407 -0.036053028 0.999117851 0.021533109 -0.689495802 0.215685397 -0.013259929 0.976372898 8.051286697
0.978551924 0.036218610 -0.202791408 -2.078971148 -0.032549854 0.999240994 0.021398328 -0.731285572 0.203412503 -0.014338545 0.978988111 8.556791306
0.981188536 0.031834960 -0.190409034 -2.139531136 -0.028641600 0.999399543 0.019500298 -0.774264932 0.190915480 -0.013679849 0.981511176 9.078253746
0.983612239 0.028088249 -0.178095520 -2.199322701 -0.025348309 0.999522984 0.017641906 -0.818983197 0.178506091 -0.012838373 0.983855069 9.612335205
0.985563695 0.022658633 -0.167782038 -2.256380081 -0.020011256 0.999647439 0.017452862 -0.863658965 0.168118343 -0.013843379 0.985669613 10.156641960
0.986838758 0.015541030 -0.160958737 -2.308213234 -0.012777075 0.999752879 0.018192714 -0.907582045 0.161201701 -0.015896693 0.986793458 10.709139824
0.987433970 0.008155516 -0.157821462 -2.363920689 -0.005280643 0.999812543 0.018626755 -0.953487158 0.157943785 -0.017559292 0.987291992 11.279600143
0.987610579 0.000896515 -0.156922251 -2.421581745 0.002224662 0.999803185 0.019713191 -1.009766102 0.156909034 -0.019818055 0.987414181 11.867090225
0.987457275 -0.003977087 -0.157836169 -2.482955933 0.007373602 0.999753535 0.020939494 -1.057684660 0.157713994 -0.021840677 0.987243295 12.452827454
0.987029612 -0.009109446 -0.160279453 -2.555845976 0.012589051 0.999706328 0.020707561 -1.106600523 0.160043746 -0.022456743 0.986854434 13.070111275
0.985878646 -0.012974014 -0.166958034 -2.632271528 0.016512772 0.999667108 0.019824706 -1.158458948 0.166645244 -0.022301693 0.985764682 13.679903030
0.984245837 -0.014930785 -0.176173955 -2.720931292 0.018511195 0.999653816 0.018697148 -1.210853100 0.175833806 -0.021663779 0.984181464 14.295044899
0.982740045 -0.018468678 -0.184067696 -2.815544605 0.021595882 0.999654233 0.014999081 -1.272697687 0.183727041 -0.018715302 0.982799113 14.931493759
0.981502175 -0.020084051 -0.190394551 -2.913759232 0.022574618 0.999685526 0.010921017 -1.321681261 0.190115333 -0.015017087 0.981646895 15.565158844
0.980459630 -0.018323706 -0.195865184 -3.019471169 0.020827144 0.999725521 0.010729312 -1.375928760 0.195614815 -0.014598969 0.980572164 16.189392090
0.979121804 -0.017994864 -0.202476248 -3.132560015 0.020800501 0.999714732 0.011737151 -1.428627133 0.202207282 -0.015703708 0.979216814 16.845182419
0.977694035 -0.017839236 -0.209275141 -3.255388975 0.021367146 0.999664962 0.014608860 -1.488879681 0.208944410 -0.018754607 0.977747679 17.514900208
0.976508617 -0.016103286 -0.214875758 -3.374216080 0.019621016 0.999705970 0.014247958 -1.551569939 0.214583144 -0.018129334 0.976537466 18.182943344
0.975950360 -0.010276272 -0.217750594 -3.510609388 0.013436224 0.999824762 0.013036091 -1.613050580 0.217578471 -0.015648324 0.975917399 18.859136581
0.975577414 -0.005805734 -0.219579250 -3.640620708 0.008165129 0.999918282 0.009839069 -1.677586436 0.219504178 -0.011391667 0.975545049 19.533149719
0.975145459 -0.004319784 -0.221523434 -3.766136408 0.006113071 0.999953866 0.007410273 -1.737890244 0.221481204 -0.008580283 0.975126863 20.212816238
0.974963725 -0.003585081 -0.222335085 -3.897669554 0.005757453 0.999941826 0.009123325 -1.798026323 0.222289443 -0.010174994 0.974927604 20.911455154
0.974798083 0.000897972 -0.223087162 -4.026563644 0.001563016 0.999939859 0.010854696 -1.861882329 0.223083496 -0.010929825 0.974738061 21.605594635
0.974531472 0.006874423 -0.224145472 -4.168258190 -0.003467049 0.999872446 0.015591646 -1.923507452 0.224224061 -0.014417426 0.974430978 22.309747696
0.974205375 0.006836071 -0.225559652 -4.308049202 -0.003077433 0.999850571 0.017011005 -1.987531781 0.225642234 -0.015878068 0.974080861 22.997108459
0.973803818 0.005492666 -0.227323428 -4.445496082 -0.001710997 0.999856889 0.016829347 -2.049152613 0.227383330 -0.015999533 0.973673880 23.707986832
0.973226666 0.003472027 -0.229821354 -4.579714298 -0.000177030 0.999896944 0.014356275 -2.113391399 0.229847521 -0.013931224 0.973126948 24.412817001
0.972857773 0.004789758 -0.231354252 -4.735390663 -0.001863017 0.999915481 0.012867288 -2.179260969 0.231396332 -0.012087025 0.972784460 25.131013870
0.972207367 0.003216968 -0.234099254 -4.891076088 -0.000327238 0.999923289 0.012381831 -2.242661476 0.234121129 -0.011961102 0.972133875 25.859745026
0.971591353 0.002031984 -0.236656204 -5.037595749 0.000910641 0.999923646 0.012324206 -2.306744814 0.236663178 -0.012189600 0.971515298 26.581600189
0.971107423 0.005119736 -0.238587856 -5.196481228 -0.002280383 0.999923289 0.012175161 -2.377670050 0.238631874 -0.011279318 0.971044600 27.311742783
0.970658660 0.003636272 -0.240434051 -5.344103813 -0.001967579 0.999972284 0.007180027 -2.448372364 0.240453497 -0.006496282 0.970638931 28.038545609
0.969989836 0.001408339 -0.243141487 -5.510056973 -0.000106189 0.999985576 0.005368545 -2.515028477 0.243145540 -0.005181615 0.969976008 28.771774292
0.969378889 0.001866924 -0.245562866 -5.665658474 -0.000766454 0.999989212 0.004576909 -2.579249620 0.245568767 -0.004248546 0.969369888 29.494134903
0.968638957 0.007056834 -0.248372242 -5.837053776 -0.005852143 0.999967277 0.005588344 -2.649212837 0.248403549 -0.003959578 0.968648553 30.240568161
0.967833698 0.007670245 -0.251473933 -5.998095989 -0.004651293 0.999909818 0.012597232 -2.715505838 0.251547873 -0.011022346 0.967782080 30.974308014
0.966909051 0.007257043 -0.255018145 -6.146093845 -0.003374306 0.999871671 0.015659530 -2.783042908 0.255099088 -0.014280831 0.966809452 31.686206818
0.966511190 0.010924552 -0.256391734 -6.338923454 -0.005574704 0.999751508 0.021583470 -2.846778870 0.256563812 -0.019431356 0.966331959 32.442810059
0.965899885 0.010913428 -0.258685708 -6.508654594 -0.004198061 0.999640048 0.026497765 -2.905301094 0.258881778 -0.024508208 0.965598047 33.175277710
0.965011060 0.010023499 -0.262017608 -6.678266525 -0.001835262 0.999502778 0.031476770 -2.956582069 0.262202829 -0.029894559 0.964549661 33.918033600
0.964447737 0.011040688 -0.264042944 -6.859272003 -0.002195911 0.999427259 0.033769213 -3.008109570 0.264264554 -0.031988826 0.963919580 34.665336609
0.964102268 0.015152927 -0.265098453 -7.041435242 -0.007886334 0.999563992 0.028453907 -3.078228951 0.265414029 -0.025341822 0.963801444 35.404743195
0.963884413 0.016442657 -0.265812904 -7.217638493 -0.012023942 0.999761283 0.018242314 -3.142108917 0.266049385 -0.014387364 0.963852048 36.124061584
0.963673294 0.016988404 -0.266543061 -7.403922081 -0.014504042 0.999831080 0.011286643 -3.203935146 0.266689777 -0.007010685 0.963756919 36.863418579
0.963724673 0.018647682 -0.266246080 -7.567773342 -0.016102197 0.999801397 0.011740619 -3.263893604 0.266412169 -0.007027578 0.963833570 37.591255188
0.964159369 0.025487458 -0.264096767 -7.753568649 -0.021315290 0.999598801 0.018651864 -3.326229572 0.264466196 -0.012354070 0.964315832 38.334396362
0.964707315 0.029198600 -0.261700571 -7.934787750 -0.023912888 0.999441087 0.023360061 -3.392331123 0.262236387 -0.016277606 0.964866400 39.077713013
0.965166569 0.030831626 -0.259813219 -8.104726791 -0.025695363 0.999401867 0.023143090 -3.454995871 0.260371357 -0.015660943 0.965381503 39.812950134
0.965635061 0.031882770 -0.257938772 -8.276703835 -0.027053880 0.999386311 0.022249581 -3.518272877 0.258489877 -0.014506732 0.965905011 40.551883698
0.966206014 0.030451663 -0.255966038 -8.445224762 -0.025539687 0.999420702 0.022492921 -3.578028917 0.256502718 -0.015195502 0.966424048 41.288322449
0.966589570 0.031467091 -0.254390270 -8.607338905 -0.026291039 0.999372840 0.023722254 -3.643713951 0.254977196 -0.016241498 0.966810644 42.030040741
0.967107832 0.032395240 -0.252295554 -8.773138046 -0.028327150 0.999403775 0.019740805 -3.708765984 0.252784640 -0.011944672 0.967448831 42.758991241
0.967464805 0.033836838 -0.250732660 -8.942672729 -0.030385526 0.999382854 0.017624451 -3.771982670 0.251174271 -0.009432393 0.967895925 43.491897583
0.967757761 0.032500397 -0.249777123 -9.106038094 -0.029866075 0.999451160 0.014330514 -3.838192225 0.250105798 -0.006408603 0.968197286 44.222126007
0.967946053 0.034332387 -0.248800620 -9.262704849 -0.031425435 0.999383628 0.015647471 -3.898774624 0.249184489 -0.007327240 0.968428314 44.942123413
0.968313932 0.036281567 -0.247086465 -9.434350967 -0.032422822 0.999280691 0.019669227 -3.961015701 0.247622356 -0.011034747 0.968793809 45.668457031
0.968461215 0.038886711 -0.246111140 -9.591716766 -0.034111496 0.999138474 0.023637889 -4.026642799 0.246818304 -0.014497160 0.968953311 46.374839783
0.968671620 0.039421380 -0.245196342 -9.744040489 -0.034558244 0.999111891 0.024106322 -4.089179993 0.245928898 -0.014877555 0.969173670 47.075923920
0.968912542 0.040361937 -0.244088933 -9.897150993 -0.035797376 0.999091864 0.023109427 -4.149595261 0.244800001 -0.013653269 0.969477475 47.766685486
0.969066322 0.040375017 -0.243475392 -10.038134575 -0.036321491 0.999117017 0.021116855 -4.209160805 0.244112998 -0.011620245 0.969677150 48.452171326
0.969041944 0.040471181 -0.243556559 -10.177618980 -0.036990788 0.999137819 0.018848445 -4.276185513 0.244109407 -0.009255585 0.969703555 49.135032654
0.969272256 0.040731132 -0.242594942 -10.322705269 -0.037324179 0.999129653 0.018625237 -4.330388069 0.243142411 -0.008998268 0.969948888 49.808685303
0.969494879 0.039533697 -0.241902366 -10.458916664 -0.035579883 0.999152601 0.020692974 -4.393251419 0.242515430 -0.011454876 0.970079899 50.471260071
0.969733655 0.038963336 -0.241036326 -10.595368385 -0.034191411 0.999128282 0.023949968 -4.450401306 0.241759390 -0.014983718 0.970220506 51.127616882
0.969970345 0.036865637 -0.240413055 -10.728936195 -0.031573154 0.999167621 0.025830233 -4.504106522 0.241165191 -0.017463962 0.970326960 51.781879425
0.970158815 0.037026882 -0.239626512 -10.859807014 -0.031107374 0.999111354 0.028439622 -4.554661751 0.240466610 -0.020136800 0.970448494 52.421325684
0.970271945 0.038830731 -0.238881737 -10.991186142 -0.033081654 0.999059498 0.028030645 -4.608675957 0.239745513 -0.019294746 0.970643997 53.045036316
0.970352530 0.042039495 -0.238009706 -11.123024940 -0.036355656 0.998940349 0.028222144 -4.657310009 0.238943934 -0.018732429 0.970852673 53.657581329
0.970575273 0.044121563 -0.236721262 -11.248796463 -0.037995055 0.998815954 0.030382806 -4.703357697 0.237781510 -0.020494562 0.971102417 54.255115509
0.970860660 0.042690367 -0.235811502 -11.358779907 -0.037000984 0.998908699 0.028501481 -4.749567509 0.236770898 -0.018945711 0.971380770 54.838790894
0.971546173 0.045673773 -0.232404768 -11.471584320 -0.039485648 0.998732567 0.031211723 -4.794002533 0.233535767 -0.021146975 0.972118199 55.413375854
0.972575665 0.050715238 -0.226990253 -11.587056160 -0.045638192 0.998577714 0.027562911 -4.843886375 0.228065267 -0.016447593 0.973506927 55.962715149
0.973998070 0.054282974 -0.219957158 -11.713432312 -0.050052360 0.998439491 0.024765568 -4.889591694 0.220958263 -0.013112240 0.975195110 56.546665192
0.975613832 0.054238077 -0.212687299 -11.806877136 -0.050961684 0.998482704 0.020860955 -4.937817574 0.213496044 -0.009513333 0.976897597 57.073837280
0.977764308 0.051657263 -0.203244865 -11.888126373 -0.048919722 0.998631835 0.018473428 -4.988864899 0.203921080 -0.008119976 0.978953660 57.593727112
0.980328560 0.048306204 -0.191369861 -11.951584816 -0.046276536 0.998815060 0.015063786 -5.032098770 0.191870779 -0.005911526 0.981402397 58.113342285
0.983187616 0.044896387 -0.176992759 -12.007579803 -0.042935360 0.998966813 0.014896000 -5.082403660 0.177478671 -0.007046314 0.984099448 58.615993500
0.986139953 0.040515527 -0.160892740 -12.049604416 -0.039153431 0.999165535 0.011628600 -5.130787849 0.161229610 -0.005167924 0.986903369 59.118347168
0.989196002 0.038185827 -0.141538531 -12.083880424 -0.037601467 0.999269664 0.006801822 -5.180957794 0.141694888 -0.001406278 0.989909351 59.599784851
0.992201507 0.033808876 -0.119971402 -12.095570564 -0.033512790 0.999428213 0.004485276 -5.233512878 0.120054454 -0.000429721 0.992767215 60.059150696
0.994942725 0.030357923 -0.095746502 -12.092640877 -0.030056292 0.999537647 0.004591282 -5.277868271 0.095841616 -0.001690278 0.995395184 60.527770996
0.997331440 0.023603551 -0.069085598 -12.078378677 -0.023474632 0.999720871 0.002677461 -5.333535194 0.069129504 -0.001048558 0.997607172 60.982551575
0.999012053 0.017325813 -0.040923700 -12.035720825 -0.017292695 0.999849796 0.001163150 -5.368309021 0.040937707 -0.000454319 0.999161601 61.442253113
0.999902070 0.011078453 -0.008552664 -11.974586487 -0.011054335 0.999934793 0.002862065 -5.420471668 0.008583814 -0.002767241 0.999959350 61.877204895
0.999625325 0.008851904 0.025900587 -11.908203125 -0.008987946 0.999946415 0.005140772 -5.463263035 -0.025853693 -0.005371639 0.999651313 62.311809540
0.998119593 0.006307011 0.060971290 -11.830022812 -0.006664066 0.999961793 0.005654557 -5.509674072 -0.060933299 -0.006050240 0.998123527 62.729209900
0.995301783 0.001902248 0.096802562 -11.737875938 -0.002314914 0.999988735 0.004150833 -5.550031662 -0.096793570 -0.004355421 0.995294929 63.157794952
0.991136611 -0.002950678 0.132813603 -11.618853569 0.002578444 0.999992251 0.002974585 -5.590620995 -0.132821351 -0.002605768 0.991136551 63.548362732
0.985306263 -0.008067962 0.170606226 -11.482621193 0.008045907 0.999967277 0.000820689 -5.629721642 -0.170607254 0.000564052 0.985338926 63.923831940
0.977559030 -0.011416203 0.210352048 -11.342573166 0.011714632 0.999931395 -0.000172685 -5.667881489 -0.210335642 0.002633007 0.977625668 64.293724060
0.968253970 -0.014468111 0.249549463 -11.195358276 0.014716145 0.999891341 0.000871867 -5.708738327 -0.249534965 0.002828217 0.968361676 64.652839661
0.957739472 -0.017874772 0.287081093 -11.022802353 0.018043008 0.999835074 0.002059777 -5.742255688 -0.287070572 0.003207077 0.957904041 64.996810913
0.946029842 -0.022095252 0.323325366 -10.832582474 0.022020938 0.999749959 0.003888539 -5.775712490 -0.323330432 0.003441254 0.946279883 65.339561462
0.932848394 -0.025925063 0.359335184 -10.637845993 0.025517408 0.999657094 0.005878355 -5.813147545 -0.359364361 0.003685689 0.933190048 65.677307129
0.918581903 -0.029170925 0.394152671 -10.433526993 0.028518468 0.999565005 0.007514060 -5.843594074 -0.394200414 0.004338351 0.919014275 65.993675232
0.903558493 -0.034023535 0.427111775 -10.220115662 0.033145595 0.999405444 0.009492416 -5.878188133 -0.427180797 0.005579920 0.904148996 66.310150146
0.887993455 -0.037933394 0.458288819 -9.993780136 0.036954645 0.999255240 0.011105785 -5.918253899 -0.458368778 0.007074035 0.888733923 66.614501953
0.871562123 -0.038849980 0.488743454 -9.762216568 0.038927075 0.999191940 0.010007757 -5.951773643 -0.488737345 0.010302970 0.872370124 66.911758423
0.854441881 -0.038559459 0.518114090 -9.524627686 0.040187836 0.999159455 0.008084852 -5.984343052 -0.517990291 0.013913848 0.855273306 67.200744629
0.836712062 -0.037803434 0.546336770 -9.270227432 0.040896211 0.999142230 0.006502681 -6.016521454 -0.546113968 0.016902233 0.837540329 67.500381470
0.817716360 -0.038677432 0.574320436 -8.999805450 0.041041534 0.999118268 0.008850448 -6.055883884 -0.574156344 0.016333837 0.818582714 67.791389465
0.797511041 -0.041187968 0.601896703 -8.713636398 0.042282958 0.999029458 0.012339109 -6.085646629 -0.601820767 0.015609398 0.798478603 68.081657410
0.776070535 -0.042360481 0.629221857 -8.409051895 0.042426933 0.998988092 0.014925296 -6.118065357 -0.629217386 0.015112872 0.777082443 68.370391846
0.753719687 -0.043445241 0.655758500 -8.084856033 0.043264929 0.998928130 0.016452774 -6.149131298 -0.655770421 0.015970565 0.754791439 68.659729004
0.731082737 -0.045022797 0.680801749 -7.739625931 0.044753898 0.998835921 0.017995819 -6.186643600 -0.680819452 0.017312098 0.732246637 68.947067261
0.707676113 -0.045964606 0.705040216 -7.385337830 0.045658760 0.998770952 0.019284710 -6.225055695 -0.705060124 0.018543934 0.708905041 69.223861694
0.683681965 -0.046961945 0.728267491 -7.012830734 0.047215495 0.998682976 0.020074645 -6.252077103 -0.728251100 0.020660838 0.684998870 69.490051270
0.659118354 -0.046942428 0.750572741 -6.623910904 0.047611739 0.998652518 0.020647440 -6.281677246 -0.750530601 0.022126967 0.660465181 69.755645752
0.634192407 -0.046577349 0.771771014 -6.225179672 0.046863798 0.998664260 0.021760946 -6.309635639 -0.771753669 0.022367494 0.635528088 70.019630432
0.608143091 -0.046048343 0.792490721 -5.819635391 0.044927537 0.998712540 0.023554455 -6.340342999 -0.792555034 0.021280175 0.609429002 70.281532288
0.581651688 -0.047100816 0.812073171 -5.386768341 0.043738421 0.998688936 0.026596788 -6.373837471 -0.812261224 0.020048730 0.582949221 70.524703979
0.555089355 -0.049493730 0.830316961 -4.934139252 0.042701587 0.998607516 0.030978069 -6.409326077 -0.830693960 0.018260255 0.556429803 70.766510010
0.528574467 -0.053885762 0.847174883 -4.471874237 0.044400468 0.998372138 0.035800267 -6.434913158 -0.847724974 0.018691855 0.530106604 70.997161865
0.502106309 -0.056130309 0.862982392 -3.973066330 0.044698708 0.998242021 0.038920995 -6.461732388 -0.863649964 0.019031724 0.503732562 71.227981567
0.476993591 -0.058195021 0.876978040 -3.472305298 0.045115232 0.998111308 0.041694809 -6.488536835 -0.877748132 0.019676914 0.478718162 71.430801392
0.453473955 -0.058939833 0.889318526 -2.969190598 0.043587759 0.998083651 0.043922361 -6.519233704 -0.890203059 0.018845754 0.455173999 71.638977051
0.433125973 -0.060532629 0.899298429 -2.451766968 0.043168932 0.997990429 0.046384379 -6.545642853 -0.900299013 0.018731475 0.434868723 71.837150574
0.418158978 -0.062601171 0.906214178 -1.922861099 0.047844838 0.997755587 0.046847552 -6.571720600 -0.907112956 0.023767946 0.420215577 72.027694702
0.406140298 -0.063746765 0.911584556 -1.384912491 0.047000665 0.997700691 0.048828524 -6.596940041 -0.912601233 0.023013851 0.408202589 72.234107971
0.395975679 -0.064286642 0.916007936 -0.842758179 0.046878438 0.997660816 0.049752343 -6.625555038 -0.917063594 0.023240302 0.398063093 72.435752869
0.388783574 -0.063315615 0.919150949 -0.287593842 0.046552133 0.997711539 0.049036577 -6.655868530 -0.920152307 0.023723822 0.390841335 72.634727478
0.384747356 -0.061975513 0.920938909 0.268461227 0.047693457 0.997745335 0.047219031 -6.690145493 -0.921788931 0.025755364 0.386835694 72.842529297
0.383534908 -0.061605208 0.921469390 0.836143494 0.049713153 0.997703195 0.046010192 -6.724141121 -0.922187388 0.028162632 0.385716587 73.044357300
0.382425159 -0.057786595 0.922177672 1.438880920 0.046447359 0.997982919 0.043275166 -6.744721889 -0.922818303 0.026283206 0.384337813 73.278564453
0.381672144 -0.057253256 0.922522843 2.031194687 0.044802759 0.998052478 0.043404657 -6.782578468 -0.923211277 0.024765221 0.383493930 73.497146606
0.380521297 -0.057761885 0.922966480 2.625591278 0.042978443 0.998073578 0.044743121 -6.811662674 -0.923772931 0.022641951 0.382270753 73.719444275
0.379791111 -0.059016641 0.923187792 3.239284515 0.042659990 0.998018563 0.046250414 -6.850135803 -0.924088120 0.021817686 0.381556243 73.946228027
0.378559411 -0.059574887 0.923657715 3.846555710 0.041187670 0.998022139 0.047490619 -6.888579845 -0.924660146 0.020065287 0.380264431 74.169097900
0.377633780 -0.059548236 0.924038291 4.471986771 0.042538755 0.997992039 0.046929438 -6.909099102 -0.924977422 0.021585299 0.379408598 74.389671326
0.375946403 -0.060282595 0.924678504 5.092737198 0.042708408 0.997948468 0.047695335 -6.941967487 -0.925656676 0.021560658 0.377749711 74.617851257
0.375193715 -0.061511848 0.924903214 5.746078491 0.042523481 0.997887492 0.049115799 -6.976370335 -0.925970554 0.020902164 0.377016813 74.842697144
0.373030573 -0.063540518 0.925640762 6.401515961 0.041400366 0.997798443 0.051809546 -7.003931999 -0.926894903 0.018995320 0.374839962 75.083892822
0.371238410 -0.066682130 0.926140130 7.049955368 0.042920060 0.997584224 0.054621831 -7.037479877 -0.927545130 0.019472271 0.373203576 75.313575745
0.369493395 -0.068934605 0.926672876 7.713724136 0.044090759 0.997421920 0.056617219 -7.072637558 -0.928186715 0.019938022 0.371580213 75.545768738
0.366725624 -0.068816431 0.927780449 8.368461609 0.042606425 0.997456431 0.057143394 -7.098290920 -0.929352999 0.018573463 0.368724853 75.776977539
0.364225596 -0.066580959 0.928927720 9.034786224 0.043309245 0.997573018 0.054519884 -7.129405499 -0.930303216 0.020373620 0.366225183 76.001647949
0.361741036 -0.063706934 0.930099368 9.704521179 0.045732487 0.997673988 0.050548829 -7.167846203 -0.931156278 0.024250174 0.363813072 76.223594666
0.359747618 -0.061941244 0.930991352 10.383565903 0.046812788 0.997735620 0.048292819 -7.205477715 -0.931874573 0.026209075 0.361832649 76.456123352
0.357954770 -0.058960356 0.931875587 11.072017670 0.046726543 0.997885108 0.045188084 -7.235973358 -0.932569027 0.027368031 0.359952748 76.684684753
0.356721312 -0.059166443 0.932335377 11.766601562 0.047714695 0.997843802 0.045067497 -7.274238110 -0.932991564 0.028409559 0.358775258 76.909225464
0.354503483 -0.061937619 0.933001101 12.464822769 0.050431773 0.997617900 0.047065154 -7.314340591 -0.933693707 0.030368138 0.356782645 77.144462585
0.352881879 -0.063185088 0.933532000 13.172443390 0.050532192 0.997548163 0.048416417 -7.349469185 -0.934302330 0.030088142 0.355209559 77.371803284
0.350897014 -0.063922450 0.934229732 13.889667511 0.048807275 0.997559786 0.049923629 -7.383794785 -0.935141265 0.028079154 0.353160620 77.607627869
0.348454297 -0.064038560 0.935135663 14.604610443 0.048272945 0.997565567 0.050326113 -7.423846245 -0.936081886 0.027605401 0.350697339 77.841468811
0.346772462 -0.063277006 0.935812414 15.333923340 0.048493471 0.997596920 0.049485072 -7.457326412 -0.936694860 0.028220730 0.349007666 78.073661804
0.345330536 -0.063022412 0.936362624 16.084327698 0.048297230 0.997613966 0.049332950 -7.494585037 -0.937237561 0.028187547 0.347550392 78.300689697
0.342547059 -0.063780092 0.937333226 16.820104599 0.048017252 0.997577608 0.050331537 -7.526469707 -0.938272774 0.027767247 0.344779819 78.538787842
0.339524895 -0.064999230 0.938348532 17.582208633 0.048595913 0.997489333 0.051512327 -7.577604771 -0.939340889 0.028110188 0.341831148 78.788452148
0.337554485 -0.065258197 0.939041197 18.337974548 0.049902789 0.997431755 0.051377606 -7.609391212 -0.939982295 0.029518032 0.339944124 79.014617920
0.335517853 -0.066425398 0.939689040 19.102479935 0.051187735 0.997322738 0.052222766 -7.648065567 -0.940642118 0.030578882 0.338019729 79.235237122
0.332627058 -0.068995714 0.940531135 19.865137100 0.054483566 0.997060239 0.053873997 -7.681702137 -0.941483319 0.033323545 0.335408330 79.466011047
0.330213130 -0.071235240 0.941214561 20.627914429 0.056670189 0.996845603 0.055563629 -7.714970589 -0.942203701 0.034990966 0.333208442 79.694282532
0.326738507 -0.075156756 0.942121744 21.391574860 0.058941208 0.996513188 0.059054289 -7.757639885 -0.943275094 0.036234483 0.330029070 79.922431946
0.323375434 -0.078963183 0.942970395 22.167291641 0.062477194 0.996119499 0.061988350 -7.784847260 -0.944205999 0.038868632 0.327053964 80.152183533
0.320513874 -0.080118880 0.943849444 22.943492889 0.063367613 0.995998085 0.063027047 -7.815233231 -0.945121884 0.039608445 0.324308127 80.387542725
0.319008529 -0.079923883 0.944375813 23.725574493 0.063814424 0.995987952 0.062735491 -7.852522373 -0.945600986 0.040251642 0.322828948 80.604011536
0.316766500 -0.073094085 0.945682943 24.501287460 0.064482115 0.996379137 0.055413548 -7.891061783 -0.946309149 0.043426484 0.320332795 80.826972961
0.314361244 -0.068373673 0.946837902 25.287240982 0.062786981 0.996716380 0.051129520 -7.925732613 -0.947224796 0.043375958 0.317621976 81.054962158
0.311947495 -0.065946959 0.947807848 26.085342407 0.061879221 0.996880352 0.048995327 -7.957094193 -0.948082149 0.043365642 0.315055072 81.282379150
0.309235930 -0.068170913 0.948538780 26.888813019 0.062315814 0.996736228 0.051319074 -7.997189522 -0.948941469 0.043239266 0.312474787 81.519203186
0.309332043 -0.069399036 0.948418379 27.709520340 0.061247766 0.996716738 0.052956887 -8.035407066 -0.948979676 0.041707244 0.312566966 81.741333008
0.308477551 -0.070360050 0.948625863 28.503150940 0.061111059 0.996666431 0.054050930 -8.073382378 -0.949266553 0.041298036 0.311749011 81.962623596
0.308270335 -0.073271580 0.948472798 29.319421768 0.060654607 0.996514559 0.057269100 -8.109777451 -0.949363172 0.039874882 0.311640143 82.183975220
0.307883769 -0.074744254 0.948483467 30.143751144 0.059545446 0.996468782 0.059196860 -8.145104408 -0.949558794 0.038252119 0.311247230 82.417312622
0.306289405 -0.073028214 0.949133098 30.958503723 0.059301395 0.996580303 0.057542078 -8.188201904 -0.950089514 0.038660388 0.309572667 82.647201538
0.305790424 -0.068989113 0.949596107 31.779834747 0.059212826 0.996818662 0.053352073 -8.220682144 -0.950255811 0.039913714 0.308902651 82.871215820
0.303802758 -0.066102631 0.950439036 32.611125946 0.058328304 0.997009337 0.050697248 -8.261369705 -0.950947762 0.040035531 0.306749821 83.113815308
0.302347183 -0.068060070 0.950764954 33.443664551 0.058795437 0.996879935 0.052664001 -8.305943489 -0.951382816 0.039977830 0.305405438 83.353141785
0.302077979 -0.071889736 0.950568676 34.282806396 0.061724458 0.996534944 0.055750877 -8.330673218 -0.951282799 0.041832224 0.305468619 83.569656372
0.300624371 -0.075015076 0.950787961 35.127761841 0.065243669 0.996184230 0.057967704 -8.363133430 -0.951508403 0.044606391 0.304371536 83.801368713
0.300684303 -0.077950671 0.950532794 35.970649719 0.069226734 0.995809138 0.059765004 -8.401506424 -0.951207995 0.047831882 0.304820448 84.025207520
0.301117003 -0.079785891 0.950243533 36.814460754 0.073191211 0.995487750 0.060391635 -8.435729980 -0.950774193 0.051364526 0.305597931 84.254196167
0.302127689 -0.080256552 0.949883044 37.646915436 0.075455956 0.995336533 0.060096812 -8.467278481 -0.950276434 0.053517420 0.306774557 84.484542847
0.305099845 -0.081980824 0.948785126 38.497089386 0.078815468 0.995043576 0.060633227 -8.501672745 -0.949053347 0.056279756 0.310048997 84.708801270
0.307233393 -0.084230192 0.947899222 39.337291718 0.080367185 0.994813323 0.062350333 -8.544643402 -0.948234558 0.057023883 0.312409222 84.953384399
0.310549438 -0.084648445 0.946780682 40.174991608 0.082873456 0.994645417 0.061744906 -8.574729919 -0.946937740 0.059288144 0.315901697 85.190582275
0.315139920 -0.084316581 0.945292294 41.026477814 0.085649177 0.994507849 0.060152851 -8.611236572 -0.945172489 0.062006947 0.320630759 85.427337646
0.318929613 -0.084079780 0.944041550 41.857437134 0.088314801 0.994359970 0.058725551 -8.648136139 -0.943654835 0.064643532 0.324556321 85.667449951
0.322519481 -0.084542781 0.942779779 42.679759979 0.092308536 0.994065166 0.057563536 -8.684197426 -0.942051113 0.068461254 0.328409404 85.916839600
0.326366037 -0.085882097 0.941333890 43.504459381 0.094615817 0.993830562 0.057867739 -8.722116470 -0.940496147 0.070179008 0.332478344 86.163024902
0.329838514 -0.086856991 0.940033197 44.338485718 0.097742155 0.993548930 0.057505995 -8.761001587 -0.938963830 0.072913177 0.336200297 86.417610168
0.333258837 -0.088362738 0.938685536 45.154411316 0.100770220 0.993233919 0.057721462 -8.800062180 -0.937434733 0.075355358 0.339908302 86.663902283
0.336459488 -0.089245968 0.937459409 45.966659546 0.104602933 0.992880464 0.056979451 -8.833635330 -0.935870290 0.078889728 0.343399435 86.912216187
0.339880258 -0.090477347 0.936106443 46.768596649 0.106840856 0.992632389 0.057149108 -8.883712769 -0.934380233 0.080590561 0.347042829 87.147338867
0.342470855 -0.091173768 0.935094118 47.571922302 0.108141720 0.992490649 0.057163998 -8.916151047 -0.933284044 0.081545688 0.349758804 87.405418396
0.345395684 -0.092030853 0.933933675 48.371952057 0.110274695 0.992265582 0.056996170 -8.953210831 -0.931955636 0.083303019 0.352872908 87.660026550
0.348556638 -0.091770634 0.932784259 49.173530579 0.112374164 0.992108345 0.055615921 -8.985410690 -0.930526912 0.085435554 0.356118590 87.920204163
0.351237863 -0.093099155 0.931646109 49.958885193 0.113789968 0.991912782 0.056221876 -9.022092819 -0.929345906 0.086264729 0.358991086 88.176635742
0.354256272 -0.093347482 0.930477679 50.765968323 0.114660047 0.991833627 0.055848878 -9.058880806 -0.928092420 0.086903803 0.362066507 88.450767517
0.356726378 -0.094922818 0.929373980 51.536109924 0.116326414 0.991595387 0.056627721 -9.091006279 -0.926938236 0.087910138 0.364770263 88.707656860
0.359047294 -0.095494241 0.928421199 52.306003571 0.116911530 0.991518378 0.056771141 -9.125702858 -0.925967991 0.088159613 0.367166370 88.971298218
0.361163318 -0.095857851 0.927562594 53.055953979 0.117550083 0.991447568 0.056689713 -9.160289764 -0.925063789 0.088560812 0.369342595 89.232925415
0.363620311 -0.097087175 0.926474154 53.788902283 0.120233335 0.991126657 0.056673367 -9.197972298 -0.923755527 0.090785488 0.372066885 89.484497070
0.366460055 -0.097625539 0.925297976 54.503189087 0.119506344 0.991181612 0.057246793 -9.233798981 -0.922727108 0.089600317 0.374895334 89.733810425
0.368497372 -0.099069804 0.924334824 55.197025299 0.120044202 0.991051495 0.058363382 -9.268945694 -0.921845496 0.089454278 0.377092630 89.983375549
0.371123880 -0.101236373 0.923048377 55.879329681 0.119303472 0.990999281 0.060721420 -9.298118591 -0.920887470 0.087587699 0.379861355 90.227432251
0.373433471 -0.103521325 0.921862662 56.545997620 0.120344058 0.990762293 0.062508792 -9.326573372 -0.919817746 0.087597817 0.382441998 90.470993042
0.377746940 -0.105178617 0.919915617 57.267021179 0.121241786 0.990591526 0.063473575 -9.355566025 -0.917936623 0.087555267 0.386944950 90.714042664
0.381345600 -0.108184308 0.918080449 57.888011932 0.121837787 0.990347087 0.066091940 -9.378559113 -0.916368425 0.086653017 0.390845448 90.943778992
0.385778517 -0.110085949 0.916000009 58.491241455 0.118991576 0.990500033 0.068925478 -9.407056808 -0.914885759 0.082406320 0.395212948 91.178619385
0.391169101 -0.105283387 0.914276838 59.050193787 0.116757751 0.991084933 0.064173944 -9.442240715 -0.912882447 0.081646040 0.399974465 91.393707275
0.396587491 -0.098448619 0.912702739 59.599433899 0.116475247 0.991593897 0.056347400 -9.480268478 -0.910577774 0.083960600 0.404720545 91.619125366
0.403847992 -0.090404570 0.910348177 60.117042542 0.116890147 0.992048025 0.046663269 -9.514097214 -0.907327652 0.087565869 0.411204010 91.825363159
0.412033051 -0.082997769 0.907380939 60.622196198 0.111611336 0.992940843 0.040142249 -9.538461685 -0.904307306 0.084734060 0.418387949 92.058593750
0.423384786 -0.076676488 0.902699292 61.096931458 0.102659218 0.994054496 0.036287010 -9.564110756 -0.900114655 0.077307038 0.428739101 92.284080505
0.437808961 -0.077644527 0.895709038 61.571647644 0.100820571 0.994219959 0.036904387 -9.603435516 -0.893397212 0.074148819 0.443106562 92.505584717
0.454765081 -0.079576962 0.887049139 62.049667358 0.099675499 0.994290411 0.038096733 -9.638556480 -0.885016084 0.071092002 0.460100442 92.748580933
0.474468827 -0.080229878 0.876608491 62.499607086 0.096039139 0.994611323 0.039048180 -9.675992966 -0.875017583 0.065661579 0.479617298 92.994094849
0.496075451 -0.077977292 0.864770889 62.922882080 0.089173563 0.995268226 0.038590003 -9.708042145 -0.863688171 0.057971150 0.500681639 93.279899597
0.521205783 -0.075266786 0.850105584 63.344726562 0.080527611 0.995996475 0.038811646 -9.737353325 -0.849623382 0.048228119 0.525180161 93.561973572
0.547975183 -0.070878536 0.833486319 63.749462128 0.073089004 0.996649861 0.036701407 -9.775781631 -0.833295405 0.040807225 0.551319838 93.864562988
0.576669455 -0.070072383 0.813966930 64.149612427 0.071607657 0.996815741 0.035081651 -9.815048218 -0.813833296 0.038055751 0.579850912 94.176086426
0.607733369 -0.071524985 0.790913582 64.537246704 0.071206160 0.996832073 0.035432491 -9.854125977 -0.790942371 0.034784410 0.610901177 94.487518311
0.640703797 -0.068147421 0.764757872 64.908477783 0.065936908 0.997257113 0.033624332 -9.884071350 -0.764951587 0.028882531 0.643439829 94.810455322
0.673923433 -0.065170579 0.735921204 65.247734070 0.062129911 0.997572601 0.031445734 -9.916205406 -0.736184180 0.024530703 0.676336527 95.159835815
0.707930863 -0.063806444 0.703393638 65.574211121 0.059948675 0.997745335 0.030172387 -9.963650703 -0.703732908 0.020807551 0.710159838 95.522987366
0.741482913 -0.062168665 0.668085456 65.897064209 0.058822971 0.997887552 0.027572986 -9.998083115 -0.668388307 0.018853873 0.743573546 95.915321350
0.773479581 -0.059208732 0.631049633 66.177047729 0.056631818 0.998100996 0.024233809 -10.030740738 -0.631286085 0.016993130 0.775363863 96.325637817
0.803294778 -0.057442080 0.592805147 66.413269043 0.054267246 0.998257041 0.023193736 -10.080518723 -0.593104184 0.013538494 0.805011868 96.739318848
0.832885146 -0.052473709 0.550952613 66.654670715 0.049788140 0.998562753 0.019839251 -10.115419388 -0.551201820 0.010907088 0.834300637 97.177604675
0.860737503 -0.046191573 0.506949008 66.874603271 0.044871274 0.998882711 0.014829059 -10.157606125 -0.507067621 0.009983523 0.861848474 97.618881226
0.886234581 -0.040860869 0.461431086 67.072937012 0.041022591 0.999111295 0.009684898 -10.209670067 -0.461416721 0.010346008 0.887123227 98.092788696
0.909354210 -0.033870414 0.414641708 67.248718262 0.034772426 0.999380827 0.005375703 -10.254450798 -0.414567024 0.009529679 0.909968853 98.569236755
0.929603517 -0.026730306 0.367590457 67.402786255 0.027481917 0.999617219 0.003190475 -10.304616928 -0.367535025 0.007136214 0.929982305 99.066879272
0.947341263 -0.020196076 0.319588184 67.540489197 0.020928320 0.999780297 0.001143275 -10.337992668 -0.319541067 0.005605372 0.947555840 99.594612122
0.962139428 -0.013003268 0.272247285 67.650436401 0.013498812 0.999908864 0.000052685 -10.390415192 -0.272223175 0.003624325 0.962227345 100.114532471
0.974163473 -0.006986170 0.225735918 67.730148315 0.007328469 0.999972939 -0.000678433 -10.451127052 -0.225725055 0.002315203 0.974188268 100.644447327
0.983810365 0.000468243 0.179211870 67.818023682 0.000038627 0.999996006 -0.002824824 -10.489571571 -0.179212481 0.002786014 0.983806431 101.206741333
0.990736544 0.005954792 0.135667369 67.859985352 -0.005582006 0.999979556 -0.003128037 -10.558670044 -0.135683224 0.002341764 0.990749478 101.760307312
0.995498598 0.010508426 0.094192073 67.897186279 -0.010173379 0.999940097 -0.004036547 -10.618135452 -0.094228849 0.003060125 0.995545864 102.340362549
0.998215318 0.015473361 0.057678241 67.885337830 -0.015204123 0.999871373 -0.005103881 -10.677223206 -0.057749797 0.004217825 0.998322189 102.939987183
0.999569237 0.019495560 0.021936525 67.883346558 -0.019397333 0.999800920 -0.004681658 -10.734846115 -0.022023430 0.004254131 0.999748409 103.568214417
0.999676406 0.023260087 -0.010300013 67.858001709 -0.023288038 0.999725401 -0.002602016 -10.795042992 0.010236662 0.002841041 0.999943554 104.194259644
0.998824775 0.026540060 -0.040554408 67.823692322 -0.026585214 0.999646366 -0.000574443 -10.853750229 0.040524822 0.001651915 0.999177158 104.836570740
0.997287214 0.030574130 -0.066958450 67.777427673 -0.030538440 0.999532402 0.001556756 -10.914667130 0.066974729 0.000492274 0.997754574 105.493118286
0.995533824 0.035103042 -0.087636687 67.721420288 -0.034938149 0.999383628 0.003415183 -10.975862503 0.087702557 -0.000338066 0.996146679 106.162719727
0.994036436 0.040537622 -0.101233646 67.645111084 -0.040274780 0.999177873 0.004639716 -11.040015221 0.101338498 -0.000534884 0.994851887 106.848136902
0.992748857 0.043252733 -0.112155557 67.577651978 -0.042849243 0.999063492 0.006006742 -11.100234032 0.112310335 -0.001157406 0.993672490 107.551765442
0.991930187 0.044948820 -0.118549965 67.505882263 -0.044421121 0.998987734 0.007091252 -11.162209511 0.118748702 -0.001767905 0.992922783 108.245880127
0.991353154 0.046781130 -0.122598559 67.431686401 -0.046165742 0.998902917 0.007856946 -11.232844353 0.122831613 -0.002129155 0.992425263 108.965118408
0.991039753 0.046845876 -0.125082448 67.358901978 -0.046219677 0.998899996 0.007905228 -11.302608490 0.125315174 -0.002053126 0.992114842 109.709762573
0.990827918 0.046229325 -0.126975983 67.282348633 -0.045594178 0.998928785 0.007905583 -11.367700577 0.127205431 -0.002043707 0.991874278 110.454086304
0.990665734 0.046461251 -0.128151521 67.205726624 -0.045800969 0.998917758 0.008096049 -11.435416222 0.128388986 -0.002151014 0.991721570 111.202354431
