1.000000000 -0.000000000 0.000000000 0.000000000 -0.000000000 1.000000000 0.000000000 -0.000000060 0.000000000 0.000000000 0.999999940 -0.000000000
0.999991357 -0.002467003 -0.003348829 -0.002925510 0.002459606 0.999994516 -0.002211114 -0.005192509 0.003354265 0.002202859 0.999991894 0.666534901
0.999970019 -0.001433647 -0.007610287 -0.008276610 0.001405488 0.999992192 -0.003704164 -0.008563923 0.007615538 0.003693357 0.999964118 1.367475629
0.999936044 -0.001121249 -0.011251926 -0.026466759 0.001064360 0.999986649 -0.005060621 -0.011839843 0.011257452 0.005048320 0.999923825 2.065829277
0.999869108 0.000093281 -0.016176920 -0.045772184 -0.000186705 0.999983370 -0.005773692 -0.014313921 0.016176114 0.005775956 0.999852479 2.796205997
0.999791324 -0.000840681 -0.020407630 -0.062561296 0.000725220 0.999983728 -0.005664495 -0.030253300 0.020412065 0.005648513 0.999775827 3.528463364
0.999689162 0.000941775 -0.024914781 -0.088362440 -0.001117251 0.999974668 -0.007030029 -0.033448189 0.024907529 0.007055680 0.999664903 4.282392979
0.999561608 0.003705243 -0.029373065 -0.124449939 -0.003933129 0.999962628 -0.007704375 -0.043600887 0.029343421 0.007816526 0.999538779 5.041489601
0.999408484 0.003790267 -0.034180529 -0.147052094 -0.003997510 0.999973953 -0.005996882 -0.051085986 0.034156915 0.006129973 0.999397635 5.844845295
0.999240994 0.003234727 -0.038819086 -0.179994017 -0.003374071 0.999988019 -0.003524595 -0.056137007 0.038807224 0.003652898 0.999239981 6.645125389
0.999120951 0.002796795 -0.041826211 -0.224776745 -0.002828368 0.999995768 -0.000695709 -0.064668328 0.041824088 0.000813398 0.999124587 7.449643135
0.999001265 0.004139202 -0.044490267 -0.265913606 -0.004210271 0.999990046 -0.001503815 -0.072968416 0.044483598 0.001689630 0.999008656 8.268333435
0.998914957 0.003607695 -0.046432219 -0.312423825 -0.003686820 0.999991894 -0.001618536 -0.079559073 0.046426009 0.001787967 0.998920083 9.088940620
0.998843849 0.001064622 -0.048061989 -0.357020855 -0.001177559 0.999996662 -0.002321541 -0.085814156 0.048059359 0.002375453 0.998841584 9.915103912
0.998724222 0.000563063 -0.050493509 -0.394085139 -0.000638428 0.999998748 -0.001476458 -0.092637807 0.050492611 0.001506811 0.998723269 10.766661644
0.998640597 -0.001016308 -0.052113801 -0.439946949 0.000924197 0.999997973 -0.001791557 -0.100265071 0.052115522 0.001740958 0.998639524 11.616595268
0.998546839 0.001008729 -0.053882223 -0.492799222 -0.001221255 0.999991715 -0.003911486 -0.111173667 0.053877819 0.003971605 0.998539627 12.477601051
0.998470426 0.001677503 -0.055263668 -0.542614102 -0.002052412 0.999975264 -0.006727946 -0.120279230 0.055251010 0.006831081 0.998449028 13.345683098
0.998368084 0.005434686 -0.056848068 -0.602974772 -0.005909349 0.999949098 -0.008184897 -0.134831429 0.056800686 0.008507475 0.998349249 14.219652176
0.998295605 0.006736702 -0.057972562 -0.657159984 -0.007204065 0.999943137 -0.007856549 -0.145756364 0.057916354 0.008260796 0.998287261 15.103077888
0.998219907 0.005745137 -0.059363294 -0.714302421 -0.006140266 0.999960184 -0.006475847 -0.157968953 0.059323724 0.006828825 0.998215437 15.996310234
0.998131752 0.006660206 -0.060735106 -0.776338458 -0.006964367 0.999964237 -0.004797678 -0.171521962 0.060700979 0.005211696 0.998142362 16.899702072
0.998091280 0.006201007 -0.061444193 -0.833296359 -0.006500598 0.999967873 -0.004677101 -0.188655436 0.061413214 0.005067597 0.998099566 17.788333893
0.997987032 0.005995759 -0.063135527 -0.893254399 -0.006353973 0.999964833 -0.005474470 -0.200768024 0.063100465 0.005864611 0.997989893 18.695552826
0.997917235 0.004636201 -0.064340726 -0.951270640 -0.005032022 0.999969363 -0.005991256 -0.217557222 0.064310975 0.006302541 0.997910023 19.610584259
0.997889042 0.004678525 -0.064772666 -1.013584733 -0.004970011 0.999978244 -0.004339728 -0.229609564 0.064750955 0.004652488 0.997890592 20.520635605
0.997880042 0.005841984 -0.064817779 -1.080281138 -0.005926167 0.999981821 -0.001106552 -0.237790167 0.064810134 0.001488327 0.997896492 21.443496704
0.997923672 0.006728204 -0.064055234 -1.142307043 -0.006556040 0.999974310 0.002897559 -0.251620203 0.064073101 -0.002471592 0.997942090 22.371740341
0.998038411 0.004949999 -0.062408470 -1.195990086 -0.004595786 0.999972463 0.005818007 -0.259763360 0.062435552 -0.005519778 0.998033762 23.298442841
0.998136282 0.005150511 -0.060806170 -1.259039879 -0.004761859 0.999967337 0.006534851 -0.263309896 0.060837831 -0.006233122 0.998128176 24.239234924
0.998206317 0.005674871 -0.059597325 -1.315372944 -0.005469368 0.999978483 0.003610746 -0.268163621 0.059616528 -0.003278310 0.998216033 25.171878815
0.998259008 0.006171828 -0.058661010 -1.372713804 -0.006235899 0.999980152 -0.000909208 -0.280285656 0.058654234 0.001273430 0.998277485 26.116178513
0.998342037 0.005215762 -0.057323765 -1.432793856 -0.005445452 0.999977767 -0.003851417 -0.287094980 0.057302397 0.004157186 0.998348176 27.065313339
0.998412728 0.003107468 -0.056235671 -1.493729472 -0.003266972 0.999990880 -0.002744637 -0.297427744 0.056226637 0.002924001 0.998413682 28.026399612
0.998386979 0.001648002 -0.056750827 -1.546311617 -0.001531065 0.999996781 0.002103947 -0.307380289 0.056754105 -0.002013665 0.998386085 29.000036240
0.998338819 -0.002122303 -0.057575714 -1.602406979 0.002440572 0.999982178 0.005458081 -0.315810561 0.057563100 -0.005589532 0.998326123 29.971982956
0.998227179 -0.009524628 -0.058751974 -1.649730921 0.009828013 0.999939859 0.004877058 -0.322766304 0.058701988 -0.005445825 0.998260617 30.939649582
0.998112202 -0.011989754 -0.060235642 -1.711055756 0.012068171 0.999926746 0.000938180 -0.325384915 0.060219985 -0.001663343 0.998183727 31.934068680
0.998028338 -0.011947153 -0.061617851 -1.766461849 0.011798327 0.999926686 -0.002778564 -0.338100910 0.061646525 0.002046099 0.998095930 32.884315491
0.997911811 -0.010462261 -0.063740239 -1.834681988 0.010241950 0.999940455 -0.003782154 -0.344802082 0.063776001 0.003121432 0.997959316 33.868080139
0.997869790 -0.011129837 -0.064280987 -1.902075529 0.011013910 0.999937057 -0.002157571 -0.355104834 0.064300962 0.001444990 0.997929454 34.855102539
0.997809470 -0.007856037 -0.065685391 -1.972669959 0.007901383 0.999968708 0.000430566 -0.366470098 0.065679967 -0.000948628 0.997840285 35.852195740
0.997728407 -0.007978979 -0.066890106 -2.039619207 0.008124986 0.999965131 0.001911041 -0.379867852 0.066872507 -0.002450181 0.997758508 36.838821411
0.997664869 -0.006533930 -0.067986444 -2.107560635 0.006851462 0.999966681 0.004438385 -0.389162421 0.067955166 -0.004893828 0.997676373 37.809825897
0.997705102 -0.006621336 -0.067385294 -2.182237625 0.007148949 0.999945641 0.007591650 -0.397567600 0.067331344 -0.008055959 0.997698128 38.802669525
0.997689486 -0.000576074 -0.067936949 -2.260331631 0.001231529 0.999953091 0.009606500 -0.396185011 0.067928225 -0.009667969 0.997643411 39.783187866
0.997691989 -0.000376090 -0.067902081 -2.341961622 0.000988943 0.999959171 0.008992149 -0.402798474 0.067895904 -0.009038544 0.997651517 40.771800995
0.997668445 -0.000576329 -0.068245441 -2.397098541 0.001086639 0.999971747 0.007440691 -0.408851236 0.068239219 -0.007497499 0.997640789 41.778167725
0.997656047 0.001840331 -0.068404309 -2.475541592 -0.001471922 0.999984145 0.005435764 -0.413971663 0.068413228 -0.005322336 0.997642875 42.771984100
0.997614622 0.001363513 -0.069017664 -2.548101902 -0.001004557 0.999985754 0.005235368 -0.421566665 0.069023840 -0.005153546 0.997601628 43.746559143
0.997522414 -0.000238359 -0.070350111 -2.618217945 0.000690965 0.999979258 0.006409350 -0.428366125 0.070347130 -0.006442079 0.997501731 44.732833862
0.997487962 0.000336658 -0.070835292 -2.692223549 0.000215031 0.999969661 0.007780568 -0.442501098 0.070835769 -0.007776254 0.997457683 45.696456909
0.997457862 0.001929071 -0.071232051 -2.761255741 -0.001629258 0.999989569 0.004266819 -0.447785914 0.071239516 -0.004139917 0.997450709 46.664276123
0.997396410 0.002280196 -0.072077416 -2.838717461 -0.002276689 0.999997437 0.000130807 -0.455340952 0.072077528 0.000033632 0.997398973 47.628620148
0.997348666 0.003737628 -0.072674245 -2.918463707 -0.003840647 0.999991894 -0.001277851 -0.461494297 0.072668865 0.001553579 0.997354925 48.584403992
0.997349143 0.002718091 -0.072714046 -2.996812344 -0.002560711 0.999994218 0.002257507 -0.475608885 0.072719768 -0.002065323 0.997350216 49.547466278
0.997305572 -0.000535701 -0.073356494 -3.046289682 0.000951979 0.999983668 0.005639875 -0.486570925 0.073352255 -0.005694512 0.997289777 50.531330109
0.997313023 -0.002144577 -0.073225625 -3.122996807 0.002611420 0.999976814 0.006280262 -0.496485621 0.073210448 -0.006454608 0.997295618 51.492202759
0.997267604 -0.005419289 -0.073674008 -3.191971302 0.005798329 0.999971092 0.004931915 -0.503644884 0.073645137 -0.005345624 0.997270107 52.451160431
0.997208655 -0.008487836 -0.074181288 -3.251789093 0.008787551 0.999954522 0.003714871 -0.509917021 0.074146368 -0.004356372 0.997237861 53.388526917
0.997129798 -0.009864717 -0.075065829 -3.327017307 0.010272901 0.999934494 0.005053504 -0.521661878 0.075011052 -0.005810142 0.997165740 54.337749481
0.996968627 -0.013425953 -0.076637991 -3.388826370 0.014163555 0.999858499 0.009089088 -0.523853540 0.076505095 -0.010147000 0.997017562 55.292419434
0.996925056 -0.013708925 -0.077152677 -3.460084915 0.014825145 0.999793291 0.013913570 -0.528500259 0.076945998 -0.015014584 0.996922135 56.221580505
0.996918440 -0.011802148 -0.077551931 -3.542023659 0.013073601 0.999787986 0.015907655 -0.526945770 0.077347733 -0.016872516 0.996861339 57.171531677
0.996828556 -0.010681626 -0.078859173 -3.622251272 0.011650731 0.999862075 0.011839192 -0.527986526 0.078721836 -0.012720411 0.996815443 58.103775024
0.996724844 -0.008711129 -0.080397382 -3.695374250 0.009067490 0.999950647 0.004068458 -0.535475075 0.080357984 -0.004784133 0.996754587 58.999298096
0.996674716 -0.007614681 -0.081126183 -3.776792049 0.007627158 0.999970853 -0.000156099 -0.551740408 0.081125006 -0.000463182 0.996703744 59.920635223
0.996658802 -0.002297574 -0.081645310 -3.865788221 0.002350903 0.999997079 0.000557040 -0.560972095 0.081643790 -0.000747120 0.996661246 60.819377899
0.996504903 0.000301982 -0.083534725 -3.945032597 -0.000048779 0.999995351 0.003033124 -0.575058758 0.083535269 -0.003018449 0.996500134 61.721580505
0.996444046 0.002801707 -0.084210917 -4.022814751 -0.002444974 0.999987602 0.004339013 -0.587633491 0.084222026 -0.004117690 0.996438444 62.594303131
0.996348560 0.003319558 -0.085314482 -4.101114273 -0.002974526 0.999986887 0.004171029 -0.595445156 0.085327201 -0.003902028 0.996345282 63.461513519
0.996208429 0.005204089 -0.086842425 -4.181147575 -0.004790581 0.999976099 0.004969304 -0.605048776 0.086866207 -0.004534437 0.996209621 64.305610657
0.996069252 0.006206343 -0.088360347 -4.259433746 -0.005736080 0.999967933 0.005575025 -0.617307544 0.088392116 -0.005046269 0.996072948 65.146598816
0.995955646 0.005709914 -0.089664720 -4.333522320 -0.005176871 0.999967575 0.006176282 -0.629518390 0.089697070 -0.005687118 0.995952785 65.959472656
0.995846033 0.005498562 -0.090886891 -4.407093525 -0.004859630 0.999961972 0.007249760 -0.635944486 0.090923287 -0.006777967 0.995834768 66.765869141
0.995705009 0.008356571 -0.092204608 -4.486706734 -0.007475516 0.999923050 0.009896697 -0.642118216 0.092280231 -0.009164914 0.995690882 67.565101624
0.995563984 0.009887801 -0.093565598 -4.566462517 -0.008606905 0.999863803 0.014083463 -0.647832513 0.093692109 -0.013215678 0.995513499 68.353858948
0.995379090 0.013000598 -0.095138326 -4.651549816 -0.011560829 0.999810338 0.015669022 -0.649748921 0.095323987 -0.014496740 0.995340705 69.137451172
0.995225906 0.015947456 -0.096286148 -4.733221054 -0.014913904 0.999823272 0.011444351 -0.655729592 0.096451662 -0.009953715 0.995287895 69.882492065
0.995069325 0.015711432 -0.097928710 -4.800716400 -0.015353627 0.999872386 0.004406274 -0.668015778 0.097985446 -0.002880987 0.995183587 70.608131409
0.994939089 0.015070833 -0.099343002 -4.873822212 -0.015277878 0.999882340 -0.001323655 -0.675629258 0.099311359 0.002834707 0.995052338 71.315368652
0.994906545 0.015612895 -0.099585108 -4.952940941 -0.015951088 0.999869347 -0.002600651 -0.680411458 0.099531516 0.004175896 0.995025635 72.009300232
0.994773686 0.018245403 -0.100460872 -5.026913166 -0.018260075 0.999833167 0.000773532 -0.687021434 0.100458182 0.001064934 0.994940639 72.683021545
0.994628191 0.019061930 -0.101741306 -5.101354599 -0.018830273 0.999817312 0.003236928 -0.707046986 0.101784423 -0.001303723 0.994805574 73.327316284
0.994600952 0.015481682 -0.102612279 -5.165507317 -0.015565543 0.999878943 -0.000016532 -0.715997458 0.102599569 0.001613659 0.994721353 73.967773438
0.994677722 0.007237737 -0.102780610 -5.212910652 -0.007794567 0.999957144 -0.005017094 -0.735397100 0.102739871 0.005791521 0.994691253 74.574668884
0.994816899 0.003351861 -0.101627126 -5.269011974 -0.004365977 0.999942958 -0.009758028 -0.745464683 0.101588577 0.010151151 0.994774640 75.173751831
0.995058298 0.005623848 -0.099132523 -5.322067261 -0.006666875 0.999925852 -0.010193419 -0.753994107 0.099067837 0.010803949 0.995021999 75.750068665
0.995461643 0.010338357 -0.094600543 -5.389675140 -0.011035701 0.999915659 -0.006851249 -0.767471433 0.094521716 0.007864138 0.995491743 76.326530457
0.995899022 0.008958333 -0.090027086 -5.437201977 -0.009325763 0.999949932 -0.003661512 -0.777526379 0.089989774 0.004486067 0.995932579 76.883178711
0.996420264 0.005414478 -0.084364429 -5.474220753 -0.005410070 0.999985397 0.000280884 -0.785798609 0.084364712 0.000176538 0.996434867 77.429122925
0.997093081 0.000876021 -0.076187871 -5.506306171 -0.000578341 0.999992132 0.003929161 -0.798890948 0.076190710 -0.003873678 0.997085690 77.959930420
0.997841120 0.004751235 -0.065502360 -5.537519455 -0.004511255 0.999982476 0.003811109 -0.816594422 0.065519311 -0.003507383 0.997845113 78.459625244
0.998681486 0.009982914 -0.050356209 -5.567464828 -0.009842970 0.999946952 0.003026287 -0.818279266 0.050383754 -0.002526642 0.998726666 78.964439392
0.999361753 0.014896000 -0.032468967 -5.577419281 -0.014794827 0.999884844 0.003353980 -0.821003616 0.032515187 -0.002871466 0.999467134 79.459671021
0.999857306 0.013422982 -0.010262743 -5.569885731 -0.013381500 0.999902010 0.004099964 -0.828976333 0.010316778 -0.003962048 0.999938905 79.943672180
0.999818504 0.009912995 0.016265996 -5.543735027 -0.009996467 0.999937177 0.005058497 -0.836287618 -0.016214840 -0.005220181 0.999854863 80.404632568
0.998931170 0.008669986 0.045402575 -5.494954109 -0.009006237 0.999933362 0.007206588 -0.850907803 -0.045337081 -0.007607790 0.998942733 80.846908569
0.996874869 0.008010413 0.078589529 -5.437705994 -0.008700013 0.999926507 0.008436212 -0.853958786 -0.078516170 -0.009093576 0.996871412 81.297317505
0.993247271 0.008047674 0.115737304 -5.358129501 -0.009137897 0.999918640 0.008892294 -0.857184827 -0.115656339 -0.009889841 0.993239999 81.735794067
0.987453878 0.008136341 0.157697693 -5.269055367 -0.009630945 0.999915540 0.008715784 -0.859601021 -0.157613456 -0.010125212 0.987448931 82.163749695
0.979208529 0.007749306 0.202708393 -5.156499863 -0.009711062 0.999915123 0.008684912 -0.865545988 -0.202623859 -0.010472853 0.979200661 82.568038940
0.967800915 0.010106399 0.251513779 -5.033245087 -0.012322548 0.999897957 0.007237800 -0.879312992 -0.251414955 -0.010104041 0.967826605 82.943695068
0.952452004 0.010950645 0.304491997 -4.877187729 -0.012863235 0.999908149 0.004275885 -0.886228919 -0.304417163 -0.007989326 0.952505291 83.323570251
0.932891607 0.011163590 0.359984398 -4.692211151 -0.012678772 0.999918044 0.001847984 -0.887262106 -0.359934241 -0.006288127 0.932956457 83.693336487
0.908436835 0.011770725 0.417856276 -4.501409531 -0.013076739 0.999914527 0.000262471 -0.894840896 -0.417817473 -0.005702636 0.908513069 84.043647766
0.879545689 0.011581424 0.475673497 -4.295162201 -0.012327546 0.999922872 -0.001551249 -0.901748002 -0.475654721 -0.004499494 0.879620552 84.351478577
0.846030235 0.010714279 0.533027351 -4.043052673 -0.010221679 0.999940276 -0.003875578 -0.905568838 -0.533036947 -0.002169577 0.846089125 84.675354004
0.809190571 0.010829633 0.587446511 -3.779312134 -0.009097513 0.999941230 -0.005902452 -0.906152606 -0.587475896 -0.000568094 0.809241414 84.974639893
0.769345045 0.008791277 0.638773024 -3.514949799 -0.008282415 0.999958575 -0.003786757 -0.929126740 -0.638779879 -0.002377261 0.769385755 85.223251343
0.726451576 0.008429321 0.687166095 -3.223999023 -0.009873906 0.999949634 -0.001827773 -0.934345841 -0.687146962 -0.005457223 0.726497948 85.476585388
0.681069970 0.007500245 0.732179999 -2.920982361 -0.009149497 0.999956667 -0.001732462 -0.937975824 -0.732161224 -0.005519150 0.681109011 85.704391479
0.634653211 0.006307031 0.772771358 -2.598587036 -0.006291538 0.999975741 -0.002994332 -0.945770383 -0.772771478 -0.002961558 0.634677410 85.906532288
0.588181376 0.003749927 0.808720350 -2.259422302 -0.000436980 0.999990523 -0.004319007 -0.947718143 -0.808728993 0.002186965 0.588177383 86.086166382
0.541788578 0.005916107 0.840494096 -1.921634674 -0.002720172 0.999982417 -0.005285279 -0.958461642 -0.840510428 0.000577216 0.541795015 86.254913330
0.494214922 0.009116325 0.869291961 -1.589771271 -0.005569586 0.999957740 -0.007320171 -0.957343459 -0.869322002 -0.001223857 0.494244725 86.413978577
0.448485285 0.011141352 0.893720925 -1.254116058 -0.007218456 0.999934912 -0.008843093 -0.971629381 -0.893761039 -0.002485287 0.448536485 86.548789978
0.404985666 0.008637825 0.914282262 -0.914993286 -0.000580575 0.999957561 -0.009190086 -0.980858803 -0.914322853 0.003191045 0.404973447 86.665580750
0.365614951 0.000898540 0.930765748 -0.545625687 0.014248490 0.999876916 -0.006562223 -0.985866129 -0.930657089 0.015661255 0.365557194 86.750205994
0.330239594 -0.002629015 0.943893492 -0.177257538 0.018578794 0.999820411 -0.003715368 -0.986617684 -0.943714261 0.018763367 0.330229163 86.841232300
0.297085404 0.001861363 0.954849064 0.192125320 0.015933335 0.999849081 -0.006906475 -0.991179585 -0.954717934 0.017265743 0.297010928 86.937156677
0.266195059 0.008972628 0.963877380 0.556535721 0.005092611 0.999929488 -0.010714664 -1.007343054 -0.963905692 0.007760843 0.266130596 87.035789490
0.236550614 0.013580708 0.971524298 0.948772430 -0.000116803 0.999902606 -0.013948962 -1.024845243 -0.971619189 0.003186159 0.236529186 87.139160156
0.211318746 0.015279609 0.977297783 1.326438904 0.000653477 0.999875426 -0.015773902 -1.039124489 -0.977416933 0.003971961 0.211282417 87.196525574
0.188103437 0.016809305 0.982005417 1.725904465 0.008071251 0.999793410 -0.018659836 -1.046004534 -0.982116044 0.011435991 0.187928900 87.242874146
0.167825252 0.022784537 0.985553503 2.142486572 0.014888623 0.999560297 -0.025643669 -1.049545169 -0.985704303 0.018977189 0.167412207 87.288238525
0.147888541 0.030602233 0.988530517 2.568551064 0.017291509 0.999288440 -0.033522159 -1.040518999 -0.988852799 0.022050727 0.147254139 87.342620850
0.129989803 0.030906698 0.991033494 3.006842613 0.015019694 0.999338031 -0.033135753 -1.056334615 -0.991401434 0.019192329 0.129439518 87.397651672
0.115180597 0.026247261 0.992997766 3.469955444 0.013056983 0.999524474 -0.027934296 -1.080047369 -0.993258715 0.016183047 0.114783116 87.442855835
0.100549974 0.023109350 0.994663596 3.940176964 0.012981123 0.999614656 -0.024536636 -1.100004315 -0.994847357 0.015379008 0.100211255 87.483406067
0.087327525 0.020547342 0.995967686 4.425493240 0.015440010 0.999639213 -0.021976884 -1.116984367 -0.996060014 0.017296936 0.086978763 87.515853882
0.075960621 0.019667275 0.996916831 4.917152405 0.019240839 0.999590337 -0.021186087 -1.130351663 -0.996925116 0.020790823 0.075551085 87.536270142
0.065671459 0.020200666 0.997636795 5.425413609 0.022324355 0.999514997 -0.021708244 -1.145504475 -0.997591496 0.023697207 0.065188639 87.560760498
0.057864003 0.020847024 0.998106778 5.955874443 0.024321372 0.999455810 -0.022285201 -1.158507943 -0.998028100 0.025564838 0.057325482 87.585868835
0.052316330 0.021129681 0.998407066 6.503841877 0.026305342 0.999400079 -0.022529097 -1.174210072 -0.998284042 0.027442075 0.051729131 87.609588623
0.046847075 0.022380039 0.998651326 7.066944122 0.027407346 0.999343812 -0.023681242 -1.184751868 -0.998526037 0.028479777 0.046202946 87.628402710
0.041161012 0.023098009 0.998885512 7.645413399 0.028209340 0.999307394 -0.024270181 -1.199080706 -0.998754323 0.029176885 0.040480923 87.646163940
0.036791161 0.022865120 0.999061406 8.247022629 0.030505819 0.999246597 -0.023992758 -1.218490601 -0.998857319 0.031359907 0.036065921 87.663246155
0.033669911 0.022881597 0.999171078 8.870211601 0.032118008 0.999196827 -0.023964494 -1.236956954 -0.998916924 0.032898262 0.032907952 87.681472778
0.030706778 0.022342354 0.999278784 9.508861542 0.033296324 0.999172449 -0.023363141 -1.254610300 -0.998973787 0.033989713 0.029937444 87.695526123
0.028257854 0.021643229 0.999366403 10.161420822 0.035443164 0.999115407 -0.022639973 -1.275028348 -0.998972058 0.036060471 0.027465748 87.713523865
0.027563648 0.021377193 0.999391556 10.838640213 0.040106889 0.998942733 -0.022473756 -1.292249680 -0.998815119 0.040701941 0.026677134 87.725822449
0.028810570 0.020959664 0.999365211 11.530960083 0.043520615 0.998805881 -0.022202585 -1.312377453 -0.998636901 0.044132642 0.027863987 87.739860535
0.030945705 0.021162348 0.999297082 12.227184296 0.044612478 0.998750210 -0.022532308 -1.327542543 -0.998524964 0.045278400 0.029962920 87.761123657
0.034673575 0.021266924 0.999172509 12.950438499 0.047043290 0.998630583 -0.022887908 -1.345400214 -0.998290837 0.047797959 0.033625625 87.788589478
0.039108444 0.020594759 0.999022782 13.682113647 0.047784291 0.998605132 -0.022456754 -1.368609190 -0.998091757 0.048615839 0.038069788 87.816673279
0.043287404 0.018941935 0.998883069 14.438344955 0.049120687 0.998570681 -0.021064699 -1.387173176 -0.997854292 0.049977653 0.042295087 87.845062256
0.047193132 0.017280059 0.998736203 15.202024460 0.048827711 0.998615086 -0.019585213 -1.408023596 -0.997691572 0.049690284 0.046284027 87.885200500
0.051224031 0.015137494 0.998572528 15.986207008 0.045755014 0.998799562 -0.017488044 -1.429156542 -0.997638464 0.046585500 0.050469927 87.935951233
0.055135895 0.014165984 0.998378336 16.784811020 0.044933405 0.998851180 -0.016654160 -1.446700096 -0.997467220 0.045778770 0.054436021 87.986396790
0.059234582 0.015297511 0.998126805 17.585399628 0.042126156 0.998953581 -0.017810188 -1.464567900 -0.997354805 0.043102227 0.058528166 88.044876099
0.061971001 0.019383661 0.997889698 18.371810913 0.039917558 0.998963356 -0.021883480 -1.489737034 -0.997279406 0.041189451 0.061133005 88.096466064
0.063710861 0.024271471 0.997673213 19.185005188 0.033992492 0.999071360 -0.026476225 -1.522678614 -0.997389317 0.035600230 0.062826648 88.156913757
0.063609459 0.027572148 0.997593999 19.997915268 0.031196944 0.999074876 -0.029602282 -1.546389580 -0.997487128 0.033004876 0.062690452 88.212905884
0.063686445 0.027188858 0.997599602 20.808246613 0.028948151 0.999157846 -0.029079370 -1.575949669 -0.997550130 0.030730624 0.062845744 88.272300720
0.063787013 0.025286037 0.997643054 21.626861572 0.026271151 0.999289989 -0.027007496 -1.610594988 -0.997617662 0.027931962 0.063077442 88.331573486
0.063338101 0.024260581 0.997697175 22.444295883 0.026869670 0.999300659 -0.026005372 -1.640038490 -0.997630298 0.028454928 0.062641941 88.391204834
0.063692287 0.023305552 0.997697294 23.261478424 0.024583001 0.999387264 -0.024914388 -1.676267982 -0.997666717 0.026113249 0.063080348 88.450088501
0.063905247 0.023309428 0.997683764 24.066585541 0.022810653 0.999431908 -0.024811378 -1.712045074 -0.997695148 0.024343394 0.063337237 88.505134583
0.063954674 0.024087619 0.997662067 24.882429123 0.019662676 0.999484241 -0.025392080 -1.744197011 -0.997758985 0.021240652 0.063448049 88.564483643
0.062500730 0.025510114 0.997718871 25.697143555 0.016682383 0.999506950 -0.026600875 -1.774646997 -0.997905493 0.018306896 0.062044341 88.630477905
0.059499171 0.025250692 0.997909009 26.498790741 0.013697107 0.999565244 -0.026109274 -1.805216908 -0.998134255 0.015221950 0.059127446 88.683708191
0.056179713 0.024058681 0.998130858 27.305652618 0.011608682 0.999626279 -0.024748126 -1.832714915 -0.998353124 0.012977325 0.055879429 88.724014282
0.051300012 0.021611797 0.998449445 28.118387222 0.009705322 0.999707878 -0.022137696 -1.862848282 -0.998636067 0.010825938 0.051075280 88.771827698
0.044984259 0.019408561 0.998799205 28.924962997 0.007258167 0.999778450 -0.019754492 -1.893506289 -0.998961270 0.008138091 0.044833425 88.812210083
0.037728265 0.019641766 0.999094963 29.727182388 0.007140781 0.999776006 -0.019924806 -1.921958566 -0.999262512 0.007886045 0.037579563 88.840637207
0.029116500 0.020443983 0.999366939 30.527755737 0.006987987 0.999762297 -0.020655662 -1.949019313 -0.999551594 0.007584983 0.028966721 88.864250183
0.019325303 0.020881692 0.999595165 31.336715698 0.007569382 0.999750197 -0.021031266 -1.975360870 -0.999784589 0.007972753 0.019162420 88.879920959
0.008839522 0.019970888 0.999761462 32.119998932 0.008745939 0.999760747 -0.020048199 -2.003243685 -0.999922693 0.008921067 0.008662742 88.884849548
-0.001936651 0.018900653 0.999819517 32.915771484 0.007566739 0.999793053 -0.018885499 -2.032301426 -0.999969482 0.007528798 -0.002079266 88.885040283
-0.013085106 0.017951405 0.999753177 33.700061798 0.009144721 0.999799192 -0.017832542 -2.059587479 -0.999872565 0.008909122 -0.013246638 88.872116089
-0.024168963 0.018654697 0.999533832 34.476989746 0.009287381 0.999786973 -0.018434850 -2.081919670 -0.999664724 0.008837498 -0.024337068 88.854110718
-0.035512924 0.019220568 0.999184370 35.254390717 0.009232244 0.999778748 -0.018903872 -2.107726574 -0.999326527 0.008553380 -0.035682514 88.827911377
-0.045613091 0.020206572 0.998754740 36.028278351 0.008910996 0.999763846 -0.019820023 -2.136114597 -0.998919427 0.007995847 -0.045782376 88.782173157
-0.056103252 0.021303112 0.998197675 36.792320251 0.009424871 0.999739051 -0.020806290 -2.159253597 -0.998380482 0.008240583 -0.056289397 88.739761353
-0.065263644 0.021884002 0.997628093 37.540885925 0.010950806 0.999715030 -0.021213394 -2.189327478 -0.997808039 0.009540368 -0.065484688 88.678039551
-0.074962676 0.022554502 0.996931255 38.307422638 0.011317411 0.999698937 -0.021766126 -2.213367701 -0.997122109 0.009651032 -0.075195380 88.623794556
-0.084242046 0.022838024 0.996183574 39.047847748 0.012060242 0.999687433 -0.021898480 -2.242261410 -0.996372342 0.010169440 -0.084491149 88.560325623
-0.092757396 0.022350661 0.995437920 39.777702332 0.013364668 0.999685884 -0.021200690 -2.266003370 -0.995599031 0.011337176 -0.093026973 88.486541748
-0.100198984 0.020971222 0.994746447 40.507537842 0.015076985 0.999695063 -0.019556869 -2.297397137 -0.994853258 0.013038197 -0.100484602 88.405677795
-0.105496809 0.019424645 0.994229972 41.230274200 0.017867576 0.999684811 -0.017635306 -2.322063446 -0.994259059 0.015904013 -0.105810635 88.328453064
-0.109077007 0.017856434 0.993872941 41.938674927 0.020992676 0.999656975 -0.015656419 -2.345717907 -0.993811548 0.019156298 -0.109414458 88.242324829
-0.111859113 0.016869439 0.993580878 42.645484924 0.022591930 0.999640644 -0.014428883 -2.363689661 -0.993467212 0.020832907 -0.112200022 88.161849976
-0.113739096 0.015833234 0.993384480 43.330764771 0.022572912 0.999656081 -0.013348676 -2.386186361 -0.993254125 0.020905312 -0.114057384 88.086540222
-0.114315376 0.016439585 0.993308485 43.996593475 0.023782611 0.999621809 -0.013807042 -2.405489922 -0.993159711 0.022045109 -0.114663102 88.004341125
-0.113208599 0.017490571 0.993417263 44.648479462 0.024341363 0.999593675 -0.014825406 -2.424428940 -0.993272960 0.022502765 -0.113588333 87.930282593
-0.110002510 0.019013662 0.993749499 45.266578674 0.025262289 0.999547482 -0.016328204 -2.446480036 -0.993610084 0.023308236 -0.110433049 87.860900879
-0.105087534 0.019429380 0.994273305 45.901344299 0.025504131 0.999532938 -0.016836563 -2.469107628 -0.994135857 0.023588758 -0.105533972 87.796257019
-0.097148560 0.020116553 0.995066583 46.499721527 0.025127620 0.999526680 -0.017753504 -2.488281488 -0.994952679 0.023278926 -0.097608037 87.744796753
-0.085937694 0.020080296 0.996098161 47.077892303 0.023540834 0.999558687 -0.018119089 -2.512159348 -0.996022344 0.021891868 -0.086372472 87.702865601
-0.072335057 0.020240663 0.997175038 47.634994507 0.023065431 0.999560654 -0.018615924 -2.535321951 -0.997113585 0.021653686 -0.072770134 87.672554016
-0.055627771 0.021640351 0.998217046 48.180072784 0.021541933 0.999558389 -0.020468960 -2.559417963 -0.998219132 0.020364875 -0.056069374 87.661270142
-0.034348212 0.024079507 0.999119818 48.710643768 0.019728487 0.999531329 -0.023411190 -2.580623627 -0.999215126 0.018906990 -0.034807153 87.662155151
-0.009587832 0.026902569 0.999592125 49.232761383 0.017459385 0.999490142 -0.026732361 -2.606379271 -0.999801576 0.017195957 -0.010052644 87.674163818
0.018412348 0.028766071 0.999416649 49.751247406 0.015885225 0.999451458 -0.029059734 -2.627930641 -0.999704242 0.016411014 0.017945293 87.707313538
0.051573604 0.027805960 0.998282135 50.247661591 0.012968707 0.999509454 -0.028510142 -2.656597614 -0.998584986 0.014416798 0.051187683 87.752876282
0.090432860 0.025772903 0.995568991 50.751029968 0.012946014 0.999550164 -0.027051922 -2.670608997 -0.995818317 0.015335032 0.090058520 87.803955078
0.132580057 0.022094931 0.990925968 51.241706848 0.011044497 0.999656498 -0.023767287 -2.688629389 -0.991110682 0.014095349 0.132290483 87.893486023
0.177522570 0.018131709 0.983949661 51.744880676 0.008099059 0.999769449 -0.019884445 -2.704842091 -0.984083414 0.011499003 0.177334785 88.014442444
0.226460502 0.014781275 0.973908246 52.224136353 0.003798437 0.999863863 -0.016058449 -2.723531008 -0.974012911 0.007335934 0.226373509 88.149627686
0.278592259 0.012749139 0.960324824 52.685565948 0.000047636 0.999911726 -0.013288508 -2.746162415 -0.960409522 0.003747821 0.278567076 88.312591553
0.332828820 0.012653707 0.942902446 53.143234253 -0.000635874 0.999912798 -0.013194330 -2.760531902 -0.942987144 0.003791886 0.332807779 88.505699158
0.391059637 0.014000070 0.920258939 53.585960388 0.001429806 0.999873936 -0.015818857 -2.764503956 -0.920364261 0.007501908 0.390990257 88.721855164
0.450899214 0.017083649 0.892411411 53.999893188 0.002468452 0.999789238 -0.020386415 -2.781157017 -0.892571390 0.011395094 0.450761944 88.968811035
0.509125769 0.020211345 0.860454679 54.372215271 0.003612858 0.999665260 -0.025618987 -2.802866697 -0.860684395 0.016151989 0.508882284 89.245353699
0.567425430 0.024564659 0.823058248 54.741409302 -0.000313366 0.999561250 -0.029616462 -2.813320398 -0.823424578 0.016547216 0.567184091 89.546470642
0.624056458 0.027585538 0.780892134 55.087615967 -0.004128760 0.999479055 -0.032007739 -2.826741695 -0.781368256 0.016750520 0.623845220 89.861877441
0.675657034 0.028375734 0.736669779 55.403926849 -0.005717983 0.999430656 -0.033252601 -2.842825890 -0.737193882 0.018255085 0.675434589 90.222366333
0.724467516 0.026987528 0.688780427 55.659572601 -0.005491007 0.999427497 -0.033383675 -2.845254660 -0.689287066 0.020403286 0.724200964 90.548637390
0.769695461 0.025046734 0.637919724 55.923377991 -0.008075234 0.999532223 -0.029501425 -2.847322702 -0.638360143 0.017555764 0.769537628 90.932411194
0.811001360 0.019974466 0.584703207 56.154979706 -0.008668607 0.999717593 -0.022128444 -2.861047745 -0.584980071 0.012877634 0.810945392 91.332855225
0.848008573 0.018144185 0.529671848 56.390926361 -0.011596636 0.999809742 -0.015682695 -2.870676041 -0.529855609 0.007156649 0.848057628 91.763320923
0.878866434 0.012113316 0.476914078 56.574470520 -0.010131453 0.999926090 -0.006727053 -2.898628950 -0.476960212 0.001080349 0.878924191 92.186492920
0.904800355 0.012875218 0.425641388 56.742965698 -0.013667299 0.999905825 -0.001193095 -2.909254313 -0.425616682 -0.004737854 0.904891133 92.626335144
0.924808741 0.014509944 0.380155742 56.873584747 -0.016840717 0.999854326 0.002805728 -2.923442602 -0.380059600 -0.008996856 0.924918234 93.065551758
0.939909518 0.020803772 0.340789437 56.980697632 -0.024077894 0.999695718 0.005380451 -2.931304216 -0.340573728 -0.013262626 0.940124273 93.509384155
0.951791406 0.025086259 0.305718839 57.090675354 -0.027877394 0.999600053 0.004766596 -2.934188843 -0.305477023 -0.013059448 0.952109933 93.961837769
0.961139202 0.026929058 0.274747729 57.205570221 -0.029309710 0.999560058 0.004562390 -2.927081585 -0.274503887 -0.012437867 0.961505473 94.426239014
0.967171729 0.021069570 0.253248870 57.315292358 -0.022974629 0.999725640 0.004567127 -2.930284023 -0.253083140 -0.010235493 0.967390358 94.890365601
0.971137702 0.018010989 0.237838477 57.420886993 -0.019877100 0.999787629 0.005450067 -2.938453674 -0.237689778 -0.010020303 0.971289396 95.373062134
0.974058926 0.022691933 0.225154281 57.515705109 -0.024385355 0.999691427 0.004742687 -2.936764717 -0.224977165 -0.010110120 0.974311590 95.869819641
0.976135373 0.027560906 0.215407223 57.612026215 -0.029402686 0.999553442 0.005349884 -2.935169458 -0.215163499 -0.011555759 0.976509690 96.370376587
0.977265477 0.035017464 0.209107712 57.703826904 -0.036671761 0.999319255 0.004038241 -2.933681965 -0.208823919 -0.011614780 0.977884293 96.881637573
0.977531314 0.041982662 0.206567287 57.793312073 -0.043081373 0.999071300 0.000821601 -2.947523117 -0.206340909 -0.009702340 0.978432059 97.399230957
0.977644086 0.044020936 0.205607086 57.906112671 -0.044703059 0.998999536 -0.001328820 -2.959877014 -0.205459863 -0.007892151 0.978633702 97.916763306
0.977271378 0.041057985 0.207978249 58.029830933 -0.040881906 0.999150693 -0.005146692 -2.960393667 -0.208012909 -0.003472832 0.978119850 98.446960449
0.976514220 0.039893519 0.211727470 58.153648376 -0.038248837 0.999197721 -0.011859485 -2.962762833 -0.212030783 0.003482624 0.977256715 98.994827271
0.975594819 0.039781887 0.215944871 58.275253296 -0.037037510 0.999173641 -0.016742282 -2.964536190 -0.216432482 0.008335621 0.976261854 99.557723999
0.974386036 0.044918802 0.220350340 58.397567749 -0.042449895 0.998971462 -0.015929312 -2.980545044 -0.220839277 0.006167450 0.975290656 100.135017395
0.972932994 0.048070725 0.226032048 58.525741577 -0.046511840 0.998842955 -0.012220381 -2.986385822 -0.226357937 0.001376446 0.974043131 100.721794128
0.971953392 0.044811729 0.230864793 58.673255920 -0.044350374 0.998990059 -0.007190255 -3.003493309 -0.230953857 -0.003250348 0.972959280 101.328834534
0.971328020 0.040586974 0.234253421 58.830226898 -0.041299168 0.999144971 -0.001866517 -3.011058092 -0.234128907 -0.007861471 0.972173750 101.940734863
0.970423460 0.038080987 0.238386437 58.981582642 -0.039936550 0.999197781 0.002957075 -3.018848181 -0.238082618 -0.012389950 0.971165895 102.569473267
0.969926953 0.032933988 0.241157800 59.144828796 -0.034882244 0.999384105 0.003812973 -3.027592421 -0.240883708 -0.012110429 0.970478415 103.199264526
0.969859600 0.029688621 0.241848782 59.299240112 -0.030704733 0.999528289 0.000432745 -3.031249762 -0.241721883 -0.007845604 0.970313847 103.839912415
0.970047891 0.029304920 0.241139814 59.475097656 -0.028555393 0.999570429 -0.006602937 -3.036510944 -0.241229758 -0.000480678 0.970467925 104.488357544
0.970202208 0.031574257 0.240230829 59.633209229 -0.029235223 0.999484122 -0.013295106 -3.044090271 -0.240526706 0.005875739 0.970624745 105.147384644
0.970772803 0.034391541 0.237523854 59.791034698 -0.031228621 0.999366522 -0.017067168 -3.051142693 -0.237960339 0.009150800 0.971231818 105.828498840
0.971403062 0.032800756 0.235160381 59.954742432 -0.030650297 0.999448299 -0.012794985 -3.056900978 -0.235450327 0.005221352 0.971872389 106.515525818
0.971856952 0.028715201 0.233815074 60.127349854 -0.028343977 0.999586105 -0.004948434 -3.072627068 -0.233860373 -0.001818078 0.972268522 107.208511353
0.972456276 0.029221047 0.231246516 60.295806885 -0.030245269 0.999542117 0.000884491 -3.083096743 -0.231114775 -0.007854241 0.972894847 107.930664062
0.972708225 0.032362290 0.229763389 60.450527191 -0.033352826 0.999443591 0.000427785 -3.098205090 -0.229621679 -0.008079369 0.973246455 108.653709412
0.973068357 0.038261019 0.227319911 60.614288330 -0.038252763 0.999258161 -0.004443512 -3.099344969 -0.227321297 -0.004371772 0.973810017 109.378440857
0.973964334 0.039132848 0.223298296 60.779388428 -0.037902765 0.999233484 -0.009793676 -3.107016087 -0.223510340 0.001075070 0.974700987 110.116607666
0.974843681 0.037496734 0.219712839 60.942771912 -0.035546966 0.999285877 -0.012822264 -3.116565228 -0.220036656 0.004689580 0.975480258 110.878211975
0.975806534 0.035529129 0.215729758 61.111938477 -0.033891719 0.999361873 -0.011285880 -3.128776550 -0.215993062 0.003701384 0.976387799 111.646553040
0.976660848 0.032066748 0.212380007 61.275081635 -0.030801781 0.999482572 -0.009262925 -3.142076969 -0.212567151 0.002505054 0.977143109 112.417259216
0.977044821 0.030547639 0.210832328 61.444572449 -0.029891023 0.999533355 -0.006301277 -3.158199549 -0.210926399 -0.000145363 0.977501869 113.211677551
0.977424383 0.027108671 0.209539160 61.616775513 -0.026861720 0.999631166 -0.004024858 -3.165351868 -0.209570915 -0.001694588 0.977791965 114.012969971
0.977603674 0.022173829 0.209282726 61.789352417 -0.022061687 0.999752581 -0.002870531 -3.174674034 -0.209294587 -0.001810888 0.977850914 114.806762695
0.977737367 0.022992106 0.208569214 61.962779999 -0.023237787 0.999729216 -0.001272585 -3.185284376 -0.208541989 -0.003602433 0.978006721 115.621124268
0.977529824 0.028360639 0.208881140 62.127677917 -0.028298860 0.999594152 -0.003284870 -3.192798615 -0.208889529 -0.002700039 0.977935493 116.441200256
0.977222681 0.034411181 0.209408045 62.288352966 -0.033769347 0.999407649 -0.006640699 -3.202376842 -0.209512472 -0.000582134 0.977805734 117.247360229
0.976692677 0.042631820 0.210366070 62.450431824 -0.041867491 0.999090493 -0.008087651 -3.212968349 -0.210519522 -0.000908352 0.977589130 118.074295044
0.975775599 0.048454065 0.213340417 62.614513397 -0.047964487 0.998821020 -0.007473361 -3.230848312 -0.213451028 -0.002940440 0.976949275 118.887031555
0.974946260 0.051324420 0.216438323 62.784019470 -0.051302765 0.998666704 -0.005722455 -3.242284775 -0.216443464 -0.005524799 0.976279497 119.720397949
0.974349618 0.052025199 0.218943283 62.965293884 -0.051892616 0.998632431 -0.006360115 -3.260762691 -0.218974724 -0.005164562 0.975716770 120.543350220
0.974039197 0.050160166 0.220751926 63.149147034 -0.049285084 0.998739839 -0.009473704 -3.268165112 -0.220948935 -0.001652018 0.975283980 121.375556946
0.974086821 0.043920793 0.221869051 63.354423523 -0.043240316 0.999033272 -0.007925884 -3.286783457 -0.222002655 -0.001873189 0.975044250 122.215545654
0.974248409 0.037327129 0.222366244 63.545436859 -0.036171172 0.999302626 -0.009270263 -3.306337357 -0.222557172 0.000988292 0.974919140 123.048141479
0.974034309 0.036524728 0.223434895 63.733505249 -0.035331175 0.999332070 -0.009338534 -3.324250221 -0.223626733 0.001201835 0.974674106 123.870819092
0.973498821 0.039248299 0.225298747 63.926795959 -0.038783342 0.999226689 -0.006490936 -3.339980841 -0.225379229 -0.002418919 0.974268019 124.708961487
0.973118305 0.041247241 0.226582006 64.110145569 -0.042167604 0.999110222 -0.000778835 -3.354194403 -0.226412520 -0.008796520 0.973991752 125.535820007
0.972735286 0.044822223 0.227545902 64.290573120 -0.046812955 0.998898089 0.003356605 -3.368947983 -0.227144718 -0.013917182 0.973761559 126.362731934
0.972488999 0.044149771 0.228726983 64.473358154 -0.044679385 0.998997271 -0.002864977 -3.387388468 -0.228624120 -0.007433221 0.973486364 127.181449890
0.972763181 0.039748527 0.228367656 64.672798157 -0.036711846 0.999171972 -0.017531775 -3.401174545 -0.228875414 0.008670470 0.973417103 127.992713928
