1.000000000 0.000000000 0.000000000 0.000000000 0.000000000 1.000000000 0.000000000 0.000000000 0.000000000 0.000000000 1.000000000 0.000000000
0.999047577 -0.000754330 0.043630689 0.047188994 0.000853471 0.999997079 -0.002253684 -0.019633336 -0.043628871 0.002288775 0.999045193 1.022913575
0.996034563 -0.005012350 0.088825971 0.134505942 0.005680997 0.999957383 -0.007276401 -0.037798923 -0.088785715 0.007752168 0.996020555 2.055809021
0.990879238 -0.004449637 0.134679347 0.266736984 0.006045341 0.999916255 -0.011441534 -0.059259646 -0.134617180 0.012151362 0.990823209 3.064648390
0.983521283 -0.001388253 0.180787086 0.443284959 0.003852956 0.999904335 -0.013282716 -0.094016701 -0.180751354 0.013760399 0.983432531 4.112099171
0.974020958 -0.003964986 0.226423085 0.684249878 0.007144707 0.999886930 -0.013225493 -0.127110839 -0.226345062 0.014499635 0.973939240 5.120658398
0.962352395 -0.004378208 0.271769494 0.956614435 0.008646349 0.999857366 -0.014509548 -0.155027360 -0.271667272 0.016313110 0.962252975 6.132372856
0.948773503 -0.006980211 0.315879911 1.280696511 0.013060877 0.999767840 -0.017136965 -0.187548101 -0.315686941 0.020384766 0.948644400 7.110878944
0.933593035 -0.008700836 0.358229429 1.655267119 0.016566768 0.999684215 -0.018894408 -0.219016045 -0.357951909 0.023574390 0.933442354 8.073442459
0.916304708 -0.008401973 0.400393605 2.063610077 0.017821871 0.999644876 -0.019808700 -0.251613289 -0.400085032 0.025286570 0.916129053 9.001749992
0.896762848 -0.009260574 0.442414552 2.525510788 0.019306881 0.999647737 -0.018210031 -0.290536165 -0.442090064 0.024871722 0.896625757 9.924641609
0.875048101 -0.009120616 0.483950227 3.018630266 0.019945895 0.999652803 -0.017225264 -0.326548219 -0.483625084 0.024725752 0.874925971 10.805356979
0.851051271 -0.009326952 0.524999857 3.549787998 0.020842824 0.999654353 -0.016027784 -0.359547377 -0.524668813 0.024582949 0.850951374 11.665026665
0.825540483 -0.009707569 0.564259410 4.135353088 0.022767564 0.999610960 -0.016112713 -0.397532821 -0.563883483 0.026148513 0.825440288 12.525149345
0.798265696 -0.011524582 0.602195263 4.748699188 0.026174083 0.999536276 -0.015567428 -0.431943715 -0.601736546 0.028188851 0.798197031 13.326946259
0.769496620 -0.010298025 0.638567805 5.392635345 0.026585104 0.999519944 -0.015916981 -0.469402254 -0.638097227 0.029224461 0.769400954 14.108097076
0.738961577 -0.013433812 0.673613667 6.068637371 0.031474106 0.999397993 -0.014596535 -0.499388278 -0.673012018 0.031987663 0.738939464 14.842256546
0.706814408 -0.012650271 0.707285821 6.806924820 0.031734094 0.999400675 -0.013838013 -0.535434365 -0.706686914 0.032225985 0.706792235 15.572132111
0.672636688 -0.011291367 0.739886761 7.556248188 0.032560289 0.999366820 -0.014349530 -0.570799708 -0.739256144 0.033742946 0.672578454 16.255714417
0.636869729 -0.012405613 0.770871639 8.350557327 0.037195887 0.999200583 -0.014649965 -0.596010089 -0.770073652 0.038003374 0.636822045 16.916828156
0.600164413 -0.010729174 0.799804688 9.139675140 0.037348125 0.999195397 -0.014621667 -0.624500155 -0.799004257 0.038646616 0.600082219 17.503749847
0.562400281 -0.009709868 0.826808095 9.986905098 0.040445346 0.999057174 -0.015778460 -0.654950738 -0.825875342 0.042314343 0.562262774 18.077503204
0.523422599 -0.007905794 0.852036595 10.831078529 0.045073349 0.998813748 -0.018421737 -0.680508614 -0.850880146 0.048046488 0.523158133 18.597461700
0.484610230 -0.006842972 0.874703407 11.708989143 0.046462458 0.998759091 -0.017928021 -0.704361260 -0.873495340 0.049328972 0.484326899 19.081104279
0.446349233 -0.008627253 0.894817173 12.610141754 0.051703636 0.998531640 -0.016163403 -0.729442239 -0.893363893 0.053479828 0.446139932 19.521062851
0.409461439 -0.009435782 0.912278473 13.512898445 0.055426713 0.998356640 -0.014551284 -0.750767231 -0.910642207 0.056522790 0.409311563 19.900611877
0.374383271 -0.006812841 0.927249014 14.445045471 0.056898363 0.998257399 -0.015638549 -0.777048707 -0.925526738 0.058613755 0.374118626 20.270132065
0.340828151 -0.007758518 0.940093637 15.392435074 0.057333387 0.998276234 -0.012547351 -0.800962210 -0.938375771 0.058175243 0.340685397 20.612789154
0.307445765 -0.009457655 0.951518595 16.383665085 0.059460800 0.998187423 -0.009290890 -0.828223348 -0.949706018 0.059434485 0.307450861 20.933151245
0.274948269 -0.009326569 0.961413920 17.371402740 0.060254056 0.998154461 -0.007548667 -0.845949769 -0.959569037 0.060004562 0.275002897 21.206039429
0.242568508 -0.006385642 0.970113277 18.375635147 0.057522073 0.998313665 -0.007811635 -0.866059422 -0.968427479 0.057697788 0.242526770 21.466903687
0.211851627 -0.004839118 0.977289855 19.424781799 0.057686280 0.998306036 -0.007561736 -0.878394186 -0.975597858 0.057978179 0.211771891 21.688808441
0.181307137 -0.004492909 0.983416259 20.453142166 0.059488464 0.998208404 -0.006407078 -0.896850109 -0.981625617 0.059663579 0.181249589 21.879760742
0.150662675 -0.004924632 0.988572955 21.515764236 0.061131570 0.998120189 -0.004344517 -0.913685381 -0.986693323 0.061087579 0.150680557 22.037061691
0.120470136 -0.005483327 0.992701948 22.601020813 0.060021065 0.998195529 -0.001770233 -0.923767626 -0.990900815 0.059796281 0.120581880 22.165157318
0.091135211 -0.005940820 0.995820820 23.688182831 0.060280710 0.998181283 0.000438151 -0.936665535 -0.994012296 0.059988853 0.091327593 22.259851456
0.064453498 -0.005635695 0.997904778 24.809341431 0.063146010 0.998003066 0.001557724 -0.939329445 -0.995920837 0.062913306 0.064680658 22.316591263
0.039725430 -0.005055704 0.999197841 25.923511505 0.067265600 0.997732282 0.002373989 -0.943861663 -0.996943951 0.067117319 0.039975420 22.341960907
0.016804509 -0.004646234 0.999848008 27.102811813 0.071019024 0.997468948 0.003441559 -0.946151257 -0.997333407 0.070950367 0.017091949 22.363183975
-0.003019969 -0.004708179 0.999984384 28.259737015 0.077088863 0.997012198 0.004926994 -0.944610119 -0.997019649 0.077102542 -0.002647997 22.347263336
-0.020499118 -0.005580354 0.999774218 29.462480545 0.081363931 0.996658146 0.007231225 -0.946981788 -0.996473610 0.081493810 -0.019976573 22.309104919
-0.035996031 -0.005200172 0.999338329 30.671989441 0.084374577 0.996400177 0.008224043 -0.943119287 -0.995783746 0.084614769 -0.035427686 22.251373291
-0.050133388 -0.005852990 0.998725295 31.872364044 0.086642742 0.996187270 0.010187354 -0.939349890 -0.994977236 0.087043025 -0.049435135 22.188549042
-0.063237883 -0.007105059 0.997973204 33.090473175 0.086848043 0.996142089 0.012595261 -0.935414314 -0.994212449 0.087468527 -0.062376849 22.093103409
-0.074833512 -0.006484961 0.997174978 34.296154022 0.086768098 0.996143758 0.012989808 -0.924902022 -0.993413925 0.087495022 -0.073982239 21.996471405
-0.085898362 -0.004494233 0.996293783 35.516307831 0.086488381 0.996181190 0.011950573 -0.928915858 -0.992542803 0.087194391 -0.085181631 21.895681381
-0.096221581 -0.000810526 0.995359600 36.747203827 0.086660869 0.996195495 0.009188729 -0.916194439 -0.991580129 0.087142870 -0.095785275 21.779115677
-0.105068348 0.001523489 0.994463861 37.992568970 0.088314161 0.996062100 0.007804740 -0.913233876 -0.990535855 0.088645272 -0.104789145 21.643035889
-0.112391964 0.002644556 0.993660450 39.284404755 0.087929696 0.996099889 0.007294596 -0.903149486 -0.989765763 0.088192113 -0.112186156 21.498386383
-0.117553577 0.003422755 0.993060648 40.585227966 0.087806523 0.996113241 0.006960822 -0.895282388 -0.989176929 0.088015467 -0.117397219 21.339042664
-0.122792877 0.005055408 0.992419362 41.908996582 0.089089960 0.996005952 0.005949498 -0.889257789 -0.988425434 0.089145154 -0.122752801 21.181001663
-0.127455980 0.006548033 0.991822600 43.248703003 0.087798208 0.996127188 0.004706216 -0.887034357 -0.987950623 0.087680086 -0.127537265 21.012523651
-0.131733224 0.006907441 0.991261125 44.626113892 0.088442959 0.996069670 0.004812642 -0.887941837 -0.987331867 0.088304058 -0.131826386 20.839939117
-0.134561703 0.005913826 0.990887582 46.021209717 0.088012256 0.996101260 0.006007048 -0.882999420 -0.986988842 0.088018566 -0.134557575 20.656135559
-0.137212843 0.004191909 0.990532696 47.448169708 0.088929191 0.996004939 0.008103784 -0.876717567 -0.986541569 0.089199208 -0.137037456 20.459150314
-0.139585048 0.002669750 0.990206420 48.875255585 0.088786982 0.996002138 0.009830534 -0.877253413 -0.986221433 0.089289650 -0.139264047 20.259235382
-0.140925571 0.003487763 0.990014076 50.293571472 0.091626376 0.995747805 0.009534777 -0.870600224 -0.985771000 0.092055090 -0.140645877 20.060985565
-0.141963080 0.003183728 0.989866972 51.824131012 0.090992630 0.995802879 0.009847013 -0.849748611 -0.985680878 0.091468513 -0.141656965 19.813617706
-0.141985446 0.005038444 0.989855945 53.294395447 0.093189098 0.995613813 0.008299338 -0.834719360 -0.985472441 0.093422167 -0.141832203 19.599361420
-0.141680330 0.005302459 0.989898264 54.781040192 0.092869230 0.995646417 0.007958763 -0.823195755 -0.985546529 0.093058683 -0.141555965 19.378158569
-0.140930369 0.006864740 0.989995718 56.293445587 0.092459299 0.995696783 0.006257726 -0.811351001 -0.985692620 0.092416227 -0.140958592 19.158531189
-0.139406040 0.006934145 0.990211010 57.830856323 0.092954814 0.995651543 0.006114322 -0.802598834 -0.985862732 0.092897259 -0.139444381 18.940017700
-0.137948379 0.005179535 0.990425885 59.397186279 0.092183664 0.995712698 0.007632332 -0.803999543 -0.986140072 0.092353955 -0.137834460 18.721233368
-0.136418730 0.006178323 0.990631938 60.980144501 0.093457408 0.995600998 0.006660595 -0.795273244 -0.986233056 0.093490548 -0.136396021 18.500160217
-0.135252669 0.006836863 0.990787566 62.571544647 0.093225136 0.995627820 0.005855929 -0.788614511 -0.986415625 0.093158349 -0.135298699 18.286733627
-0.133991659 0.007113828 0.990956962 64.177978516 0.094475329 0.995511234 0.005627903 -0.790538669 -0.986468792 0.094375081 -0.134062305 18.065040588
-0.132964268 0.006561826 0.991099119 65.806304932 0.093619131 0.995590210 0.005968231 -0.787864089 -0.986689329 0.093579404 -0.132992223 17.844203949
-0.131671488 0.005142180 0.991280079 67.461257935 0.095679402 0.995383680 0.007545604 -0.778796196 -0.986665130 0.095838614 -0.131555691 17.617162704
-0.131665304 0.003230139 0.991288960 69.153526306 0.097885989 0.995149791 0.009758723 -0.773555100 -0.986449480 0.098318189 -0.131342843 17.396842957
-0.130388528 0.004284561 0.991453707 70.843017578 0.099275015 0.995021462 0.008755922 -0.766872108 -0.986480236 0.099568248 -0.130164713 17.166105270
-0.129672304 0.006429872 0.991536081 72.519210815 0.101738319 0.994787574 0.006854302 -0.754916191 -0.986323595 0.101766035 -0.129650548 16.948898315
-0.128308475 0.006630331 0.991712213 74.220169067 0.100931801 0.994872630 0.006407176 -0.744732380 -0.986584723 0.100917391 -0.128319830 16.724178314
-0.128647938 0.006169691 0.991671145 75.997276306 0.101735637 0.994786918 0.007008930 -0.743010581 -0.986458242 0.101789996 -0.128604934 16.488311768
-0.128272399 0.004950273 0.991726637 77.731842041 0.101568468 0.994794905 0.008171528 -0.738672197 -0.986524224 0.101776324 -0.128107533 16.259609222
-0.128671810 0.005570265 0.991671503 79.446968079 0.102393992 0.994714260 0.007698514 -0.728826106 -0.986386776 0.102531821 -0.128561988 16.053649902
-0.128344446 0.005379702 0.991715074 81.212562561 0.103550568 0.994591951 0.008005859 -0.719176590 -0.986308753 0.103720166 -0.128207430 15.823424339
-0.128373563 0.006620997 0.991703928 82.972442627 0.104221590 0.994530499 0.006851358 -0.708850026 -0.986234307 0.104236476 -0.128361523 15.588703156
-0.128683761 0.007456272 0.991657794 84.774177551 0.103890620 0.994570613 0.006003326 -0.704684258 -0.986228943 0.103796445 -0.128759727 15.343862534
-0.129762292 0.008224671 0.991511166 86.560325623 0.103077836 0.994659483 0.005239345 -0.703572154 -0.986172736 0.102882683 -0.129917055 15.116425514
-0.131185055 0.008747322 0.991319299 88.354026794 0.102278024 0.994744480 0.004757289 -0.704003692 -0.986067772 0.102014251 -0.131390229 14.892394066
-0.132262573 0.007489995 0.991186440 90.158164978 0.101138219 0.994854450 0.005978032 -0.710198343 -0.986041427 0.101037487 -0.132339522 14.657673836
-0.133562326 0.007455207 0.991012394 91.990127563 0.100979336 0.994869590 0.006125126 -0.704891562 -0.985882401 0.100889839 -0.133629948 14.428118706
-0.134185717 0.006435525 0.990935266 93.850494385 0.098746791 0.995088577 0.006909114 -0.703155220 -0.986023962 0.098778784 -0.134162113 14.181815147
-0.136296973 0.007259793 0.990641356 95.681228638 0.098109655 0.995156288 0.006205492 -0.700627804 -0.985797882 0.098037273 -0.136349007 13.947427750
-0.138454869 0.008281218 0.990334094 97.562629700 0.097694926 0.995202243 0.005336436 -0.695570469 -0.985538363 0.097489499 -0.138599604 13.679512978
-0.142776594 0.009200736 0.989712179 99.439254761 0.098062955 0.995168090 0.004895173 -0.691567004 -0.984885037 0.097752996 -0.142988980 13.417601585
-0.147334635 0.008353798 0.989051402 101.337936401 0.096315473 0.995333076 0.005940835 -0.690300882 -0.984386027 0.096136242 -0.147451639 13.138429642
-0.151736140 0.007976843 0.988388836 103.248741150 0.094941117 0.995461285 0.006541313 -0.684790850 -0.983850777 0.094831280 -0.151804835 12.845067024
-0.156293646 0.008549643 0.987673640 105.151885986 0.093501061 0.995600104 0.006177746 -0.689355731 -0.983275056 0.093314074 -0.156405360 12.555966377
-0.160246000 0.010417836 0.987022161 107.062767029 0.094093092 0.995552003 0.004768427 -0.687084794 -0.982582152 0.093636066 -0.160513461 12.236988068
-0.165518031 0.011765086 0.986136615 108.982994080 0.093623385 0.995600224 0.003836217 -0.702020168 -0.981752753 0.092960402 -0.165891260 11.938285828
-0.169492304 0.011730532 0.985461652 110.931915283 0.092720121 0.995683908 0.004094978 -0.711066842 -0.981160223 0.092066191 -0.169848382 11.592216492
-0.174346820 0.011646770 0.984615445 112.887054443 0.090880409 0.995852470 0.004312598 -0.712744892 -0.980481505 0.090234153 -0.174682200 11.254264832
-0.178391173 0.010900985 0.983899176 114.842247009 0.089544013 0.995969296 0.005200549 -0.723150134 -0.979876697 0.089030020 -0.178648248 10.895681381
-0.184490889 0.010491235 0.982778192 116.785484314 0.088159740 0.996088803 0.005916353 -0.717335403 -0.978872299 0.087732986 -0.184694201 10.544572830
-0.189506292 0.010584215 0.981822491 118.760848999 0.088850692 0.996024370 0.006412190 -0.715438068 -0.977851212 0.088450767 -0.189693272 10.163236618
-0.194954887 0.011657837 0.980742931 120.705070496 0.088885821 0.996024787 0.005829489 -0.721420228 -0.976776421 0.088310637 -0.195216075 9.784004211
-0.200097874 0.012738558 0.979693115 122.665405273 0.088747263 0.996040761 0.005175103 -0.724887908 -0.975748301 0.087980598 -0.200436100 9.389575958
-0.206837356 0.012795606 0.978291690 124.650634766 0.089027137 0.996012270 0.005795374 -0.720772862 -0.974316418 0.088293210 -0.207151741 8.999719620
-0.212152258 0.012740355 0.977153599 126.634269714 0.087976225 0.996103764 0.006113300 -0.722588897 -0.973268628 0.087263219 -0.212446481 8.574346542
-0.217405364 0.013531562 0.975987554 128.624969482 0.087243848 0.996171117 0.005622543 -0.722031057 -0.972174585 0.086371280 -0.217753515 8.138601303
-0.222882986 0.014150880 0.974742472 130.628143311 0.086439796 0.996242881 0.005302169 -0.724115431 -0.971005321 0.085438311 -0.223268837 7.703748703
-0.227245376 0.013568624 0.973743021 132.624923706 0.087833337 0.996113122 0.006617589 -0.725622356 -0.969868481 0.087030910 -0.227553874 7.243902206
-0.230802491 0.013742049 0.972903550 134.631378174 0.089942515 0.995920420 0.007269965 -0.714049697 -0.968834639 0.089183316 -0.231096938 6.762121201
-0.234141633 0.014500978 0.972094357 136.632736206 0.091268793 0.995800793 0.007128672 -0.713129878 -0.967908919 0.090390995 -0.234481946 6.273555756
-0.237559691 0.015332839 0.971251905 138.642150879 0.091694549 0.995764613 0.006707870 -0.710651636 -0.967035413 0.090652011 -0.237959474 5.791767120
-0.241366699 0.015360607 0.970312417 140.681594849 0.091059841 0.995821595 0.006886842 -0.711408973 -0.966152251 0.090018727 -0.241756901 5.300369263
-0.244076297 0.015814725 0.969627082 142.700927734 0.089871489 0.995932877 0.006378833 -0.711799264 -0.965582669 0.088698745 -0.244504914 4.787570953
-0.250683457 0.016905924 0.967921495 144.757461548 0.088820308 0.996031821 0.005606800 -0.710416973 -0.963985860 0.087376632 -0.251190305 4.291904449
-0.254066885 0.015999392 0.967054307 146.790496826 0.087172769 0.996172488 0.006421111 -0.713977575 -0.963250101 0.085932180 -0.254489183 3.810230255
-0.258513361 0.016455252 0.965867519 148.827026367 0.087495133 0.996143997 0.006446911 -0.714215815 -0.962037146 0.086175308 -0.258956313 3.265945435
-0.264078140 0.016570242 0.964358866 150.888458252 0.086615436 0.996219933 0.006600899 -0.720987082 -0.960604250 0.085271537 -0.264515042 2.726310730
-0.268859148 0.016726503 0.963034272 152.943511963 0.086335406 0.996242940 0.006799758 -0.721967101 -0.959302247 0.084972121 -0.269293070 2.165409088
-0.273487478 0.016135784 0.961740136 154.989196777 0.086161971 0.996250629 0.007786850 -0.730423927 -0.958008707 0.084995031 -0.273852348 1.598300934
-0.278030813 0.016207725 0.960435331 157.048110962 0.086973302 0.996175528 0.008366539 -0.729486227 -0.956626534 0.085858367 -0.278377146 1.019714355
-0.282489866 0.016782701 0.959123373 159.129013062 0.087457649 0.996133447 0.008328537 -0.729138613 -0.955275178 0.086235426 -0.282865345 0.421997070
-0.286551476 0.018292369 0.957890213 161.201446533 0.088054791 0.996088743 0.007319640 -0.724066257 -0.954009712 0.086444259 -0.287041515 -0.185420990
-0.290684015 0.019567305 0.956619024 163.275695801 0.087904468 0.996108770 0.006336131 -0.730300784 -0.952772617 0.085932896 -0.291272938 -0.797367096
-0.294160783 0.021004813 0.955525100 165.355010986 0.088697210 0.996043921 0.005410134 -0.731472373 -0.951631367 0.086343840 -0.294860125 -1.420616150
-0.297545731 0.021750713 0.954459727 167.441238403 0.088157944 0.996094942 0.004783066 -0.735609174 -0.950628579 0.085566401 -0.298301399 -2.062393188
-0.301456124 0.021388153 0.953240037 169.541198730 0.088157855 0.996091187 0.005529748 -0.745452881 -0.949395716 0.085702576 -0.302163333 -2.710704803
-0.305308998 0.021641631 0.952007413 171.622940063 0.088054076 0.996100008 0.005594988 -0.749882400 -0.948173463 0.085536331 -0.306023836 -3.366016388
-0.309394389 0.022934025 0.950657368 173.719650269 0.090435162 0.995887578 0.005407223 -0.750844657 -0.946623802 0.087645814 -0.310196072 -4.045787811
-0.311685801 0.023534320 0.949893713 175.811218262 0.093250178 0.995624959 0.005930557 -0.751608431 -0.945598423 0.090426236 -0.312516749 -4.751384735
-0.314352185 0.022842847 0.949031591 177.893981934 0.093814477 0.995564222 0.007111738 -0.756224155 -0.944659412 0.091268487 -0.315100759 -5.435699463
-0.317225188 0.022492535 0.948083460 179.995727539 0.093471587 0.995592535 0.007655596 -0.753533006 -0.943732619 0.091047414 -0.317929506 -6.137805939
-0.319946319 0.023378732 0.947147191 182.089767456 0.092802748 0.995661497 0.006772527 -0.751415014 -0.942879796 0.090064704 -0.320727736 -6.834732056
-0.322682679 0.025059279 0.946175337 184.202880859 0.092034228 0.995743215 0.005015182 -0.756788135 -0.942022085 0.088698842 -0.323615372 -7.553691864
-0.325959653 0.027089365 0.944995403 186.326049805 0.091594681 0.995791852 0.003048487 -0.759844542 -0.940936089 0.087550253 -0.327069134 -8.278846741
-0.329100490 0.027771041 0.943886459 188.455642700 0.090668559 0.995878458 0.002312239 -0.774402201 -0.939931870 0.086341776 -0.330262065 -9.017593384
-0.332480103 0.029124906 0.942660570 190.615371704 0.089016460 0.996029973 0.000622634 -0.779918909 -0.938899815 0.084119298 -0.333752871 -9.768581390
-0.335361600 0.029648874 0.941622853 192.745056152 0.090338938 0.995910764 0.000816221 -0.793391109 -0.937748075 0.085338920 -0.336668611 -10.542011261
-0.338870734 0.028592249 0.940398514 194.911575317 0.089441940 0.995990276 0.001947751 -0.804071486 -0.936571717 0.084771089 -0.340069324 -11.314022064
-0.342225045 0.027899591 0.939203858 197.074386597 0.090018846 0.995934784 0.003216044 -0.819379032 -0.935295999 0.085646637 -0.343345374 -12.102085114
-0.346106291 0.027728902 0.937785447 199.235961914 0.089423627 0.995987356 0.003553522 -0.826461673 -0.933923900 0.085090078 -0.347197115 -12.892570496
-0.349838257 0.028057398 0.936389863 201.396713257 0.088920072 0.996032953 0.003376323 -0.832448006 -0.932580531 0.084445029 -0.350945383 -13.691577911
-0.353964180 0.028578956 0.934822261 203.574172974 0.088108398 0.996106565 0.002909139 -0.847308338 -0.931099415 0.083395422 -0.355104089 -14.504913330
-0.357596576 0.029251652 0.933417916 205.755538940 0.087475896 0.996164143 0.002294406 -0.858187735 -0.929770231 0.082472034 -0.358783722 -15.321151733
-0.360187113 0.029983165 0.932398021 207.867355347 0.089206912 0.996010125 0.002432058 -0.878021419 -0.928605080 0.084052354 -0.361424774 -16.140541077
-0.362711191 0.029728824 0.931427181 210.016555786 0.089759625 0.995958447 0.003165201 -0.889810383 -0.927568734 0.084752597 -0.363913834 -16.971523285
-0.365557969 0.029441079 0.930322826 212.205429077 0.091194637 0.995823860 0.004319803 -0.899872303 -0.926310360 0.086419597 -0.366716236 -17.831127167
-0.368429422 0.030554803 0.929153383 214.393829346 0.092969738 0.995660424 0.004122655 -0.910952806 -0.924995363 0.087902062 -0.369671226 -18.695041656
-0.371667475 0.031078810 0.927845538 216.587234497 0.092336118 0.995721281 0.003634781 -0.924729586 -0.923762560 0.087024584 -0.372946978 -19.562568665
-0.374701977 0.031260204 0.926618159 218.770874023 0.091541827 0.995795488 0.003423340 -0.937344551 -0.922615051 0.086107045 -0.375988036 -20.430992126
-0.377607614 0.032719821 0.925387442 220.944473267 0.091481611 0.995804429 0.002119773 -0.954210758 -0.921435535 0.085456379 -0.379016668 -21.314052582
-0.380378932 0.034035247 0.924204171 223.130981445 0.091417886 0.995812178 0.000952946 -0.967602611 -0.920301557 0.084851272 -0.381897300 -22.208370209
-0.383151889 0.033672567 0.923071384 225.308563232 0.089193091 0.996014118 0.000689172 -0.992778778 -0.919368923 0.082595646 -0.384628117 -23.099346161
-0.386706471 0.034758795 0.921547592 227.488632202 0.090170778 0.995926201 0.000273915 -1.013562202 -0.917783916 0.083202586 -0.388265371 -23.996726990
-0.389306575 0.034506287 0.920461714 229.648483276 0.091311753 0.995821536 0.001288649 -1.034842134 -0.916571259 0.084550641 -0.390830636 -24.911853790
-0.392929822 0.033424426 0.918960810 231.828918457 0.091350310 0.995814681 0.002839871 -1.055702686 -0.915019810 0.085063234 -0.394338667 -25.822082520
-0.396478623 0.032698426 0.917461455 233.957504272 0.089794345 0.995954812 0.003308456 -1.071936131 -0.913641989 0.083694577 -0.397810936 -26.724548340
-0.399534672 0.033200715 0.916116655 236.098617554 0.088789076 0.996047020 0.002625046 -1.089387178 -0.912408113 0.082389951 -0.400903225 -27.651363373
-0.403486729 0.032405976 0.914411426 238.287429810 0.086966977 0.996206462 0.003069715 -1.104595661 -0.910843134 0.080762185 -0.404774398 -28.597976685
-0.407671601 0.032290328 0.912557483 240.454467773 0.086283140 0.996265233 0.003293449 -1.114701509 -0.909042954 0.080080971 -0.408935219 -29.549003601
-0.411616087 0.032190856 0.910788655 242.607345581 0.085633442 0.996320546 0.003486752 -1.134535551 -0.907325268 0.079429179 -0.412858218 -30.506774902
-0.415652096 0.032112494 0.908956587 244.764663696 0.085014760 0.996373057 0.003675150 -1.147670150 -0.905541718 0.078802317 -0.416874588 -31.478828430
-0.420183659 0.031205032 0.906902373 246.935394287 0.083553769 0.996493459 0.004424206 -1.165129066 -0.903584242 0.077634089 -0.421317637 -32.455696106
-0.424905986 0.030848721 0.904711604 249.068389893 0.082237989 0.996601820 0.004641850 -1.176092863 -0.901494205 0.076374024 -0.425999075 -33.433090210
-0.428363502 0.031985752 0.903040230 251.219848633 0.082904436 0.996549368 0.004028433 -1.195382833 -0.899795294 0.076591656 -0.429537147 -34.444488525
-0.432133257 0.031895496 0.901245534 253.317474365 0.082737066 0.996561706 0.004402343 -1.221571207 -0.898006380 0.076468796 -0.433286399 -35.432037354
-0.435775161 0.032215171 0.899478853 255.448043823 0.082890689 0.996548772 0.004466708 -1.232023835 -0.896230519 0.076504894 -0.436941415 -36.454849243
-0.439592510 0.032575026 0.897606432 257.569763184 0.081645317 0.996654153 0.003815310 -1.247216463 -0.894478798 0.074962541 -0.440781325 -37.478141785
-0.443473428 0.032898646 0.895683587 259.695983887 0.081954405 0.996628165 0.003971133 -1.261541128 -0.892532825 0.075166307 -0.444674224 -38.522827148
-0.447117567 0.033738133 0.893838704 261.809539795 0.082496203 0.996584833 0.003650096 -1.264482975 -0.890662849 0.075370327 -0.448373765 -39.574951172
-0.450260580 0.035183571 0.892203748 263.920104980 0.084304109 0.996434689 0.003251140 -1.274833798 -0.888908446 0.076680295 -0.451621413 -40.636459351
-0.453362644 0.037177894 0.890550494 266.036773682 0.086544052 0.996244967 0.002467633 -1.289613008 -0.887114704 0.078190580 -0.454877704 -41.719680786
-0.456210613 0.037872192 0.889065504 268.167907715 0.087945834 0.996121526 0.002695523 -1.305418730 -0.885515332 0.079419315 -0.457771838 -42.813850403
-0.459189117 0.040728528 0.887404382 270.292694092 0.090306185 0.995913446 0.001020418 -1.307545304 -0.883736491 0.080606662 -0.460990697 -43.913856506
-0.461218357 0.043524668 0.886218488 272.396026611 0.092882447 0.995677054 -0.000561276 -1.330706239 -0.882411718 0.082055263 -0.463267148 -45.012016296
-0.465097189 0.043117061 0.884208977 274.549438477 0.092569664 0.995706141 0.000137926 -1.348779202 -0.880406439 0.081915073 -0.467091501 -46.106666565
-0.468213618 0.044321585 0.882503033 276.693939209 0.092747398 0.995689273 -0.000798796 -1.364347100 -0.878734291 0.081475846 -0.470306009 -47.209930420
-0.471331298 0.044966850 0.880809069 278.848876953 0.092493653 0.995712399 -0.001338416 -1.372737646 -0.877092779 0.080838434 -0.473469585 -48.358551025
-0.474783748 0.045977917 0.878900707 280.992248535 0.093539931 0.995614290 -0.001553117 -1.397045612 -0.875117540 0.081474915 -0.477002263 -49.503440857
-0.477777839 0.046352964 0.877256930 283.148223877 0.092569567 0.995703816 -0.002195640 -1.407805920 -0.873589754 0.080158278 -0.480016053 -50.675537109
-0.480316877 0.046115026 0.875881910 285.295257568 0.091234766 0.995826542 -0.002398704 -1.426525354 -0.872337043 0.078758731 -0.482519507 -51.850006104
-0.482920706 0.046932209 0.874405444 287.438964844 0.092820913 0.995680451 -0.002177861 -1.440632105 -0.870730639 0.080111377 -0.485191047 -53.030265808
-0.485331357 0.046795573 0.873077095 289.629547119 0.094198339 0.995552957 -0.000996566 -1.462699533 -0.869241118 0.081758715 -0.487581134 -54.228416443
-0.487197787 0.047446746 0.872001708 291.783508301 0.095827118 0.995397806 -0.000621124 -1.475947618 -0.868018031 0.083258815 -0.489502281 -55.434867859
-0.488870502 0.046699535 0.871105552 293.944061279 0.095028885 0.995474517 -0.000036011 -1.489820957 -0.867165029 0.082762599 -0.491095841 -56.641929626
-0.491070420 0.046421524 0.869882047 296.140594482 0.095157973 0.995462000 0.000595944 -1.496030688 -0.865906954 0.083068870 -0.493259281 -57.870498657
-0.493568569 0.046980061 0.868437052 298.361114502 0.096556760 0.995326877 0.001032736 -1.500881791 -0.864330292 0.084363185 -0.495798349 -59.125587463
-0.496450841 0.046312839 0.866828501 300.567779541 0.096070327 0.995372772 0.001840795 -1.509104252 -0.862732232 0.084190361 -0.498602986 -60.370895386
-0.498324096 0.047614314 0.865682423 302.776062012 0.096187413 0.995363057 0.000622585 -1.521573782 -0.861638606 0.083577983 -0.500593245 -61.636962891
-0.500696778 0.050172292 0.864167511 304.981933594 0.095480897 0.995428324 -0.002471653 -1.523928881 -0.860340714 0.081273943 -0.503198206 -62.909652710
-0.503203034 0.048896901 0.862783730 307.201843262 0.093772434 0.995592296 -0.001732528 -1.547230721 -0.859065473 0.080033526 -0.505570173 -64.203422546
-0.508166373 0.046975613 0.859976888 309.413757324 0.091411188 0.995813072 -0.000380041 -1.565631747 -0.856394172 0.078418404 -0.510332882 -65.473243713
-0.513117909 0.044629615 0.857157052 311.642333984 0.089187555 0.996013820 0.001530665 -1.579209805 -0.853671849 0.077233166 -0.515052855 -66.778900146
-0.518140733 0.042841308 0.854221761 313.855682373 0.088127285 0.996103227 0.003497892 -1.609548330 -0.850743055 0.077092633 -0.519897044 -68.082366943
-0.522638083 0.043563459 0.851440907 316.117004395 0.088789836 0.996044219 0.003539686 -1.608505011 -0.847918391 0.077449284 -0.524438620 -69.449737549
-0.527203918 0.045176204 0.848537087 318.380737305 0.091189682 0.995826900 0.003639056 -1.611127973 -0.844831645 0.079296350 -0.529123425 -70.839431763
-0.531115592 0.046126723 0.846042871 320.641479492 0.091810502 0.995770872 0.003345381 -1.609653234 -0.842310548 0.079452425 -0.533104360 -72.247650146
-0.535568714 0.045832694 0.843246996 322.896728516 0.092461608 0.995705545 0.004605630 -1.626985550 -0.839414656 0.080434598 -0.537506580 -73.659248352
-0.539714932 0.044692181 0.840660691 325.105041504 0.092752904 0.995667160 0.006615733 -1.632324934 -0.836722612 0.081544332 -0.541521728 -75.074920654
-0.543805599 0.043091077 0.838104188 327.335357666 0.091148064 0.995805681 0.007942308 -1.635223866 -0.834246695 0.080710649 -0.545452356 -76.506736755
-0.547443688 0.043071583 0.835733354 329.539642334 0.090727247 0.995842755 0.008107289 -1.639774561 -0.831909835 0.080262072 -0.549075603 -77.942085266
-0.551443696 0.042965390 0.833104968 331.744415283 0.090826705 0.995828271 0.008761998 -1.642623901 -0.829252899 0.080499925 -0.553045571 -79.393051147
-0.554838061 0.043094117 0.830841482 333.933807373 0.092017360 0.995709121 0.009803951 -1.644788742 -0.826853991 0.081891447 -0.556422770 -80.851943970
-0.559294403 0.042850848 0.827860832 336.164764404 0.092413902 0.995661020 0.010897563 -1.638818979 -0.823801696 0.082600817 -0.560827732 -82.333869934
-0.561887205 0.041857574 0.826154292 338.381530762 0.091177791 0.995767534 0.011561063 -1.634247780 -0.822173595 0.081822909 -0.563325584 -83.850051880
-0.565448344 0.040836800 0.823772132 340.607238770 0.090821832 0.995782614 0.012977474 -1.626081944 -0.819768012 0.082154587 -0.566772461 -85.359153748
-0.567925334 0.040276669 0.822094083 342.802490234 0.091200508 0.995730996 0.014220195 -1.615471840 -0.818011940 0.083051421 -0.569174051 -86.872451782
-0.570764899 0.039586708 0.820158720 345.011688232 0.088818505 0.995953083 0.013738793 -1.605051994 -0.816295683 0.080686890 -0.571971118 -88.409767151
-0.574387789 0.038584150 0.817673504 347.165771484 0.084924787 0.996307135 0.012643293 -1.598989487 -0.814166129 0.076702908 -0.575543404 -89.883644104
-0.577749193 0.037829354 0.815337241 349.319305420 0.081498682 0.996606946 0.011510323 -1.589053631 -0.812135339 0.073098980 -0.578871906 -91.365272522
-0.580188513 0.035188772 0.813721716 351.452423096 0.079620890 0.996731460 0.013667281 -1.590545177 -0.810581148 0.072718844 -0.581093907 -92.886100769
-0.584272802 0.034578212 0.810820460 353.628540039 0.080300570 0.996652424 0.015360970 -1.580236912 -0.807574809 0.074084334 -0.585093558 -94.414482117
-0.586838961 0.034769580 0.808956742 355.780151367 0.079891615 0.996688843 0.015117057 -1.568368912 -0.805752695 0.073500142 -0.587673604 -95.984466553
-0.590534210 0.033893004 0.806300581 357.976837158 0.077839911 0.996851325 0.015107066 -1.549992561 -0.803249836 0.071683593 -0.591313124 -97.552062988
-0.594042122 0.029832091 0.803880632 360.163635254 0.075074814 0.997006595 0.018478882 -1.535393238 -0.800922990 0.071328424 -0.594503641 -99.131019592
-0.597214699 0.028244523 0.801583827 362.315490723 0.073964104 0.997060835 0.019974137 -1.519680023 -0.798663855 0.071217284 -0.597548604 -100.723541260
-0.600861609 0.027168011 0.798891246 364.518798828 0.072243907 0.997177839 0.020424876 -1.489879131 -0.796081722 0.069987550 -0.601128638 -102.331886292
-0.604249656 0.027158039 0.796332002 366.692596436 0.071434408 0.997240841 0.020193992 -1.464508057 -0.793586373 0.069087736 -0.604522526 -103.929809570
-0.607346535 0.026646184 0.793989956 368.901733398 0.071553715 0.997209966 0.021267349 -1.444001675 -0.791208088 0.069729581 -0.607558608 -105.589233398
-0.610313714 0.025863959 0.791737378 371.042175293 0.071137629 0.997218072 0.022260241 -1.421236992 -0.788959146 0.069908053 -0.610455811 -107.213356018
-0.613386095 0.024444979 0.789404809 373.159667969 0.067976914 0.997445822 0.021932412 -1.398145199 -0.786852360 0.067114338 -0.613481104 -108.813240051
-0.616676509 0.021030609 0.786935687 375.354614258 0.058048345 0.998136461 0.018814290 -1.364475250 -0.785073519 0.057282634 -0.616748095 -110.499092102
-0.620576441 0.023382548 0.783797145 377.488983154 0.050495375 0.998672366 0.010187249 -1.361401081 -0.782518387 0.045900103 -0.620933175 -112.126235962
-0.623669386 0.033351202 0.780976415 379.632263184 0.060324345 0.998163402 0.005547548 -1.365875721 -0.779357076 0.050571732 -0.624535859 -113.799339294
-0.625055969 0.034520913 0.779816151 381.751617432 0.067896992 0.997639596 0.010258801 -1.378627539 -0.777621388 0.059359487 -0.625924408 -115.471557617
-0.627050221 0.025612485 0.778557479 383.861907959 0.067204252 0.997511566 0.021310816 -1.358909607 -0.776074350 0.065685332 -0.627211332 -117.160469055
-0.630976915 0.014625385 0.775663733 385.999969482 0.060663804 0.997691035 0.030536227 -1.316569328 -0.773426175 0.066322371 -0.630407274 -118.839607239
-0.634711862 0.008291596 0.772704422 388.098754883 0.054317821 0.997947752 0.033908937 -1.260754585 -0.770837486 0.063494027 -0.633859694 -120.503692627
-0.637313604 0.008476492 0.770557940 390.176483154 0.053704005 0.997996747 0.033439130 -1.196458817 -0.768730938 0.062693261 -0.636492252 -122.195785522
-0.640360713 0.013028317 0.767963827 392.253723145 0.058615841 0.997769356 0.031949446 -1.151529312 -0.765834391 0.065474018 -0.639695883 -123.897224426
-0.642302811 0.019317187 0.766207457 394.286621094 0.063194975 0.997613370 0.027824363 -1.106533051 -0.763841152 0.066292122 -0.641990662 -125.592308044
-0.645212471 0.022338064 0.763676584 396.330474854 0.063985735 0.997640669 0.024878377 -1.067345619 -0.761319041 0.064916246 -0.645119488 -127.279731750
-0.648986042 0.022381661 0.760471106 398.416503906 0.064033300 0.997627437 0.025284529 -1.030160904 -0.758100927 0.065104768 -0.648879409 -129.014801025
-0.651715815 0.021507060 0.758158207 400.440673828 0.064725667 0.997528493 0.027341029 -0.999304771 -0.755696416 0.066890880 -0.651497066 -130.724853516
-0.653939664 0.021244759 0.756248355 402.470794678 0.065680020 0.997425795 0.028774569 -0.949600220 -0.753690183 0.068487234 -0.653651655 -132.477157593
-0.655867994 0.021294340 0.754575193 404.510620117 0.065842852 0.997406125 0.029082734 -0.905321121 -0.751998544 0.068757802 -0.655568838 -134.224639893
-0.657240987 0.021629490 0.753370047 406.578430176 0.066541940 0.997349799 0.029417031 -0.861130714 -0.750737250 0.069464773 -0.656938493 -136.005065918
-0.658677518 0.022743562 0.752081513 408.651489258 0.067748360 0.997275710 0.029175982 -0.804952621 -0.749369144 0.070169851 -0.658423841 -137.810607910
-0.660109639 0.021828692 0.750852048 410.669311523 0.068331681 0.997178316 0.031083759 -0.754205704 -0.748054922 0.071825676 -0.659738541 -139.568344116
-0.660689533 0.021349069 0.750355482 412.710327148 0.070493981 0.996942520 0.033705130 -0.702012062 -0.747341871 0.075164177 -0.660174489 -141.363586426
-0.662023187 0.020970905 0.749189913 414.733276367 0.072170451 0.996746898 0.035873167 -0.643907547 -0.746000469 0.077818222 -0.661383092 -143.127685547
-0.663717985 0.021156553 0.747683644 416.738464355 0.070647031 0.996904373 0.034504756 -0.581333160 -0.744639099 0.075723052 -0.663158059 -144.881744385
-0.665674269 0.021029785 0.745946050 418.748199463 0.066613898 0.997286856 0.031329915 -0.525438309 -0.743263304 0.070545897 -0.665269077 -146.644317627
-0.667156637 0.020510808 0.744635105 420.741485596 0.063673951 0.997532547 0.029571947 -0.471073151 -0.742191076 0.067142971 -0.666816533 -148.403106689
-0.668254673 0.019782610 0.743669569 422.736968994 0.063076682 0.997553349 0.030143864 -0.421071053 -0.741253734 0.067051977 -0.667867482 -150.170349121
-0.669413269 0.018075198 0.742670298 424.677917480 0.060226735 0.997733712 0.030003004 -0.377015114 -0.740444899 0.064813018 -0.668984771 -151.909225464
-0.670174778 0.016945662 0.742009819 426.670898438 0.057372458 0.997930765 0.029027887 -0.329152107 -0.739982545 0.062024686 -0.669760227 -153.689285278
-0.670879245 0.016177449 0.741389990 428.657043457 0.056150824 0.998000026 0.029033745 -0.282423019 -0.739437640 0.061107799 -0.670445979 -155.462585449
-0.672053695 0.014507139 0.740360320 430.633758545 0.056481425 0.997899652 0.031716831 -0.234347343 -0.738345265 0.063132010 -0.671461582 -157.224563599
-0.671551168 0.013877151 0.740828097 432.609741211 0.059356123 0.997618973 0.035118215 -0.172679901 -0.738576949 0.067556366 -0.670776010 -159.008819580
-0.671680748 0.012383582 0.740737140 434.607208252 0.063482367 0.997144759 0.040893938 -0.108322144 -0.738115847 0.074491419 -0.670548975 -160.781311035
-0.670890450 0.011492784 0.741467416 436.594512939 0.066728137 0.996759236 0.044926766 -0.028936386 -0.738548160 0.079617679 -0.669483125 -162.545303345
-0.669793487 0.009091007 0.742491782 438.562744141 0.061220922 0.997196972 0.043017104 0.054031372 -0.740019381 0.074268617 -0.668472528 -164.287658691
-0.669217885 0.008403222 0.743018806 440.551147461 0.053976409 0.997844100 0.037329987 0.134017944 -0.741103232 0.065087371 -0.668228805 -166.042114258
-0.668222308 0.005890891 0.743938386 442.538574219 0.049138553 0.998134434 0.036233611 0.192013741 -0.742337227 0.060768168 -0.667265117 -167.795028687
-0.666586637 0.005480390 0.745407403 444.549468994 0.046988983 0.998293102 0.034680605 0.252844810 -0.743945062 0.058143560 -0.665706456 -169.537994385
-0.663715184 0.006734204 0.747955084 446.535736084 0.049792167 0.998139203 0.035197496 0.314596176 -0.746326268 0.060603403 -0.662815452 -171.299987793
-0.661219418 0.006280248 0.750166059 448.523101807 0.049815115 0.998125494 0.035552457 0.377944946 -0.748536646 0.060877584 -0.660292804 -173.028381348
-0.658844292 0.007273015 0.752244174 450.504577637 0.047597256 0.998352766 0.032035004 0.437625885 -0.750772059 0.056910839 -0.658105195 -174.742950439
-0.657478154 0.002262349 0.753470063 452.513610840 0.040954668 0.998624504 0.032738611 0.492266655 -0.752359748 0.052383039 -0.656666577 -176.466827393
-0.656611919 -0.004015445 0.754217923 454.520812988 0.032141954 0.998928428 0.033300634 0.544143677 -0.753543437 0.046107639 -0.655779243 -178.173492432
-0.655855954 -0.007512554 0.754848659 456.535980225 0.024915693 0.999190152 0.031592526 0.599107742 -0.754474759 0.039527722 -0.655137718 -179.883911133
-0.655039668 -0.008293645 0.755548954 458.544342041 0.023296650 0.999242663 0.031166205 0.646624565 -0.755235255 0.038016859 -0.654350400 -181.601928711
-0.653911471 -0.007871037 0.756530046 460.557312012 0.025540370 0.999146223 0.032471225 0.700512886 -0.756139636 0.040555365 -0.653152287 -183.324432373
-0.651723981 -0.008821766 0.758404911 462.574340820 0.027425641 0.999004304 0.035188239 0.754839897 -0.757960200 0.043732770 -0.650833130 -185.052551270
-0.650849640 -0.010902115 0.759128392 464.561309814 0.025448555 0.999021709 0.036165994 0.824520111 -0.758780003 0.042857345 -0.649935484 -186.711975098
-0.649679661 -0.011258318 0.760124683 466.596893311 0.023634057 0.999107897 0.034998003 0.885146141 -0.759840488 0.040702324 -0.648834050 -188.424163818
-0.648567379 -0.010333665 0.761087120 468.627319336 0.022142623 0.999228477 0.032436065 0.951843262 -0.760835111 0.037889443 -0.647838235 -190.136688232
-0.647287488 -0.008840094 0.762194693 470.654052734 0.023079300 0.999247015 0.031189378 1.001573563 -0.761896491 0.037779413 -0.646595836 -191.835296631
-0.646423876 -0.008743879 0.762928367 472.667053223 0.024614073 0.999174893 0.032306820 1.050290108 -0.762581348 0.039662674 -0.645675302 -193.514617920
