1.000000000 -0.000000000 0.000000000 0.000000954 -0.000000000 0.999999940 0.000000000 0.000000119 0.000000000 0.000000000 1.000000000 0.000000477
0.999996006 -0.002464307 -0.001375373 -0.006518743 0.002468300 0.999992728 0.002909245 -0.015243180 0.001368195 -0.002912628 0.999994755 1.523586988
0.999991238 -0.002928861 -0.003003722 -0.007345752 0.002940161 0.999988556 0.003764303 -0.033432826 0.002992662 -0.003773101 0.999988437 3.043492794
0.999988556 -0.001893338 -0.004403189 -0.023227917 0.001908449 0.999992311 0.003430162 -0.046389874 0.004396662 -0.003438526 0.999984443 4.558293343
0.999980927 -0.001108315 -0.006069243 -0.035946622 0.001128996 0.999993563 0.003405122 -0.064790435 0.006065431 -0.003411910 0.999975741 6.063735485
0.999970257 -0.001445728 -0.007573919 -0.048070714 0.001473414 0.999992251 0.003651109 -0.079997815 0.007568581 -0.003662159 0.999964654 7.564280033
0.999952734 -0.001863731 -0.009542597 -0.068615697 0.001903932 0.999989390 0.004205471 -0.095088147 0.009534656 -0.004223440 0.999945641 9.070289612
0.999934494 -0.003285616 -0.010957893 -0.086114258 0.003320363 0.999989450 0.003154202 -0.109935865 0.010947417 -0.003190379 0.999935031 10.556243896
0.999916673 -0.004249145 -0.012186858 -0.115222782 0.004290765 0.999984980 0.003391056 -0.127246916 0.012172269 -0.003443064 0.999920070 12.051098824
0.999897599 -0.004341307 -0.013630603 -0.132906988 0.004387663 0.999984741 0.003372821 -0.141367063 0.013615751 -0.003432282 0.999901414 13.521898270
0.999886751 -0.004002314 -0.014506529 -0.167385489 0.004050129 0.999986529 0.003268236 -0.152614027 0.014493252 -0.003326619 0.999889493 15.006910324
0.999873817 -0.002666838 -0.015654273 -0.186983228 0.002729306 0.999988377 0.003970535 -0.170237735 0.015643498 -0.004012760 0.999869585 16.458940506
0.999870360 -0.001367965 -0.016038956 -0.223412752 0.001442290 0.999988258 0.004623371 -0.183311731 0.016032446 -0.004645905 0.999860644 17.932958603
0.999854267 -0.000787188 -0.017052975 -0.248013914 0.000885237 0.999983013 0.005742905 -0.203611270 0.017048169 -0.005757164 0.999838114 19.408470154
0.999848902 -0.000788489 -0.017361654 -0.281188667 0.000886111 0.999983788 0.005615841 -0.212059975 0.017356941 -0.005630378 0.999833465 20.868932724
0.999842405 0.000213953 -0.017753830 -0.317570359 -0.000114475 0.999984264 0.005603990 -0.220960543 0.017754748 -0.005601074 0.999826670 22.330783844
0.999837577 0.000356803 -0.018018398 -0.342887342 -0.000245803 0.999980927 0.006162167 -0.234765321 0.018020254 -0.006156736 0.999818683 23.788997650
0.999838054 0.001122290 -0.017964158 -0.375286520 -0.000989256 0.999971926 0.007412700 -0.245130256 0.017971972 -0.007393729 0.999811172 25.232736588
0.999835849 0.001474296 -0.018054079 -0.405052602 -0.001363027 0.999980032 0.006173839 -0.259158552 0.018062824 -0.006148217 0.999817967 26.663942337
0.999837577 0.001946527 -0.017916776 -0.440105379 -0.001875856 0.999990404 0.003960326 -0.266052783 0.017924316 -0.003926074 0.999831617 28.101762772
0.999844015 0.000090398 -0.017665096 -0.472767264 -0.000021485 0.999992311 0.003901229 -0.282719493 0.017665315 -0.003900241 0.999836326 29.523899078
0.999849975 -0.000587741 -0.017311212 -0.508740962 0.000701013 0.999978423 0.006537867 -0.299024522 0.017306993 -0.006549020 0.999828815 30.934070587
0.999855280 -0.002292624 -0.016859507 -0.541459978 0.002426258 0.999965727 0.007910132 -0.310062051 0.016840791 -0.007949895 0.999826610 32.362667084
0.999856651 -0.002861870 -0.016694255 -0.573462844 0.002981966 0.999969780 0.007173414 -0.318662345 0.016673224 -0.007222166 0.999835014 33.758922577
0.999867380 -0.003201286 -0.015962236 -0.601032197 0.003287108 0.999980152 0.005353259 -0.331599742 0.015944777 -0.005405019 0.999858260 35.153961182
0.999876201 -0.002079503 -0.015598780 -0.633975863 0.002146949 0.999988317 0.004308274 -0.341800421 0.015589635 -0.004341231 0.999869049 36.509517670
0.999887228 -0.001832927 -0.014903399 -0.652318537 0.001889749 0.999991000 0.003799504 -0.364515722 0.014896303 -0.003827240 0.999881685 37.882484436
0.999904156 -0.001238746 -0.013790727 -0.676644444 0.001306033 0.999987304 0.004871218 -0.380907536 0.013784520 -0.004888762 0.999893010 39.213241577
0.999925435 -0.000856293 -0.012176695 -0.703204334 0.000940914 0.999975383 0.006945398 -0.395198315 0.012170451 -0.006956338 0.999901712 40.548091888
0.999941647 -0.001422017 -0.010705165 -0.722854733 0.001509457 0.999965549 0.008164369 -0.411665887 0.010693188 -0.008180052 0.999909401 41.835029602
0.999964118 -0.000960032 -0.008411319 -0.734200239 0.001032644 0.999962151 0.008632583 -0.421973944 0.008402713 -0.008640960 0.999927402 43.124740601
0.999986529 -0.001442281 -0.004992241 -0.751918674 0.001482690 0.999966085 0.008100176 -0.433440298 0.004980387 -0.008107469 0.999954760 44.398067474
0.999996841 -0.002061062 -0.001445791 -0.756385207 0.002070018 0.999978483 0.006220204 -0.445919424 0.001432942 -0.006223176 0.999979615 45.649757385
0.999995470 -0.002001794 0.002276947 -0.766219199 0.001991205 0.999987185 0.004643435 -0.462215841 -0.002286210 -0.004638879 0.999986649 46.862453461
0.999979556 -0.001697924 0.006167963 -0.757384777 0.001665833 0.999985039 0.005204186 -0.478201509 -0.006176711 -0.005193803 0.999967337 48.092582703
0.999931395 -0.000913882 0.011675500 -0.759435952 0.000854022 0.999986529 0.005130864 -0.492227703 -0.011680035 -0.005120541 0.999918580 49.297615051
0.999835908 0.000226992 0.018113416 -0.742031932 -0.000304681 0.999990821 0.004286356 -0.506320953 -0.018112276 -0.004291171 0.999826729 50.520961761
0.999673665 0.001249887 0.025513912 -0.717642546 -0.001354918 0.999990642 0.004099754 -0.520025730 -0.025508543 -0.004132985 0.999666035 51.695434570
0.999427617 0.002075208 0.033766106 -0.698950529 -0.002250348 0.999984205 0.005149683 -0.539431691 -0.033754885 -0.005222721 0.999416411 52.909622192
0.999011219 0.004657198 0.044214740 -0.642713308 -0.004919634 0.999970913 0.005828532 -0.548488200 -0.044186309 -0.006040289 0.999005079 54.034080505
0.998341084 0.006942954 0.057155743 -0.591800928 -0.007279438 0.999957323 0.005681044 -0.560062826 -0.057113856 -0.006087682 0.998349130 55.182746887
0.997343063 0.009098497 0.072277613 -0.525022984 -0.009573443 0.999934793 0.006227416 -0.572074771 -0.072216235 -0.006902814 0.997365177 56.323600769
0.996027589 0.011290949 0.088326946 -0.435683250 -0.012012188 0.999898672 0.007638284 -0.582552314 -0.088231750 -0.008668941 0.996062338 57.447139740
0.994274735 0.011574700 0.106225356 -0.324501038 -0.012525348 0.999887168 0.008286543 -0.589470148 -0.106117465 -0.009569611 0.994307578 58.570652008
0.992047787 0.010810024 0.125397012 -0.197574615 -0.011847196 0.999901533 0.007528303 -0.600848317 -0.125303268 -0.008954039 0.992078066 59.652652740
0.989360332 0.010329830 0.145118341 -0.035425186 -0.011415109 0.999912798 0.006647847 -0.609635472 -0.145037040 -0.008233657 0.989391923 60.738304138
0.986111760 0.007770423 0.165901214 0.141489029 -0.008961812 0.999939144 0.006433921 -0.619295597 -0.165841162 -0.007831340 0.986121416 61.795948029
0.982248068 0.002348284 0.187571555 0.343743324 -0.004010723 0.999955893 0.008483932 -0.623242617 -0.187543347 -0.009085625 0.982214272 62.838794708
0.977625906 -0.003167474 0.210326806 0.573492050 0.001077999 0.999948859 0.010048332 -0.633648574 -0.210347876 -0.009596777 0.977579474 63.875179291
0.972103775 -0.008338091 0.234402731 0.822367668 0.006286168 0.999935031 0.009499642 -0.641493618 -0.234466717 -0.007761143 0.972093105 64.890396118
0.965662718 -0.014746824 0.259379953 1.099952698 0.013214996 0.999883354 0.007648529 -0.647856474 -0.259462476 -0.003958195 0.965745091 65.893417358
0.958185136 -0.018152155 0.285572916 1.398977280 0.016361687 0.999828577 0.008654599 -0.656711698 -0.285681099 -0.003620251 0.958317876 66.886260986
0.949472249 -0.020591645 0.313174933 1.702314377 0.018037070 0.999776244 0.011052410 -0.665943801 -0.313332468 -0.004845194 0.949631155 67.827751160
0.939736187 -0.024756949 0.341003001 2.044981003 0.021368567 0.999677956 0.013689497 -0.665548980 -0.341232121 -0.005577768 0.939962506 68.768035889
0.928903937 -0.027721053 0.369281858 2.412237167 0.024464335 0.999609530 0.013499748 -0.669807196 -0.369511902 -0.003505732 0.929219425 69.671707153
0.916790843 -0.026645023 0.398477852 2.798959732 0.024862375 0.999644399 0.009641566 -0.671825707 -0.398593038 0.001067806 0.917127311 70.566551208
0.903763711 -0.028117085 0.427107334 3.219928741 0.029058108 0.999568284 0.004315760 -0.675785244 -0.427044362 0.008510501 0.904190660 71.438636780
0.889475882 -0.029988542 0.455997288 3.657749176 0.032512281 0.999468625 0.002310800 -0.686008155 -0.455824256 0.012770110 0.889978170 72.289955139
0.873972058 -0.030693362 0.485005975 4.127714157 0.032102682 0.999469936 0.005402486 -0.688967764 -0.484914720 0.010848374 0.874494195 73.123245239
0.856225252 -0.029478824 0.515761137 4.619550705 0.027707180 0.999554098 0.011133226 -0.696129024 -0.515859246 0.004757742 0.856660247 73.948135376
0.836556673 -0.029785853 0.547070384 5.132055283 0.025925526 0.999554574 0.014777661 -0.702981651 -0.547266960 0.001820737 0.836956203 74.745513916
0.815610528 -0.023616847 0.578119159 5.670957565 0.021815322 0.999711275 0.010062327 -0.706920207 -0.578189969 0.004404916 0.815890253 75.509277344
0.793568909 -0.016934996 0.608244658 6.237480164 0.019007374 0.999814630 0.003038587 -0.711653471 -0.608183444 0.009149806 0.793743730 76.264518738
0.771095216 -0.014428779 0.636556387 6.826488495 0.017953930 0.999838233 0.000914706 -0.713745296 -0.636466801 0.010723365 0.771229565 76.980934143
0.747706234 -0.016939016 0.663813472 7.454021454 0.019092513 0.999809623 0.004007456 -0.718706787 -0.663755059 0.009677470 0.747887313 77.682479858
0.723240554 -0.017594809 0.690372050 8.079322815 0.019357797 0.999799073 0.005201441 -0.742062509 -0.690324843 0.009602188 0.723435819 78.340187073
0.698341966 -0.015022543 0.715606570 8.740604401 0.019867819 0.999801338 0.001600069 -0.740569353 -0.715488374 0.013100149 0.698501825 78.974884033
0.671737134 -0.013281118 0.740670562 9.403533936 0.019791979 0.999804080 -0.000022268 -0.758108556 -0.740525186 0.014674296 0.671868384 79.579254150
0.644796073 -0.010715598 0.764279425 10.097797394 0.017872827 0.999839664 -0.001060408 -0.765010715 -0.764145613 0.014343582 0.644884229 80.168411255
0.616636753 -0.009030492 0.787196100 10.825450897 0.017486902 0.999844551 -0.002228135 -0.774688363 -0.787053645 0.015139573 0.616698861 80.742599487
0.588195801 -0.002843112 0.808713615 11.561767578 0.016214000 0.999834120 -0.008277795 -0.790544271 -0.808556080 0.017981447 0.588144422 81.273025513
0.558128595 0.006643825 0.829727888 12.327178955 0.014920657 0.999725819 -0.018041635 -0.806987703 -0.829620481 0.022449633 0.557876468 81.791290283
0.527615070 0.014877670 0.849353254 13.108684540 0.013997015 0.999558628 -0.026203632 -0.828889191 -0.849368274 0.025713842 0.527174056 82.277702332
0.495495558 0.019954007 0.868381441 13.917377472 0.011081843 0.999509454 -0.029290397 -0.856777728 -0.868539691 0.024136525 0.495031476 82.750381470
0.463073730 0.019406615 0.886107445 14.748291016 0.009127358 0.999602795 -0.026662178 -0.887527108 -0.886272669 0.020434374 0.462712646 83.186851501
0.429892421 0.018383969 0.902692854 15.601995468 0.004560948 0.999735653 -0.022532387 -0.913811028 -0.902868688 0.013803639 0.429694891 83.599517822
0.395427763 0.019339183 0.918293357 16.458097458 0.000621394 0.999772429 -0.021322701 -0.943634987 -0.918497026 0.009002211 0.395325691 83.981346130
0.360391855 0.022537000 0.932528734 17.322788239 -0.006779999 0.999744952 -0.021541210 -0.970126688 -0.932776451 0.001440731 0.360452682 84.327064514
0.323985845 0.024301827 0.945749700 18.252136230 -0.011863732 0.999695897 -0.021623852 -1.006591916 -0.945987582 -0.004214301 0.324175656 84.682159424
0.288000643 0.023711888 0.957336605 19.161901474 -0.014342867 0.999688148 -0.020446034 -1.029378414 -0.957522869 -0.007842482 0.288250864 84.961029053
0.251828790 0.023302939 0.967491150 20.103729248 -0.015230523 0.999681711 -0.020113917 -1.058056355 -0.967652023 -0.009670133 0.252103508 85.209884644
0.215757936 0.022604790 0.976185262 21.068628311 -0.014369401 0.999697208 -0.019973299 -1.087430239 -0.976341188 -0.009717797 0.216017425 85.429840088
0.180576459 0.021595182 0.983323991 22.023952484 -0.012177423 0.999731421 -0.019719269 -1.107260704 -0.983485639 -0.008413512 0.180790931 85.597984314
0.146681458 0.020327989 0.988974988 22.991252899 -0.003808407 0.999792993 -0.019985503 -1.140707493 -0.989176452 -0.000834916 0.146728545 85.720726013
0.112178549 0.023720937 0.993404925 23.998867035 -0.001627468 0.999718010 -0.023687905 -1.173545599 -0.993686736 0.001040541 0.112185538 85.850418091
0.079231858 0.028728340 0.996442199 24.968528748 -0.000671545 0.999585867 -0.028765576 -1.201419830 -0.996856034 0.001609996 0.079218358 85.930320740
0.050524745 0.032574229 0.998191535 25.945592880 0.006016092 0.999439836 -0.032919481 -1.235936403 -0.998704672 0.007668462 0.050300490 85.961631775
0.025062386 0.031204809 0.999198735 26.994731903 0.007134310 0.999481559 -0.031392589 -1.268238306 -0.999660432 0.007915367 0.024826765 85.988418579
0.002750505 0.028056396 0.999602556 27.993345261 0.008608945 0.999568582 -0.028079130 -1.304547548 -0.999959052 0.008682756 0.002507782 85.988212585
-0.015969248 0.025621925 0.999544203 28.997852325 0.008770138 0.999636710 -0.025484182 -1.338225365 -0.999834001 0.008359178 -0.016188160 85.973953247
-0.032889251 0.028940812 0.999039829 30.012336731 0.010774685 0.999532759 -0.028600378 -1.376805305 -0.999400914 0.009823693 -0.033185720 85.941894531
-0.047234666 0.033186622 0.998332322 31.010810852 0.013485501 0.999377966 -0.032583334 -1.410704494 -0.998792768 0.011923949 -0.047652826 85.886222839
-0.059311464 0.037993778 0.997516215 31.995000839 0.018395392 0.999147177 -0.036962129 -1.455788493 -0.998069942 0.016157424 -0.059959807 85.825424194
-0.068166874 0.041797016 0.996797979 33.020771027 0.023493581 0.998912156 -0.040279042 -1.499408484 -0.997397304 0.020672658 -0.069074668 85.747550964
-0.074260086 0.047320440 0.996115446 34.017089844 0.027114009 0.998600066 -0.045417123 -1.546081305 -0.996870220 0.023636010 -0.075439185 85.670135498
-0.077664346 0.051852431 0.995630324 35.027809143 0.029244889 0.998335302 -0.049712058 -1.601241708 -0.996550560 0.025256243 -0.079051487 85.584014893
-0.080362849 0.055885039 0.995197773 36.037071228 0.031544801 0.998069525 -0.053499039 -1.660261869 -0.996266365 0.027093988 -0.081970610 85.498802185
-0.083075091 0.058753937 0.994809926 37.052490234 0.032334592 0.997893751 -0.056235880 -1.721580386 -0.996018529 0.027494978 -0.084799916 85.408485413
-0.085628375 0.062209312 0.994383097 38.061698914 0.032958258 0.997679412 -0.059577424 -1.786635756 -0.995781898 0.027671624 -0.087479986 85.322479248
-0.087448791 0.066386387 0.993954539 39.066604614 0.034399495 0.997383177 -0.063588895 -1.845424771 -0.995574892 0.028630761 -0.089503631 85.225875854
-0.089844875 0.067811497 0.993644536 40.080734253 0.037028484 0.997217119 -0.064707205 -1.916847706 -0.995267212 0.030979542 -0.092105813 85.131553650
-0.092119895 0.066359833 0.993534207 41.102649689 0.037189603 0.997310042 -0.063163817 -1.994528532 -0.995053232 0.031130496 -0.094339997 85.046714783
-0.094034813 0.066294476 0.993359149 42.136444092 0.037008654 0.997323453 -0.063055687 -2.058776140 -0.994880855 0.030833455 -0.096236609 84.943244934
-0.096078984 0.067656107 0.993071675 43.168930054 0.036900204 0.997243583 -0.064370267 -2.127688885 -0.994689584 0.030459924 -0.098310657 84.834739685
-0.098409407 0.069842488 0.992692113 44.189575195 0.036337253 0.997120976 -0.066551834 -2.205006599 -0.994482398 0.029522376 -0.100663975 84.731277466
-0.100890547 0.071779564 0.992304862 45.221897125 0.034579262 0.997044265 -0.068606623 -2.285828829 -0.994296372 0.027391410 -0.103074424 84.623924255
-0.103313878 0.075325221 0.991792440 46.251098633 0.032589361 0.996849239 -0.072314478 -2.369223118 -0.994114757 0.024850802 -0.105443172 84.519592285
-0.105635472 0.079842456 0.991194367 47.290115356 0.029026350 0.996594250 -0.077183977 -2.444071054 -0.993981123 0.020617399 -0.107593246 84.416992188
-0.108231112 0.082190290 0.990722418 48.339023590 0.026424127 0.996462166 -0.079779766 -2.527039289 -0.993774533 0.017544322 -0.110020027 84.298713684
-0.111407563 0.080698460 0.990493000 49.385566711 0.024248768 0.996621490 -0.078470349 -2.612289906 -0.993478954 0.015276042 -0.112988025 84.189544678
-0.113701344 0.076463073 0.990568161 50.438175201 0.022175675 0.996980906 -0.074412644 -2.703753233 -0.993267477 0.013505698 -0.115053721 84.061416626
-0.116004899 0.074986108 0.990414023 51.490329742 0.022421518 0.997089744 -0.072865345 -2.785826921 -0.992995620 0.013753846 -0.117348596 83.940643311
-0.118272744 0.075024694 0.990142882 52.525016785 0.021745957 0.997098148 -0.072954148 -2.875677347 -0.992743075 0.012903121 -0.119561017 83.827026367
-0.119730540 0.078115441 0.989728570 53.573791504 0.022549216 0.996856630 -0.075950168 -2.952287436 -0.992550433 0.013224050 -0.121115625 83.707138062
-0.120319299 0.080711201 0.989448845 54.630310059 0.023484208 0.996641994 -0.078442223 -3.043298006 -0.992457509 0.013798311 -0.121810697 83.572853088
-0.120336950 0.081487991 0.989383042 55.707008362 0.022008901 0.996599376 -0.079405442 -3.130795479 -0.992489159 0.012219828 -0.121721186 83.438354492
-0.120655283 0.080182448 0.989450932 56.762733459 0.018741751 0.996738851 -0.078487635 -3.220307827 -0.992517650 0.009074094 -0.121764578 83.319732666
-0.120546311 0.079415396 0.989526033 57.832195282 0.014938146 0.996827185 -0.078181565 -3.311199665 -0.992595315 0.005357186 -0.121350177 83.195236206
-0.120570965 0.080696911 0.989419401 58.901397705 0.011089737 0.996737719 -0.079942405 -3.397650719 -0.992642820 0.001333668 -0.121072561 83.069877625
-0.120476685 0.080999397 0.989406228 59.983314514 0.006891189 0.996709943 -0.080758199 -3.489703178 -0.992692292 -0.002911295 -0.120638490 82.943344116
-0.121468194 0.079960547 0.989369392 61.047550201 0.003116974 0.996775806 -0.080176458 -3.588652849 -0.992590427 -0.006655047 -0.121325806 82.831932068
-0.122036338 0.075039864 0.989684880 62.126670837 0.002794392 0.997159958 -0.075262040 -3.672353268 -0.992521703 -0.006419135 -0.121899426 82.713714600
-0.122196831 0.066590860 0.990269423 63.222404480 0.006757221 0.997779489 -0.066262037 -3.757604361 -0.992482960 -0.001405541 -0.122375466 82.575447083
-0.121626467 0.060722578 0.990716755 64.342353821 0.012866864 0.998139501 -0.059597917 -3.844467163 -0.992492497 0.005498738 -0.122181512 82.421188354
-0.121365875 0.063222267 0.990592360 65.434844971 0.021219116 0.997906744 -0.061089344 -3.915709972 -0.992380977 0.013605339 -0.122453362 82.284622192
-0.120205864 0.069320023 0.990325809 66.555114746 0.026554324 0.997426748 -0.066593900 -3.983719826 -0.992393792 0.018292461 -0.121737294 82.133247375
-0.118358269 0.074605234 0.990164280 67.642570496 0.031107102 0.996962667 -0.071399085 -4.069068909 -0.992483616 0.022350473 -0.120319553 81.991630554
-0.118188173 0.079038732 0.989840627 68.739616394 0.031571429 0.996622384 -0.075810574 -4.154095650 -0.992489278 0.022290770 -0.120284334 81.872840881
-0.117729716 0.076270647 0.990112364 69.888237000 0.029023901 0.996884465 -0.073341206 -4.240635872 -0.992621481 0.020102482 -0.119576588 81.729728699
-0.117057227 0.071856737 0.990522206 71.009895325 0.028066594 0.997220039 -0.069025762 -4.325370789 -0.992728472 0.019720623 -0.118748583 81.594314575
-0.116758630 0.069806725 0.990704060 72.147048950 0.026149433 0.997397065 -0.067196503 -4.412326336 -0.992816150 0.018060574 -0.118280113 81.460060120
-0.116991132 0.070626698 0.990618467 73.293395996 0.023533199 0.997385144 -0.068329871 -4.485901833 -0.992854118 0.015318428 -0.118347302 81.333717346
-0.117131613 0.075898871 0.990211964 74.429374695 0.024853088 0.996986985 -0.073478326 -4.572582722 -0.992805421 0.016003184 -0.118665017 81.205665588
-0.115915015 0.078489512 0.990153074 75.555564880 0.024868462 0.996789694 -0.076104313 -4.662778854 -0.992947817 0.015801949 -0.117494807 81.068397522
-0.114972092 0.077647917 0.990329385 76.704925537 0.024704093 0.996855438 -0.075291604 -4.747869492 -0.993061483 0.015808752 -0.116528787 80.931404114
-0.115000285 0.070629515 0.990851402 77.849868774 0.026405090 0.997333944 -0.068026960 -4.843482971 -0.993014514 0.018340403 -0.116558671 80.804008484
-0.115585394 0.069069698 0.990893304 79.003463745 0.025642449 0.997454524 -0.066535905 -4.929410934 -0.992966592 0.017718352 -0.117062278 80.675468445
-0.115340613 0.072081335 0.990707159 80.165466309 0.023023285 0.997289598 -0.069879800 -5.012808323 -0.993059039 0.014749354 -0.116687566 80.547882080
-0.115183666 0.075339064 0.990483105 81.314903259 0.022009457 0.997068346 -0.073280469 -5.094884872 -0.993100345 0.013359282 -0.116504192 80.423393250
-0.115205444 0.074691474 0.990529597 82.499931335 0.021332489 0.997125149 -0.072707698 -5.185132027 -0.993112564 0.012754140 -0.116467603 80.289276123
-0.114453875 0.071855105 0.990826488 83.689407349 0.020760067 0.997335851 -0.069929115 -5.266555786 -0.993211627 0.012565971 -0.115640670 80.144020081
-0.113901533 0.070662938 0.990975857 84.873054504 0.021262702 0.997412324 -0.068677992 -5.357456207 -0.993264437 0.013248296 -0.115109272 80.014495850
-0.112834483 0.070485242 0.991110623 86.054039001 0.022829177 0.997401297 -0.068333589 -5.454386711 -0.993351519 0.014915853 -0.114150405 79.881927490
-0.111434564 0.071273826 0.991212606 87.249130249 0.024836777 0.997312963 -0.068920270 -5.532271862 -0.993461490 0.016938429 -0.112905324 79.741561890
-0.110857829 0.070110418 0.991360247 88.442489624 0.024343686 0.997400880 -0.067815401 -5.628161430 -0.993538082 0.016615493 -0.112276450 79.622360229
-0.109099194 0.070845649 0.991503000 89.653106689 0.025667585 0.997325182 -0.068437345 -5.712411404 -0.993699372 0.017983034 -0.110625803 79.464965820
-0.107760817 0.069266535 0.991760910 90.855865479 0.025675755 0.997431159 -0.066872716 -5.795533180 -0.993845224 0.018257957 -0.109262452 79.334091187
-0.106728747 0.068306871 0.991939127 92.068008423 0.024192641 0.997520387 -0.066088192 -5.882887840 -0.993993819 0.016944118 -0.108116627 79.205856323
-0.105112836 0.067669258 0.992155433 93.280403137 0.025325999 0.997540653 -0.065353438 -5.968435287 -0.994137764 0.018257841 -0.106568128 79.078186035
-0.103190295 0.067927010 0.992339551 94.506797791 0.023293547 0.997556746 -0.065861925 -6.061495781 -0.994388878 0.016318794 -0.104520448 78.948440552
-0.102512375 0.070978403 0.992196143 95.721694946 0.023497844 0.997345448 -0.068919010 -6.142943382 -0.994454265 0.016249422 -0.103908084 78.830322266
-0.101962261 0.069849826 0.992332935 96.940887451 0.020579698 0.997466505 -0.068096608 -6.226254463 -0.994575262 0.013478632 -0.103141434 78.720138550
-0.101025045 0.068431124 0.992527664 98.181831360 0.017898018 0.997595131 -0.066958748 -6.325845242 -0.994722843 0.010999762 -0.102006882 78.596282959
-0.100984246 0.069620594 0.992449164 99.420852661 0.015062715 0.997541130 -0.068445116 -6.411604881 -0.994773984 0.008037096 -0.101784617 78.475914001
-0.100793958 0.069007181 0.992511213 100.644775391 0.012412655 0.997601271 -0.068100490 -6.500669003 -0.994829893 0.005455581 -0.101408742 78.346984863
-0.101919726 0.066056088 0.992597103 101.889022827 0.009491667 0.997812092 -0.065428533 -6.594759464 -0.994747341 0.002752942 -0.102323718 78.225448608
-0.103192948 0.064950675 0.992538452 103.155029297 0.007392750 0.997888148 -0.064532138 -6.683021069 -0.994633853 0.000678326 -0.103455201 78.101638794
-0.105196871 0.064468727 0.992359519 104.417793274 0.005241062 0.997918367 -0.064274281 -6.767847538 -0.994437695 -0.001560435 -0.105315790 77.986221313
-0.106349565 0.064061306 0.992262900 105.675102234 0.005565572 0.997945189 -0.063831627 -6.866034031 -0.994313180 -0.001265954 -0.106487587 77.848731995
-0.108804032 0.062442321 0.992100060 106.933731079 0.005031005 0.998046935 -0.062264860 -6.952155113 -0.994050443 -0.001783406 -0.108905680 77.715522766
-0.111930795 0.058062300 0.992018282 108.195793152 0.002070667 0.998302937 -0.058196504 -7.036809921 -0.993713796 -0.004459839 -0.111861065 77.586776733
-0.116458282 0.057829235 0.991510570 109.455795288 0.001207405 0.998310924 -0.058084041 -7.119118214 -0.993194818 -0.005567211 -0.116331406 77.445220947
-0.121661931 0.063974500 0.990507782 110.684318542 -0.003009389 0.997892320 -0.064821079 -7.203820229 -0.992566943 -0.010867083 -0.121212989 77.299736023
-0.129285246 0.067028791 0.989339411 111.907623291 -0.002086375 0.997692168 -0.067867324 -7.290749550 -0.991605282 -0.010838376 -0.128847003 77.155372620
-0.137912095 0.062956221 0.988441527 113.157730103 -0.000301162 0.997975171 -0.063605435 -7.384302616 -0.990444422 -0.009069640 -0.137613848 76.981254578
-0.148493186 0.061348423 0.987008691 114.389106750 0.001843316 0.998089373 -0.061759818 -7.467338562 -0.988911748 -0.007351544 -0.148322552 76.794754028
-0.161481261 0.061858535 0.984935164 115.610778809 0.002070493 0.998052657 -0.062342912 -7.560770035 -0.986873627 -0.008027912 -0.161294907 76.603591919
-0.175486490 0.061974742 0.982529163 116.829841614 0.004190672 0.998054564 -0.062205542 -7.647977829 -0.984472990 -0.006798775 -0.175404817 76.386840820
-0.189831465 0.059908401 0.979987264 118.041908264 0.004376414 0.998178363 -0.060172722 -7.735291004 -0.981806993 -0.007133844 -0.189747840 76.158676147
-0.205195829 0.062402189 0.976729572 119.243614197 0.008596271 0.998041749 -0.061957855 -7.823393822 -0.978683174 -0.004317259 -0.205330431 75.907173157
-0.220580488 0.065716170 0.973152399 120.417739868 0.008392218 0.997818649 -0.065479614 -7.911145687 -0.975332677 -0.006276618 -0.220650837 75.653022766
-0.236058861 0.069766410 0.969231069 121.582733154 0.007762678 0.997523010 -0.069912270 -7.995791435 -0.971707761 -0.008979581 -0.236015692 75.376693726
-0.251531124 0.067468345 0.965494752 122.758644104 0.004929435 0.997643709 -0.068430685 -8.095254898 -0.967836797 -0.012453101 -0.251270980 75.075325012
-0.267668456 0.061877120 0.961522162 123.921127319 -0.000748590 0.997922063 -0.064427972 -8.184391975 -0.963510871 -0.017965117 -0.267065912 74.771202087
-0.283520490 0.057911124 0.957216024 125.105842590 -0.004559982 0.998082101 -0.061734147 -8.269022942 -0.958955348 -0.021867784 -0.282712698 74.444046021
-0.299003601 0.059204437 0.952413559 126.253280640 -0.006522015 0.997923374 -0.064080968 -8.355161667 -0.954229772 -0.025372101 -0.297996610 74.102745056
-0.312809616 0.061464246 0.947825074 127.407951355 -0.006076935 0.997754037 -0.066707596 -8.439620018 -0.949796438 -0.026626645 -0.311733514 73.722969055
-0.326801598 0.063691922 0.942944407 128.542968750 -0.004704136 0.997604549 -0.069014326 -8.529333115 -0.945081294 -0.026989726 -0.325719088 73.340744019
-0.341067255 0.063265100 0.937907636 129.672149658 -0.002666424 0.997663617 -0.068265468 -8.626247406 -0.940035105 -0.025783978 -0.340101719 72.938064575
-0.355198562 0.061177015 0.932786942 130.795028687 -0.003141101 0.997772455 -0.066635199 -8.718265533 -0.934785604 -0.026598709 -0.354215205 72.524559021
-0.369545370 0.060109742 0.927266419 131.912902832 -0.003268560 0.997815251 -0.065985650 -8.807710648 -0.929206967 -0.027415521 -0.368541479 72.081741333
-0.384326190 0.061493650 0.921147048 133.012420654 -0.004662018 0.997637153 -0.068545073 -8.899180412 -0.923185527 -0.030638071 -0.383131385 71.635002136
-0.399320304 0.063260727 0.914626420 134.095855713 -0.004129024 0.997482419 -0.070794240 -8.990013123 -0.916802168 -0.032046095 -0.398053795 71.181411743
-0.413879603 0.065167308 0.907996178 135.190048218 -0.002905850 0.997334838 -0.072903715 -9.080940247 -0.910326958 -0.032811869 -0.412587166 70.691101074
-0.428396374 0.067269005 0.901083410 136.277282715 -0.000292337 0.997214675 -0.074584499 -9.184709549 -0.903590858 -0.032215159 -0.427183539 70.173400879
-0.443413466 0.070170835 0.893566191 137.349105835 -0.000597275 0.996907473 -0.078582481 -9.286307335 -0.896317005 -0.035378244 -0.442000270 69.659927368
-0.458475739 0.072670780 0.885730743 138.438339233 -0.000227600 0.996641457 -0.081888385 -9.381224632 -0.888706923 -0.037745427 -0.456919372 69.105812073
-0.474004447 0.070007518 0.877735019 139.506973267 -0.001651307 0.996761799 -0.080392793 -9.481655121 -0.880520940 -0.039555952 -0.472353965 68.547973633
-0.489977300 0.065517023 0.869269669 140.565719604 -0.004281979 0.996978760 -0.077556089 -9.582020760 -0.871724546 -0.041722924 -0.488216549 67.967727661
-0.506157160 0.065814875 0.859926343 141.627502441 -0.004670477 0.996860087 -0.079044238 -9.681803703 -0.862428546 -0.044025071 -0.504260540 67.359397888
-0.522055089 0.064835005 0.850444019 142.667327881 -0.005591582 0.996825039 -0.079427049 -9.792480469 -0.852893472 -0.046220616 -0.520034909 66.744384766
-0.537903190 0.064082198 0.840567410 143.704605103 -0.006055291 0.996787190 -0.079866834 -9.889383316 -0.842984974 -0.048050504 -0.535786927 66.089492798
-0.553618312 0.063100033 0.830376446 144.764907837 -0.007638188 0.996698558 -0.080831222 -9.996084213 -0.832735598 -0.051092219 -0.551308751 65.395782471
-0.569093943 0.062422145 0.819899797 145.787414551 -0.008093113 0.996640861 -0.081495568 -10.100118637 -0.822232783 -0.053014178 -0.566677094 64.699302673
-0.583888233 0.060177960 0.809600592 146.780822754 -0.008065941 0.996769547 -0.079907507 -10.201262474 -0.811793923 -0.053187240 -0.581516743 63.989528656
-0.598858535 0.056458704 0.798862159 147.784881592 -0.007995005 0.997040689 -0.076458119 -10.309032440 -0.800814867 -0.052174512 -0.596635044 63.253822327
-0.613747060 0.054718804 0.787604213 148.790496826 -0.007579245 0.997140944 -0.075182557 -10.409162521 -0.789466262 -0.052112512 -0.611577749 62.478225708
-0.627997160 0.053448584 0.776377976 149.766464233 -0.008075882 0.997137368 -0.075178847 -10.506940842 -0.778173685 -0.053482048 -0.625768006 61.693355560
-0.643305242 0.054102343 0.763695836 150.743225098 -0.009593721 0.996852219 -0.078701101 -10.617887497 -0.765549660 -0.057955518 -0.640761137 60.903957367
-0.658604860 0.053503737 0.750584543 151.696899414 -0.011767711 0.996614695 -0.081367105 -10.722034454 -0.752396941 -0.062421415 -0.655745625 60.088100433
-0.674488008 0.050315123 0.736569285 152.645889282 -0.013481387 0.996669233 -0.080427684 -10.829450607 -0.738162875 -0.064177483 -0.671563029 59.248077393
-0.690700769 0.042752236 0.721875846 153.577407837 -0.017162155 0.997000575 -0.075467169 -10.934398651 -0.722936928 -0.064514175 -0.687895417 58.386558533
-0.707492173 0.040209346 0.705576479 154.503143311 -0.018352529 0.996998131 -0.075219221 -11.036208153 -0.706482828 -0.066166133 -0.704630494 57.486816406
-0.724985301 0.037705667 0.687731385 155.395172119 -0.019761290 0.996950626 -0.075490713 -11.139818192 -0.688480735 -0.068320118 -0.722029507 56.571319580
-0.742426515 0.033832092 0.669072688 156.280303955 -0.023099653 0.996837318 -0.076037899 -11.241996765 -0.669529140 -0.071907900 -0.739296973 55.626224518
-0.759098172 0.032213539 0.650178671 157.134307861 -0.022485150 0.996881425 -0.075643063 -11.344342232 -0.650587738 -0.072039872 -0.756006539 54.662071228
-0.774985075 0.034105308 0.631058693 157.952270508 -0.020315690 0.996682227 -0.078814380 -11.458349228 -0.631653011 -0.073900349 -0.771720946 53.672138214
-0.790228665 0.033656247 0.611887217 158.757476807 -0.017225593 0.996876180 -0.077078372 -11.558980942 -0.612569869 -0.071449645 -0.787180483 52.666278839
-0.805047214 0.034630105 0.592199087 159.543121338 -0.013265202 0.996994019 -0.076334305 -11.676321030 -0.593062460 -0.069308355 -0.802167892 51.634414673
-0.819044590 0.036424037 0.572572529 160.279510498 -0.010714795 0.996837556 -0.078740686 -11.788095474 -0.573629856 -0.070627131 -0.816064119 50.571372986
-0.832957923 0.037766315 0.552046061 161.001617432 -0.009882785 0.996493518 -0.083083376 -11.900573730 -0.553248167 -0.074660704 -0.829663992 49.518280029
-0.845669627 0.038462207 0.532319069 161.695709229 -0.007067014 0.996505439 -0.083228588 -12.007825851 -0.533659995 -0.074145794 -0.842442572 48.424556732
-0.857436717 0.036262613 0.513310254 162.367843628 -0.006214186 0.996711552 -0.080792539 -12.119513512 -0.514552057 -0.072464295 -0.854391694 47.326709747
-0.867870748 0.038648505 0.495284468 163.007110596 -0.002647080 0.996595263 -0.082405664 -12.239072800 -0.496783018 -0.072828539 -0.864813626 46.218521118
-0.877247274 0.041438542 0.478246987 163.619796753 0.000086409 0.996280789 -0.086165987 -12.351167679 -0.480038851 -0.075547569 -0.873988092 45.104042053
-0.886344731 0.038957480 0.461384296 164.222595215 -0.001807354 0.996155500 -0.087583467 -12.469847679 -0.463022560 -0.078463048 -0.882866740 43.977909088
-0.894698143 0.036044255 0.445214450 164.812194824 -0.003071780 0.996218741 -0.086826220 -12.591386795 -0.446660519 -0.079050854 -0.891204417 42.837673187
-0.901822388 0.034022909 0.430765539 165.374114990 -0.004006838 0.996194065 -0.087070279 -12.712300301 -0.432088494 -0.080247939 -0.898253798 41.683143616
-0.908449471 0.032129135 0.416758180 165.920654297 -0.004419330 0.996247470 -0.086436950 -12.835337639 -0.417971462 -0.080365397 -0.904898524 40.516777039
-0.914708674 0.029246014 0.403054386 166.446136475 -0.005885987 0.996307671 -0.085650928 -12.955270767 -0.404071242 -0.080718026 -0.911159217 39.357574463
-0.920508504 0.024126159 0.389977276 166.976409912 -0.008449357 0.996629238 -0.081601001 -13.082525253 -0.390631557 -0.078409448 -0.917201877 38.148269653
-0.925692976 0.020924190 0.377696604 167.476318359 -0.009586518 0.996850550 -0.078720480 -13.188696861 -0.378154278 -0.076491788 -0.922577083 36.965702057
-0.930093229 0.021308104 0.366704822 167.968032837 -0.007007489 0.997105062 -0.075712219 -13.295473099 -0.367256492 -0.072989099 -0.927251458 35.760452271
-0.933294713 0.025454609 0.358207881 168.431350708 -0.002692647 0.996960640 -0.077860601 -13.397598267 -0.359101027 -0.073631428 -0.930389643 34.565376282
-0.935631216 0.030688995 0.351642132 168.886886597 0.002811071 0.996829510 -0.079517096 -13.503930092 -0.352967590 -0.073410206 -0.932751298 33.368675232
-0.937362611 0.034780364 0.346614569 169.329055786 0.006890513 0.996659875 -0.081373610 -13.624361992 -0.348286986 -0.073888250 -0.934471369 32.166923523
-0.939295411 0.031754799 0.341636986 169.777893066 0.004479304 0.996758103 -0.080332227 -13.736018181 -0.343080372 -0.073925406 -0.936392486 30.966283798
-0.941323996 0.024042416 0.336646855 170.235733032 -0.001932388 0.997059286 -0.076610595 -13.847606659 -0.337498724 -0.072765946 -0.938509345 29.769779205
-0.943052888 0.018051358 0.332152724 170.686096191 -0.007274811 0.997168481 -0.074847445 -13.948201180 -0.332563341 -0.073001437 -0.940251291 28.535282135
-0.944467902 0.011255591 0.328410894 171.114776611 -0.014704317 0.996964455 -0.076456614 -14.051869392 -0.328274548 -0.077039875 -0.941435397 27.319801331
-0.945853353 0.009566304 0.324452847 171.551818848 -0.017090147 0.996711552 -0.079209097 -14.157408714 -0.324143648 -0.080465153 -0.942579627 26.103963852
-0.946529210 0.009610545 0.322474599 171.971603394 -0.017578425 0.996535003 -0.081295520 -14.269497871 -0.322138458 -0.082617193 -0.943080783 24.890945435
-0.946873784 0.010219395 0.321443111 172.398132324 -0.017556474 0.996361971 -0.083392605 -14.385427475 -0.321126014 -0.084605664 -0.943249702 23.673965454
-0.946834147 0.012678539 0.321472287 172.814331055 -0.015581864 0.996243238 -0.085184194 -14.500918388 -0.321344644 -0.085664436 -0.943079710 22.470630646
-0.946256161 0.014052170 0.323112845 173.231430054 -0.014879134 0.996106267 -0.086895123 -14.618090630 -0.323075831 -0.087032676 -0.942362607 21.239692688
-0.945937037 0.015338142 0.323987514 173.655288696 -0.014161587 0.995975673 -0.088498414 -14.742108345 -0.324041098 -0.088302113 -0.941913009 20.031391144
-0.945037186 0.016502306 0.326546192 174.075286865 -0.013037374 0.996029198 -0.088065915 -14.865319252 -0.326702863 -0.087482870 -0.941069603 18.804111481
-0.944229543 0.015900996 0.328904033 174.503601074 -0.014092762 0.995966673 -0.088608429 -14.985938072 -0.328986406 -0.088301852 -0.940197170 17.591957092
-0.942902923 0.014680240 0.332743466 174.929748535 -0.015546206 0.995999515 -0.087995902 -15.114534378 -0.332704157 -0.088144533 -0.938902736 16.399147034
-0.941515982 0.013024772 0.336716264 175.374114990 -0.016874520 0.996176481 -0.085717849 -15.235086441 -0.336545408 -0.086386658 -0.937696397 15.215774536
-0.939541876 0.011278573 0.342248023 175.820419312 -0.018091537 0.996426761 -0.082501635 -15.357476234 -0.341955662 -0.083705552 -0.935980618 14.025012970
-0.936960876 0.007838039 0.349346429 176.270767212 -0.021418255 0.996580422 -0.079804160 -15.470123291 -0.348777324 -0.082255773 -0.933588922 12.831764221
-0.934096515 0.010095872 0.356877863 176.722152710 -0.019663835 0.996627927 -0.079662383 -15.581134796 -0.356478721 -0.081429936 -0.930748224 11.646495819
-0.930937290 0.010467994 0.365029007 177.180709839 -0.019986829 0.996630192 -0.079553142 -15.694059372 -0.364631712 -0.081354752 -0.927591026 10.483181000
-0.927129805 0.013222327 0.374506980 177.649261475 -0.018990476 0.996435523 -0.082192950 -15.800748825 -0.374258846 -0.083315611 -0.923573971 9.329765320
-0.922845662 0.014567691 0.384894311 178.140380859 -0.018117452 0.996536613 -0.081156984 -15.914700508 -0.384743512 -0.081868671 -0.919385612 8.154087067
-0.917967856 0.016698183 0.396303236 178.638031006 -0.017229922 0.996491909 -0.081897192 -16.032812119 -0.396280408 -0.082007267 -0.914459765 7.010089874
-0.912716091 0.018126039 0.408192158 179.163406372 -0.017292015 0.996406913 -0.082910977 -16.147466660 -0.408228338 -0.082732648 -0.909123182 5.891998291
-0.906577170 0.020253340 0.421554059 179.700622559 -0.015855700 0.996508181 -0.081975333 -16.266231537 -0.421742350 -0.081000991 -0.903090358 4.738754272
-0.899719894 0.020005684 0.436009020 180.248611450 -0.016702920 0.996639132 -0.080196500 -16.369338989 -0.436148077 -0.079437003 -0.896361887 3.567008972
-0.893412173 0.022351895 0.448681504 180.822479248 -0.015351578 0.996658981 -0.080218390 -16.486179352 -0.448975474 -0.078556053 -0.890084267 2.439865112
-0.886316776 0.024820542 0.462413847 181.389373779 -0.013620444 0.996733308 -0.079607226 -16.589326859 -0.462879211 -0.076855481 -0.883083344 1.328933716
-0.878891110 0.026376439 0.476292640 181.985260010 -0.012226431 0.996896505 -0.077767923 -16.689958572 -0.476865649 -0.074172892 -0.875841022 0.226112366
-0.871441782 0.028028360 0.489697456 182.602294922 -0.010154447 0.997121155 -0.075141668 -16.794948578 -0.490393728 -0.070454217 -0.868648410 -0.860771179
-0.862677455 0.031267248 0.504787028 183.214202881 -0.006530217 0.997315228 -0.072935253 -16.903049469 -0.505712330 -0.066215970 -0.860157251 -1.937095642
-0.854433596 0.034018978 0.518445790 183.858749390 -0.003906945 0.997405231 -0.071885847 -17.001392365 -0.519546032 -0.063447230 -0.852083564 -2.960960388
-0.843185842 0.037377331 0.536321223 184.498199463 -0.000432997 0.997532785 -0.070200861 -17.101646423 -0.537621975 -0.059424616 -0.841089427 -4.014266968
-0.832665563 0.040119871 0.552320898 185.159317017 0.002035466 0.997587204 -0.069394827 -17.196435928 -0.553772390 -0.056658454 -0.830738246 -5.005447388
-0.820896089 0.041725449 0.569551170 185.848831177 0.003566163 0.997682393 -0.067950480 -17.302898407 -0.571066499 -0.053749181 -0.819142401 -6.027259827
-0.809862733 0.043404229 0.585011482 186.569061279 0.004379057 0.997678578 -0.067959398 -17.396387100 -0.586603165 -0.052475981 -0.808172703 -6.992729187
-0.796249211 0.046388458 0.603187740 187.294586182 0.007045836 0.997699261 -0.067427583 -17.491571426 -0.604927838 -0.049439196 -0.794744074 -7.982376099
-0.782344222 0.047486164 0.621033669 188.051513672 0.008627326 0.997820020 -0.065428168 -17.576850891 -0.622786760 -0.045829486 -0.781048238 -8.943847656
-0.767022908 0.049424410 0.639713228 188.804290771 0.011201153 0.997908115 -0.063668333 -17.670204163 -0.641521931 -0.041669555 -0.765972137 -9.865211487
