1.000000000 0.000000000 0.000000000 0.000000000 0.000000000 1.000000000 0.000000000 0.000000000 0.000000000 0.000000000 1.000000000 0.000000000
0.999998629 0.000770233 0.001464576 -0.006326688 -0.000763543 0.999989271 -0.004563360 -0.002439682 -0.001468076 0.004562235 0.999988496 0.963928223
0.999996662 -0.001442472 0.002142721 -0.002610915 0.001453902 0.999984682 -0.005342210 -0.000890252 -0.002134982 0.005345307 0.999983430 1.918579936
0.999993324 -0.002411630 0.002752223 -0.011270155 0.002415273 0.999996126 -0.001320955 -0.003813311 -0.002749027 0.001327594 0.999995351 2.853184462
0.999985695 -0.004904592 0.002123845 -0.008342507 0.004894158 0.999976039 0.004890364 -0.007518576 -0.002147780 -0.004879900 0.999985814 3.801609516
0.999963641 -0.008491431 0.000566245 -0.005184104 0.008488497 0.999951422 0.004996277 -0.004518557 -0.000608643 -0.004991290 0.999987423 4.739645004
0.999939501 -0.011000874 -0.000056226 -0.008571107 0.011000968 0.999937296 0.002091054 -0.002968008 0.000033219 -0.002091546 0.999997795 5.668127060
0.999930501 -0.011745222 -0.000993379 -0.012197373 0.011743646 0.999929786 -0.001577260 0.003113960 0.001011835 0.001565484 0.999998212 6.593998432
0.999935806 -0.011237164 -0.001452256 -0.019273017 0.011234593 0.999935329 -0.001765380 -0.003392993 0.001471999 0.001748951 0.999997377 7.522400379
0.999933958 -0.011228352 -0.002473580 -0.028884444 0.011228858 0.999936938 0.000190827 -0.003167275 0.002471281 -0.000218590 0.999996960 8.435549736
0.999938607 -0.010703948 -0.002854410 -0.038941201 0.010711509 0.999939084 0.002645709 0.003158610 0.002825916 -0.002676121 0.999992430 9.378716469
0.999932766 -0.010946033 -0.003818286 -0.047036294 0.010962218 0.999930918 0.004243983 0.004935250 0.003771567 -0.004285555 0.999983728 10.300368309
0.999917448 -0.011995952 -0.004600448 -0.049764328 0.012019374 0.999914765 0.005097496 0.006815806 0.004538906 -0.005152369 0.999976397 11.215075493
0.999908984 -0.012341945 -0.005450500 -0.057857625 0.012371324 0.999908924 0.005389228 0.006830718 0.005383491 -0.005456167 0.999970615 12.128488541
0.999902606 -0.012646564 -0.005892643 -0.070666716 0.012669805 0.999911964 0.003923550 0.009926751 0.005842505 -0.003997826 0.999974966 13.026602745
0.999888420 -0.013112308 -0.007172018 -0.081731856 0.013124382 0.999912500 0.001638732 0.018538048 0.007149904 -0.001732678 0.999972880 13.934609413
0.999858081 -0.014351213 -0.008817159 -0.091161393 0.014352936 0.999896944 0.000131962 0.025930604 0.008814357 -0.000258496 0.999961078 14.838900566
0.999846101 -0.014080977 -0.010462115 -0.108224571 0.014075527 0.999900758 -0.000594277 0.026653953 0.010469445 0.000446926 0.999945045 15.750294685
0.999841332 -0.013085339 -0.012080036 -0.120759532 0.013067371 0.999913335 -0.001565191 0.027994432 0.012099469 0.001407089 0.999925733 16.649915695
0.999834776 -0.012128480 -0.013537121 -0.140501648 0.012109644 0.999925613 -0.001472571 0.029188842 0.013553974 0.001308398 0.999907255 17.530494690
0.999805689 -0.012644902 -0.015126543 -0.157043546 0.012635098 0.999919951 -0.000743548 0.029938787 0.015134734 0.000552278 0.999885261 18.423028946
0.999785602 -0.012374510 -0.016602978 -0.177509084 0.012390967 0.999922812 0.000888600 0.026009306 0.016590701 -0.001094136 0.999861717 19.313144684
0.999769151 -0.011991789 -0.017833404 -0.200089633 0.012022852 0.999926388 0.001635710 0.025717201 0.017812476 -0.001849741 0.999839604 20.191890717
0.999727070 -0.012747996 -0.019578224 -0.214306653 0.012785422 0.999916673 0.001787675 0.022407787 0.019553799 -0.002037502 0.999806702 21.076560974
0.999690652 -0.012584778 -0.021455163 -0.235394731 0.012606445 0.999920130 0.000874868 0.028551769 0.021442436 -0.001145070 0.999769449 21.948299408
0.999658644 -0.012796182 -0.022779725 -0.257510573 0.012829181 0.999916852 0.001302997 0.030030102 0.022761157 -0.001594797 0.999739707 22.808984756
0.999647319 -0.012699134 -0.023322899 -0.285272330 0.012775986 0.999913454 0.003149042 0.033316411 0.023280891 -0.003445905 0.999723017 23.664289474
0.999623716 -0.013452115 -0.023911143 -0.309902161 0.013597452 0.999889970 0.005926080 0.036774658 0.023828797 -0.006248980 0.999696553 24.499891281
0.999587595 -0.013745741 -0.025214771 -0.326066464 0.013942922 0.999873400 0.007661012 0.039073810 0.025106277 -0.008009420 0.999652684 25.343364716
0.999601722 -0.012936628 -0.025083996 -0.362830937 0.013101002 0.999893606 0.006399605 0.041499957 0.024998540 -0.006725681 0.999664903 26.168508530
0.999598742 -0.010929936 -0.026132356 -0.384341925 0.011032916 0.999931931 0.003799758 0.042949297 0.026089046 -0.004086550 0.999651253 26.975908279
0.999582291 -0.010504319 -0.026926039 -0.409295082 0.010561436 0.999942243 0.001979865 0.048086416 0.026903689 -0.002263415 0.999635458 27.776727676
0.999574602 -0.009441777 -0.027597170 -0.439443409 0.009485977 0.999953985 0.001471137 0.052703239 0.027582008 -0.001732297 0.999617994 28.573472977
0.999554217 -0.009054544 -0.028449295 -0.471644759 0.009095057 0.999957800 0.001294967 0.048758976 0.028436368 -0.001553137 0.999594390 29.362386703
0.999476552 -0.009776047 -0.030838907 -0.492232203 0.009795859 0.999951899 0.000491413 0.044490099 0.030832618 -0.000793250 0.999524236 30.125982285
0.999408066 -0.009964129 -0.032926627 -0.519622564 0.009983403 0.999950051 0.000421042 0.045062333 0.032920789 -0.000749512 0.999457717 30.892570496
0.999356627 -0.009904130 -0.034471486 -0.553773940 0.009960755 0.999949276 0.001471266 0.048339099 0.034455165 -0.001813682 0.999404550 31.651062012
0.999266684 -0.009995120 -0.036962625 -0.574775815 0.010131287 0.999942660 0.003498475 0.053198371 0.036925539 -0.003870389 0.999310493 32.413742065
0.999193311 -0.009143507 -0.039105993 -0.604825199 0.009335405 0.999945283 0.004727307 0.057631619 0.039060637 -0.005088564 0.999223888 33.153167725
0.999143422 -0.007826996 -0.040634517 -0.647970140 0.008044418 0.999954104 0.005189937 0.055693582 0.040592026 -0.005512373 0.999160647 33.875888824
0.999080420 -0.005297737 -0.042547062 -0.686287522 0.005494515 0.999974728 0.004509358 0.054803140 0.042522099 -0.004738987 0.999084294 34.601692200
0.999000669 -0.003615612 -0.044548862 -0.718233228 0.003782315 0.999986231 0.003658317 0.060807183 0.044535019 -0.003823159 0.999000490 35.308574677
0.998920739 -0.003209210 -0.046336118 -0.750081480 0.003433558 0.999982774 0.004762950 0.064853147 0.046320036 -0.004916908 0.998914540 36.014839172
0.998889863 -0.001989889 -0.047064722 -0.793576419 0.002304413 0.999975383 0.006629489 0.067506999 0.047050372 -0.006730586 0.998869777 36.709987640
0.998864472 0.000561422 -0.047640651 -0.825212479 -0.000225758 0.999975085 0.007050821 0.071929604 0.047643431 -0.007032058 0.998839617 37.391208649
0.998924673 0.004011897 -0.046188623 -0.866000354 -0.003783282 0.999980152 0.005035955 0.070888780 0.046207912 -0.004855796 0.998920023 38.059047699
0.998995364 0.005773238 -0.044439811 -0.900973976 -0.005677184 0.999981225 0.002287345 0.067460038 0.044452190 -0.002032754 0.999009430 38.704620361
0.999071956 0.006060579 -0.042644527 -0.925982952 -0.006057473 0.999981701 0.000202038 0.075225353 0.042644963 0.000056467 0.999090314 39.352840424
0.999206424 0.006918324 -0.039224904 -0.962006569 -0.006870452 0.999975502 0.001355080 0.073321447 0.039233323 -0.001084512 0.999229491 39.985466003
0.999279320 0.011910146 -0.036040246 -0.992686391 -0.011778905 0.999923229 0.003851631 0.076974265 0.036083352 -0.003424341 0.999342918 40.623695374
0.999345958 0.015912334 -0.032473188 -1.010996222 -0.015688820 0.999851525 0.007126298 0.079122663 0.032581761 -0.006612170 0.999447227 41.257850647
0.999385655 0.020793831 -0.028214838 -1.035407901 -0.020569287 0.999754608 0.008225598 0.081445843 0.028378954 -0.007640184 0.999568105 41.861450195
0.999436080 0.024640111 -0.022808317 -1.055318117 -0.024458520 0.999667168 0.008206794 0.090206712 0.023002934 -0.007644310 0.999706209 42.444770813
0.999453306 0.028547235 -0.016681582 -1.079064012 -0.028377563 0.999544024 0.010321107 0.096464664 0.016968610 -0.009842081 0.999807656 43.021865845
0.999388099 0.033367690 -0.010486480 -1.083042026 -0.033244658 0.999378800 0.011695692 0.092475653 0.010870225 -0.011339918 0.999876559 43.570648193
0.999323606 0.036612727 -0.003418840 -1.088336825 -0.036572415 0.999268234 0.011191057 0.097540468 0.003826072 -0.011058453 0.999931514 44.103485107
0.999188423 0.040112488 0.003635448 -1.087263584 -0.040151596 0.999128401 0.011412311 0.097674668 -0.003174504 -0.011549020 0.999928236 44.613399506
0.998969913 0.044008162 0.011054580 -1.084262133 -0.044126265 0.998968959 0.010676991 0.104128569 -0.010573309 -0.011153790 0.999881864 45.110157013
0.998647153 0.048447710 0.018881235 -1.085078001 -0.048602756 0.998787403 0.007840832 0.108775675 -0.018478472 -0.008747905 0.999791026 45.577552795
0.998370886 0.050287183 0.026959797 -1.075221539 -0.050442725 0.998713791 0.005120198 0.104303613 -0.026667645 -0.006471783 0.999623418 46.029636383
0.998103619 0.050730444 0.034867145 -1.059010267 -0.050926123 0.998691142 0.004746646 0.108995125 -0.034580715 -0.006513293 0.999380708 46.459121704
0.997832537 0.050033525 0.042743295 -1.035926938 -0.050347429 0.998711944 0.006298602 0.107845843 -0.042373098 -0.008436963 0.999066293 46.857467651
0.997374952 0.051739082 0.050658319 -1.013166666 -0.052154262 0.998615265 0.006907670 0.111245781 -0.050230771 -0.009531585 0.998692214 47.244140625
0.996705294 0.054972030 0.059637517 -1.001085997 -0.055497136 0.998432994 0.007183407 0.108925298 -0.059149172 -0.010469451 0.998194277 47.602039337
0.995891213 0.059872184 0.067941993 -0.969667912 -0.060452454 0.998149812 0.006515138 0.111616611 -0.067426212 -0.010595627 0.997668028 47.925998688
0.994979918 0.063713044 0.077174455 -0.951368809 -0.064417601 0.997900724 0.006672064 0.109055400 -0.076587364 -0.011609963 0.996995211 48.232700348
0.994246066 0.063006096 0.086631924 -0.923197269 -0.063881621 0.997930288 0.007368519 0.107340574 -0.085988380 -0.012860310 0.996213019 48.517726898
0.993367434 0.061761331 0.096989006 -0.881138325 -0.062581986 0.998025000 0.005439267 0.107726336 -0.096461520 -0.011472953 0.995270610 48.797271729
0.992237151 0.060186375 0.108824693 -0.845368385 -0.060656417 0.998158157 0.001011217 0.104917288 -0.108563401 -0.007604284 0.994060457 49.050334930
0.990644515 0.061083764 0.122033522 -0.803059101 -0.061145909 0.998123586 -0.003239211 0.108551994 -0.122002415 -0.004252945 0.992520690 49.317108154
0.988520682 0.062576294 0.137517050 -0.763284206 -0.062423307 0.998034954 -0.005429060 0.106660068 -0.137586564 -0.003217532 0.990484536 49.578853607
0.986002505 0.064604387 0.153705359 -0.713571548 -0.064345509 0.997905552 -0.006663600 0.102083653 -0.153813928 -0.003319924 0.988094211 49.829898834
0.983195722 0.065071218 0.170563340 -0.659118652 -0.064685099 0.997875094 -0.007826140 0.100057274 -0.170710146 -0.003338276 0.985315621 50.087165833
0.979898393 0.064132810 0.188907549 -0.603041649 -0.063529439 0.997937024 -0.009253823 0.101750702 -0.189111322 -0.002933383 0.981951296 50.347141266
0.976023614 0.063532114 0.208186597 -0.532444000 -0.062945746 0.997972190 -0.009447135 0.098434031 -0.208364636 -0.003883832 0.978043556 50.587272644
0.971540272 0.063390680 0.228235111 -0.458997726 -0.062636048 0.997980595 -0.010555919 0.093467772 -0.228443354 -0.004040245 0.973548830 50.824131012
0.966251075 0.065741785 0.249071956 -0.379369736 -0.064558759 0.997830212 -0.012924677 0.092664421 -0.249381185 -0.003591288 0.968398750 51.060443878
0.959981561 0.066797614 0.271980405 -0.298222542 -0.065144420 0.997761369 -0.015113683 0.090518415 -0.272381097 -0.003209146 0.962184131 51.314807892
0.952715933 0.068357989 0.296073467 -0.201826096 -0.066599853 0.997650981 -0.016032070 0.077661097 -0.296473920 -0.004444445 0.955030620 51.541065216
0.944184184 0.071108155 0.321651518 -0.103712082 -0.069363892 0.997448385 -0.016895328 0.070583045 -0.322032213 -0.006358700 0.946707308 51.776950836
0.934328139 0.073090971 0.348839045 0.003644943 -0.071314797 0.997292459 -0.017949894 0.061954260 -0.349206507 -0.008106300 0.937010765 52.012573242
0.923123717 0.073808081 0.377352476 0.125272751 -0.071837403 0.997229338 -0.019315543 0.054793954 -0.377732635 -0.009277388 0.925868273 52.250148773
0.910545528 0.071779311 0.407129705 0.269819260 -0.068998076 0.997384548 -0.021530416 0.047293067 -0.407610297 -0.008486744 0.913116515 52.490676880
0.895544350 0.069344968 0.439535856 0.414852142 -0.065343618 0.997568190 -0.024248853 0.039649725 -0.440148532 -0.007004936 0.897897720 52.720161438
0.878198624 0.068749234 0.473329514 0.568811417 -0.062776856 0.997622728 -0.028426819 0.028470755 -0.474158585 -0.004749744 0.880426586 52.941688538
0.858769596 0.070533365 0.507483840 0.735435486 -0.062017187 0.997506201 -0.033693675 0.024044156 -0.508594811 -0.002537618 0.861002266 53.163360596
0.837036550 0.072401047 0.542335510 0.924295425 -0.061501350 0.997374713 -0.038227409 0.014955997 -0.543679416 -0.001356629 0.839291930 53.388870239
0.812376440 0.075095162 0.578277767 1.117860794 -0.062328249 0.997174323 -0.041933089 0.005425334 -0.579792798 -0.001977590 0.814761579 53.615882874
0.784871340 0.079122961 0.614586532 1.329076767 -0.065381698 0.996852398 -0.044839397 -0.006883740 -0.616199851 -0.004989556 0.787573934 53.848396301
0.754901350 0.083712339 0.650473833 1.555316925 -0.069280148 0.996449769 -0.047835074 -0.020189285 -0.652168870 -0.008954161 0.758020937 54.076095581
0.721876681 0.084611207 0.686829627 1.815553665 -0.068750165 0.996355832 -0.050483715 -0.038470507 -0.688598156 -0.010776632 0.725063026 54.312164307
0.685116053 0.082351819 0.723763943 2.093788147 -0.065319702 0.996531606 -0.051556353 -0.056609273 -0.725499392 -0.011953959 0.688118935 54.535949707
0.646034360 0.080655403 0.759035110 2.389223099 -0.062217098 0.996657073 -0.052950632 -0.081055164 -0.760768473 -0.013017030 0.648892820 54.744110107
0.603382170 0.079955071 0.793433905 2.721632004 -0.060154639 0.996689677 -0.054691587 -0.103999615 -0.795180142 -0.014728801 0.606194377 54.963943481
0.557149768 0.080052681 0.826544404 3.080558777 -0.056839287 0.996684492 -0.058217395 -0.121586919 -0.828464448 -0.014544381 0.559852719 55.173591614
0.508373737 0.078661479 0.857536316 3.450315475 -0.053412586 0.996782124 -0.059769839 -0.146912336 -0.859478474 -0.015417821 0.510939240 55.366409302
0.459959447 0.077285275 0.884570241 3.890750885 -0.051815841 0.996843398 -0.060151424 -0.163962245 -0.886426806 -0.018167539 0.462512195 55.559364319
0.410824865 0.074930847 0.908629894 4.326694489 -0.050889410 0.996947825 -0.059205078 -0.185723186 -0.910292983 -0.021916725 0.413384140 55.718269348
0.360180020 0.074831940 0.929876626 4.788675308 -0.054056432 0.996776879 -0.059277434 -0.205713034 -0.931315362 -0.028915269 0.363064289 55.886032104
0.310791463 0.075373538 0.947484851 5.253213882 -0.052367769 0.996694386 -0.062110689 -0.228483319 -0.949034512 -0.030314192 0.313711315 56.014816284
0.263664216 0.071833052 0.961936176 5.723299026 -0.041269895 0.997150302 -0.063150711 -0.263050079 -0.963731289 -0.023048418 0.265877426 56.097248077
0.219446659 0.066021673 0.973388016 6.232928276 -0.027785670 0.997725844 -0.061408263 -0.288378060 -0.975228786 -0.013570397 0.220782042 56.172149658
0.177317291 0.065009013 0.982004225 6.751313210 -0.018707635 0.997858346 -0.062680587 -0.319232106 -0.983975947 -0.007256627 0.178153709 56.230369568
0.138611853 0.066529676 0.988109589 7.295232773 -0.015293288 0.997765779 -0.065034486 -0.341122508 -0.990228713 -0.006096889 0.139319643 56.292819977
0.106164269 0.067364089 0.992064118 7.806923389 -0.006589176 0.997728288 -0.067043588 -0.374401033 -0.994326770 0.000580747 0.106366999 56.309402466
0.077198170 0.065733515 0.994846523 8.368675232 0.000737496 0.997820258 -0.065987222 -0.409798890 -0.997015536 0.005827788 0.076981418 56.330860138
0.052253518 0.063900076 0.996587396 8.939523697 0.007367891 0.997898877 -0.064370483 -0.445361018 -0.998606682 0.010706333 0.051672917 56.341560364
0.032289445 0.062935196 0.997495174 9.515951157 0.012330260 0.997914433 -0.063360788 -0.471289575 -0.999402583 0.014345261 0.031446114 56.343303680
0.016605232 0.065027803 0.997745275 10.096836090 0.015377815 0.997748196 -0.065283932 -0.496949375 -0.999743819 0.016427197 0.015567853 56.336330414
0.003185811 0.065155923 0.997870028 10.691905975 0.016225435 0.997740328 -0.065199271 -0.525046706 -0.999863327 0.016398584 0.002121429 56.332096100
-0.008526070 0.065678298 0.997804344 11.304816246 0.016901452 0.997707665 -0.065527499 -0.566119373 -0.999820828 0.016305652 -0.009616584 56.326393127
-0.017395535 0.068372630 0.997508168 11.928854942 0.021743488 0.997449100 -0.067989394 -0.607896626 -0.999612212 0.020506592 -0.018837824 56.302768707
-0.024051046 0.070414715 0.997227788 12.557082176 0.025828362 0.997227132 -0.069791742 -0.637726367 -0.999377012 0.024078196 -0.025803054 56.278316498
-0.028627548 0.069703914 0.997156918 13.197103500 0.026227191 0.997274697 -0.068959184 -0.671964705 -0.999246001 0.024178490 -0.030377666 56.260353088
-0.032429289 0.067077301 0.997220635 13.847329140 0.024006182 0.997509778 -0.066316091 -0.705916941 -0.999185681 0.021788877 -0.033958804 56.243167877
-0.035260081 0.060046561 0.997572541 14.545238495 0.021723345 0.998003542 -0.059304669 -0.747171819 -0.999141991 0.019579526 -0.036494095 56.240924835
-0.035993397 0.054696124 0.997854114 15.239089966 0.023140665 0.998278975 -0.053884704 -0.779410481 -0.999084055 0.021151513 -0.037197158 56.196056366
-0.036360957 0.052088201 0.997980237 15.931505203 0.025822639 0.998356104 -0.051166985 -0.812952101 -0.999005020 0.023910005 -0.037646234 56.167804718
-0.036152009 0.054124650 0.997879624 16.617967606 0.029071031 0.998166680 -0.053087011 -0.855179191 -0.998923361 0.027090179 -0.037659194 56.137123108
-0.035032984 0.061504416 0.997491837 17.330774307 0.030004786 0.997719228 -0.060464647 -0.884231448 -0.998935640 0.027811270 -0.036798514 56.111072540
-0.033040620 0.069399238 0.997041702 18.032752991 0.030969609 0.997178316 -0.068382472 -0.921383262 -0.998974085 0.028618589 -0.035096660 56.099082947
-0.031195711 0.070617124 0.997015595 18.775688171 0.031219341 0.997083187 -0.069645092 -0.954021573 -0.999025643 0.028953541 -0.033309340 56.065158844
-0.029180400 0.066446826 0.997363269 19.502986908 0.030439628 0.997384310 -0.065557644 -0.993685365 -0.999110639 0.028446369 -0.031126697 56.052303314
-0.026838392 0.059957426 0.997840106 20.246353149 0.029714011 0.997806370 -0.059156206 -1.038487077 -0.999198079 0.028062172 -0.028561100 56.035259247
-0.023209747 0.058058500 0.998043358 20.991109848 0.028389724 0.997947931 -0.057392731 -1.084714532 -0.999327540 0.027002100 -0.024810385 56.016090393
-0.020223245 0.063406527 0.997782886 21.739995956 0.035813630 0.997392416 -0.062655836 -1.130085707 -0.999153793 0.034467123 -0.022441328 55.994731903
-0.017019756 0.068808623 0.997484744 22.473409653 0.037610829 0.996967256 -0.068131186 -1.172719836 -0.999147534 0.036356647 -0.019556087 55.981174469
-0.014803816 0.069244668 0.997489810 23.210670471 0.031470735 0.997137189 -0.068753138 -1.215589166 -0.999394953 0.030373933 -0.016940616 55.986774445
-0.011569352 0.065861054 0.997761786 23.971885681 0.027223112 0.997479439 -0.065526761 -1.258461237 -0.999562383 0.026404073 -0.013333133 55.991508484
-0.006495792 0.062522940 0.998022377 24.711914062 0.031110078 0.997572958 -0.062292304 -1.303314328 -0.999494791 0.030643918 -0.008425120 55.969562531
-0.002782826 0.063618638 0.997970402 25.455863953 0.035651412 0.997346103 -0.063479438 -1.349596024 -0.999360323 0.035402402 -0.005043535 55.959915161
-0.000382266 0.068084247 0.997679472 26.186531067 0.035262123 0.997060061 -0.068028472 -1.395411015 -0.999378026 0.035154298 -0.002781938 55.969509125
0.003853147 0.068747163 0.997626543 26.933858871 0.031825054 0.997120261 -0.068835191 -1.440450549 -0.999486089 0.032014754 0.001654170 55.976165771
0.007287728 0.068578839 0.997619092 27.701051712 0.031124365 0.997146666 -0.068773732 -1.482085466 -0.999488950 0.031551465 0.005132460 55.983379364
0.010970141 0.065364666 0.997801125 28.443702698 0.034848109 0.997230053 -0.065710388 -1.531702042 -0.999332368 0.035492331 0.008661916 55.989440918
0.014703831 0.065639682 0.997735083 29.187875748 0.039396998 0.997030020 -0.066173911 -1.583985567 -0.999115467 0.040280778 0.012074152 55.995502472
0.018270474 0.066731170 0.997603774 29.941295624 0.042038832 0.996836603 -0.067449793 -1.629296780 -0.998948872 0.043170433 0.015407375 56.009155273
0.020907434 0.066623092 0.997559130 30.704730988 0.042764157 0.996804476 -0.067468964 -1.678706884 -0.998866439 0.044070378 0.017991543 56.018260956
0.024474854 0.065056331 0.997581363 31.456989288 0.044350643 0.996827185 -0.066095240 -1.726592541 -0.998716176 0.045861054 0.021511912 56.039623260
0.028272923 0.064128846 0.997541070 32.210090637 0.046336424 0.996783197 -0.065393396 -1.770626307 -0.998525739 0.048071343 0.025210477 56.055572510
0.030936969 0.064326495 0.997449219 32.960460663 0.045086879 0.996821284 -0.065684408 -1.817206383 -0.998503923 0.047003955 0.027938351 56.083656311
0.033604082 0.066218317 0.997239113 33.728225708 0.041704021 0.996840715 -0.067597158 -1.863953352 -0.998564839 0.043860424 0.030736350 56.125362396
0.036304101 0.066165112 0.997147977 34.487258911 0.043450970 0.996757686 -0.067721166 -1.912299633 -0.998395741 0.045785598 0.033311449 56.152435303
0.039298415 0.066422664 0.997017324 35.247097015 0.041302912 0.996827424 -0.068038017 -1.950755358 -0.998373568 0.043853510 0.036430284 56.185783386
0.041386031 0.066346489 0.996937990 36.008056641 0.039583113 0.996900618 -0.067987226 -2.003774405 -0.998358905 0.042275634 0.038631555 56.223690033
0.044265378 0.066190109 0.996824682 36.771614075 0.036911447 0.997013152 -0.067841724 -2.055812836 -0.998337626 0.039797280 0.041689992 56.266914368
0.047330093 0.069148406 0.996482968 37.525447845 0.035422098 0.996857405 -0.070856817 -2.091528893 -0.998251081 0.038651176 0.044731975 56.303119659
0.050762828 0.072088696 0.996105611 38.311149597 0.033994913 0.996688902 -0.073863320 -2.151176691 -0.998131931 0.037612043 0.048144080 56.347595215
0.054441039 0.074432410 0.995739043 39.083419800 0.034280911 0.996490598 -0.076362878 -2.200944901 -0.997928381 0.038292114 0.051698364 56.389846802
0.057422981 0.076502047 0.995414555 39.850139618 0.028571980 0.996525347 -0.078235678 -2.252943277 -0.997940898 0.032933492 0.055037640 56.442558289
0.059568930 0.075944290 0.995331049 40.625839233 0.024432611 0.996692121 -0.077510387 -2.306605339 -0.997925222 0.028935743 0.057516359 56.506263733
0.063450985 0.075810894 0.995101333 41.386959076 0.027588986 0.996596277 -0.077683948 -2.362888813 -0.997603536 0.032382961 0.061143469 56.557331085
0.066940941 0.077319793 0.994756520 42.170253754 0.025567742 0.996532440 -0.079178393 -2.424150467 -0.997429311 0.030733954 0.064731933 56.613708496
0.070662133 0.078547232 0.994402945 42.952816010 0.022048838 0.996528268 -0.080281906 -2.475320816 -0.997256637 0.027598323 0.068684958 56.682003021
0.074792348 0.076659285 0.994248152 43.746490479 0.021146243 0.996694565 -0.078438647 -2.528924942 -0.996974945 0.026891226 0.072924092 56.746593475
0.078621298 0.076127410 0.993993521 44.546360016 0.020596618 0.996743202 -0.077967115 -2.601553440 -0.996691763 0.026602782 0.076797254 56.834098816
0.084413230 0.079957753 0.993217587 45.330486298 0.017213576 0.996509492 -0.081685722 -2.653607845 -0.996282160 0.023992183 0.082742222 56.891456604
0.090149574 0.088480726 0.991989970 46.116950989 0.015143120 0.995808840 -0.090197496 -2.715769768 -0.995813072 0.023153093 0.088431850 56.974624634
0.097500630 0.093158789 0.990865827 46.917072296 0.014006407 0.995382369 -0.094961643 -2.780308247 -0.995136917 0.023137290 0.095745593 57.061882019
0.104805216 0.096682534 0.989782035 47.719470978 0.008983333 0.995130479 -0.098156206 -2.842860460 -0.994452178 0.019178823 0.103426337 57.157096863
0.112245701 0.094294257 0.989196360 48.511478424 0.006347811 0.995398939 -0.095605813 -2.915328026 -0.993660152 0.017010573 0.111130692 57.247642517
0.119453162 0.092815004 0.988491893 49.319007874 0.006239166 0.995530963 -0.094229884 -2.984278202 -0.992820203 0.017423423 0.118340254 57.357200623
0.127102792 0.089564949 0.987837553 50.146469116 0.005733668 0.995831847 -0.091027491 -3.051759481 -0.991872966 0.017233785 0.126059487 57.468605042
0.134523779 0.083776340 0.987362564 50.953998566 0.003580831 0.996372044 -0.085028648 -3.123738766 -0.990903854 0.014973953 0.133735776 57.584304810
0.141940549 0.076832831 0.986888826 51.760768890 0.001002590 0.996971488 -0.077761985 -3.180816650 -0.989874661 0.012027026 0.141433656 57.699714661
0.148926288 0.073907897 0.986082435 52.567207336 0.000007794 0.997202873 -0.074742556 -3.257120132 -0.988848209 0.011138817 0.148509160 57.834953308
0.156085864 0.075479768 0.984855354 53.369235992 -0.000147450 0.997077763 -0.076393120 -3.320447206 -0.987743497 0.011778670 0.155640870 57.971206665
0.161615416 0.082245395 0.983420670 54.152240753 0.000369016 0.996516049 -0.083401226 -3.377438307 -0.986853659 0.013841821 0.161021993 58.104518890
0.167431340 0.086305678 0.982098877 54.930213928 -0.001174867 0.996177673 -0.087342627 -3.431298256 -0.985883117 0.013470056 0.166892752 58.232719421
0.172362074 0.088823520 0.981020749 55.692901611 -0.001976711 0.995955288 -0.089828417 -3.500126600 -0.985031605 0.013543818 0.171840534 58.376331329
0.177009270 0.088294566 0.980240643 56.482097626 -0.005364287 0.996039510 -0.088748969 -3.576146126 -0.984194517 0.010451101 0.176781923 58.536514282
0.182344764 0.085101098 0.979544818 57.251029968 -0.001385724 0.996268570 -0.086296067 -3.643773556 -0.983233750 0.014378258 0.181782290 58.678466797
0.186706930 0.078991219 0.979234934 58.010520935 -0.000686512 0.996772528 -0.080275044 -3.697437763 -0.982415438 0.014315649 0.186158612 58.828765869
0.190341160 0.072905682 0.979007065 58.761909485 -0.002105760 0.997266769 -0.073856041 -3.753283978 -0.981715798 0.011996291 0.189974412 58.977851868
0.193429261 0.069296539 0.978663862 59.500843048 -0.006042399 0.997567713 -0.069440812 -3.816411972 -0.981095672 0.007518407 0.193377525 59.134571075
0.196591035 0.069140196 0.978044689 60.233135223 -0.007649851 0.997588515 -0.068984143 -3.870769501 -0.980455697 0.006079763 0.196645871 59.289745331
0.198681727 0.071463197 0.977455139 60.947685242 -0.009240536 0.997430265 -0.071045317 -3.918338776 -0.980020523 0.005083201 0.198831528 59.444759369
0.200126633 0.075711891 0.976840377 61.647407532 -0.013327064 0.997127950 -0.074553981 -3.971485138 -0.979679406 0.001901825 0.200560883 59.598293304
0.202100456 0.079821132 0.976106524 62.335388184 -0.014391311 0.996807516 -0.078534260 -4.023917198 -0.979259074 0.001824356 0.202603966 59.751235962
0.203771785 0.085052066 0.975317001 63.014743805 -0.014422014 0.996371865 -0.083874971 -4.077220917 -0.978912175 0.003025315 0.204259112 59.907100677
0.205359221 0.087114356 0.974801838 63.692947388 -0.014398904 0.996191680 -0.085992493 -4.134189606 -0.978580713 0.003623276 0.205831513 60.054195404
0.206568643 0.087068819 0.974550307 64.353279114 -0.016530992 0.996201038 -0.085499175 -4.187560558 -0.978292525 0.001551165 0.207223237 60.202030182
0.207807988 0.083905578 0.974564314 65.042800903 -0.016222723 0.996472836 -0.082332574 -4.248843193 -0.978035033 0.001299283 0.208436191 60.347698212
0.208496764 0.081392094 0.974630415 65.697265625 -0.016266674 0.996681809 -0.079753786 -4.302905560 -0.977887809 0.000774412 0.209128901 60.488677979
0.208407104 0.080351576 0.974735916 66.350158691 -0.015187037 0.996765137 -0.078920409 -4.352373123 -0.977924228 0.001644227 0.208953246 60.633106232
0.206636846 0.079561926 0.975177467 66.976387024 -0.015451011 0.996829331 -0.078054413 -4.402863026 -0.978295565 0.001061442 0.207211003 60.770885468
0.205591977 0.079906851 0.975370049 67.604248047 -0.016085414 0.996802270 -0.078272119 -4.457549095 -0.978505611 0.000402890 0.206219852 60.900421143
0.202666327 0.083105057 0.975715101 68.215148926 -0.017305633 0.996540666 -0.081284292 -4.507333279 -0.979094923 -0.000411774 0.203403398 61.043319702
0.200474232 0.086872533 0.975839794 68.816581726 -0.015321574 0.996217012 -0.085538954 -4.557635307 -0.979579091 0.002196957 0.201046869 61.167057037
0.198593065 0.087811746 0.976140320 69.417358398 -0.013408283 0.996128380 -0.086881958 -4.605292320 -0.979990304 0.004165791 0.199001580 61.291294098
0.196502224 0.086764105 0.976656973 70.006164551 -0.013904251 0.996223509 -0.085704841 -4.649237633 -0.980404794 0.003261507 0.196966499 61.409305573
0.194143176 0.083643295 0.977400780 70.588348389 -0.014300548 0.996493697 -0.082436673 -4.701592445 -0.980868936 0.002027153 0.194658592 61.528507233
0.192075834 0.079707406 0.978137851 71.166206360 -0.013697379 0.996816874 -0.078539811 -4.751444817 -0.981284499 0.001687672 0.192556202 61.644577026
0.190430418 0.078968123 0.978519440 71.721923828 -0.010277452 0.996865273 -0.078448556 -4.798157692 -0.981646895 0.004882306 0.190645054 61.743511200
0.188544154 0.080423988 0.978766203 72.285484314 -0.006995738 0.996725857 -0.080552101 -4.842831135 -0.982039809 0.008340435 0.188489497 61.852375031
0.186025172 0.082522072 0.979073405 72.833755493 -0.002669674 0.996505558 -0.083484106 -4.882109642 -0.982541442 0.012916340 0.185595438 61.954963684
0.184541509 0.084297523 0.979202986 73.374900818 -0.003258042 0.996361971 -0.085160695 -4.924361229 -0.982819378 0.012525398 0.184144795 62.051456451
0.182957798 0.086994380 0.979264140 73.911682129 -0.004024939 0.996135235 -0.087741137 -4.969027519 -0.983112574 0.012111446 0.182600841 62.153785706
0.182116583 0.085090525 0.979588270 74.472854614 -0.001746312 0.996275008 -0.086215347 -5.019484997 -0.983275414 0.013990576 0.181586787 62.256332397
0.183128685 0.083610125 0.979527056 75.012825012 0.004064931 0.996303916 -0.085802123 -5.058863640 -0.983080566 0.019694537 0.182111949 62.337703705
0.185296580 0.081664629 0.979283452 75.567924500 0.009226814 0.996352375 -0.084833905 -5.099306107 -0.982639313 0.024755098 0.183867171 62.436744690
0.187357113 0.080946647 0.978950977 76.114738464 0.012276324 0.996328056 -0.084733024 -5.141424179 -0.982215047 0.027893256 0.185675427 62.534221649
0.190801784 0.081030257 0.978278458 76.666130066 0.009296790 0.996393383 -0.084343940 -5.183712959 -0.981584609 0.025187824 0.189360335 62.644256592
0.195889086 0.081473731 0.977235615 77.234291077 0.008268030 0.996369898 -0.084726341 -5.233022690 -0.980591238 0.024676781 0.194504380 62.781726837
0.202511460 0.080440320 0.975970566 77.798522949 0.009539657 0.996411324 -0.084104545 -5.276330948 -0.979233444 0.026342554 0.201017335 62.902061462
0.210069388 0.081216820 0.974307299 78.343055725 0.007057002 0.996391773 -0.084579296 -5.307685375 -0.977661014 0.024643211 0.208738297 63.018409729
0.218378350 0.079173833 0.972647190 78.915397644 0.007612204 0.996534824 -0.082827389 -5.350712776 -0.975834608 0.025491698 0.217018977 63.156551361
0.227200314 0.078599200 0.970671058 79.490837097 0.004187545 0.996649504 -0.081682935 -5.399575233 -0.973839045 0.022623116 0.226109967 63.303646088
0.236511752 0.078610443 0.968443453 80.073760986 0.002779258 0.996662855 -0.081579827 -5.443868637 -0.971624613 0.021986142 0.235504031 63.458862305
0.246317580 0.082368396 0.965682745 80.666275024 -0.002787075 0.996438146 -0.084280789 -5.493433952 -0.969185233 0.018068409 0.245669797 63.629898071
0.255670518 0.084820285 0.963035941 81.271697998 -0.006279972 0.996268451 -0.086080037 -5.533038616 -0.966743588 0.015960285 0.255249113 63.807193756
0.266737580 0.087094940 0.959825635 81.852745056 -0.009804833 0.996101975 -0.087661892 -5.582472324 -0.963719249 0.013971791 0.266551793 63.967235565
0.276849329 0.088715725 0.956809223 82.465492249 -0.011252296 0.995959997 -0.089089997 -5.635721207 -0.960847378 0.013898202 0.276729077 64.157363892
0.286735296 0.090018488 0.953771174 83.093215942 -0.014121538 0.995864570 -0.089745939 -5.678785324 -0.957905829 0.012264608 0.286820710 64.358901978
0.297022551 0.090222858 0.950598478 83.721549988 -0.015646506 0.995852292 -0.089629076 -5.737690926 -0.954742253 0.011748315 0.297202229 64.563987732
0.307106376 0.091182813 0.947296858 84.351203918 -0.019556226 0.995793819 -0.089510962 -5.779136181 -0.951474249 0.008963828 0.307597756 64.785140991
0.317376941 0.086532079 0.944343209 85.008949280 -0.018915730 0.996207535 -0.084927283 -5.826085091 -0.948110819 0.009091024 0.317810118 65.016250610
0.328367770 0.079122782 0.941230178 85.671371460 -0.015339974 0.996800542 -0.078442559 -5.882043839 -0.944425404 0.011319557 0.328530908 65.242935181
0.339179188 0.075210333 0.937710583 86.334938049 -0.014123378 0.997093797 -0.074864678 -5.929463863 -0.940615773 0.012148901 0.339255691 65.497817993
0.349530458 0.072055794 0.934150100 87.016662598 -0.015188229 0.997343063 -0.071247220 -5.979088783 -0.936801910 0.010714987 0.349696159 65.761505127
0.358864874 0.069581360 0.930792332 87.702629089 -0.008667267 0.997422874 -0.071220674 -6.018719196 -0.933349311 0.017491180 0.358543098 66.027900696
0.367566705 0.064149253 0.927782178 88.404373169 -0.002099185 0.997672856 -0.068150029 -6.059498787 -0.929994702 0.023102095 0.366846055 66.300872803
0.374641687 0.054831546 0.925546944 89.123847961 0.007479550 0.998038530 -0.062153686 -6.101189137 -0.927139521 0.030208033 0.373496741 66.580421448
0.381722540 0.050173324 0.922914088 89.830673218 0.012921137 0.998138309 -0.059607077 -6.146905422 -0.924186647 0.034678459 0.380363613 66.870658875
0.389021993 0.050049171 0.919867933 90.537277222 0.014697891 0.998058856 -0.060519371 -6.197446823 -0.921111286 0.037063472 0.387531221 67.171531677
0.396486431 0.056415025 0.916305542 91.251838684 0.017190728 0.997478843 -0.068851158 -6.236706734 -0.917879641 0.043050501 0.394517004 67.479637146
0.403672278 0.061005779 0.912867367 91.955841064 0.021044401 0.996891320 -0.075926870 -6.276704788 -0.914661646 0.049860325 0.401133567 67.786514282
0.408880979 0.063099474 0.910403669 92.664741516 0.019029893 0.996800303 -0.077634290 -6.329783440 -0.912389278 0.049068075 0.406371891 68.115402222
0.413323730 0.064331293 0.908308804 93.369583130 0.011938741 0.997032702 -0.076047882 -6.394002914 -0.910505891 0.042276461 0.411329210 68.450912476
0.417467713 0.068117544 0.906135082 94.056716919 0.005241122 0.996989310 -0.077362053 -6.450304508 -0.908676624 0.037045322 0.415853828 68.782440186
0.421472281 0.071029648 0.904055178 94.735267639 0.004492548 0.996752083 -0.080407061 -6.511469841 -0.906830192 0.037950855 0.419784278 69.109069824
0.425461292 0.075221293 0.901844919 95.413017273 0.001402722 0.996483505 -0.083776690 -6.568241119 -0.904975533 0.036908783 0.423859775 69.432388306
0.428851008 0.078231387 0.899981439 96.073875427 -0.001604944 0.996307611 -0.085839815 -6.625715733 -0.903373837 0.035368077 0.427393109 69.757873535
0.432697892 0.076590516 0.898279607 96.727371216 -0.002650466 0.996488512 -0.083687432 -6.684915543 -0.901535094 0.033830520 0.431381553 70.083633423
0.437021643 0.073716521 0.896425068 97.385894775 -0.002013898 0.996713459 -0.080981821 -6.745872498 -0.899448693 0.033585504 0.435733914 70.404861450
0.440452427 0.070703201 0.894987583 98.022354126 -0.001658204 0.996956468 -0.077942595 -6.797912598 -0.897774458 0.032845937 0.439229071 70.715751648
0.443952829 0.069887675 0.893320560 98.654304504 -0.002722082 0.997054338 -0.076650351 -6.853322983 -0.896046102 0.031597450 0.442835301 71.041450500
0.447207868 0.071811140 0.891542733 99.266021729 -0.004925136 0.996954441 -0.077831239 -6.902791500 -0.894416511 0.030415777 0.446199536 71.357101440
0.449783891 0.072375730 0.890200198 99.879196167 -0.004326251 0.996876061 -0.078862898 -6.961050034 -0.893127024 0.031620029 0.448691815 71.673583984
0.452083290 0.070601292 0.889177203 100.475120544 -0.002449092 0.996957004 -0.077913895 -7.011959553 -0.891972363 0.033045899 0.450880587 71.976890564
0.453895152 0.069379807 0.888350070 101.074485779 -0.000694577 0.996991456 -0.077509776 -7.069689751 -0.891054809 0.034564286 0.452577800 72.275619507
0.455823720 0.069136038 0.887381077 101.657943726 -0.001488332 0.997036517 -0.076914810 -7.116099834 -0.890068889 0.033738874 0.454575777 72.580169678
0.457701683 0.068077773 0.886495650 102.231437683 0.000119736 0.997059584 -0.076630265 -7.169392586 -0.889105797 0.035179954 0.456347704 72.880561829
0.460465908 0.069885001 0.884922147 102.794685364 -0.000697704 0.996924341 -0.078367107 -7.220332146 -0.887677133 0.035467971 0.459098428 73.174209595
0.463219792 0.069859415 0.883485734 103.346679688 0.001937338 0.996806085 -0.079835705 -7.272379875 -0.886241317 0.038693085 0.461605042 73.457946777
0.466217816 0.069560744 0.881930947 103.897148132 0.003651309 0.996744156 -0.080546632 -7.315688610 -0.884662449 0.040772472 0.464445919 73.758056641
0.469416738 0.067721121 0.880375862 104.434249878 0.006794505 0.996747851 -0.080295630 -7.364665508 -0.882950604 0.043673832 0.467430025 74.045455933
0.472805560 0.066849731 0.878627300 104.963729858 0.008474251 0.996727049 -0.080395408 -7.406157970 -0.881126106 0.045457102 0.470691532 74.327583313
0.475966543 0.066086471 0.876976907 105.480033875 0.010007655 0.996701121 -0.080540054 -7.449373245 -0.879406571 0.047110852 0.473735064 74.608772278
0.479368716 0.065479569 0.875167429 105.993530273 0.009754076 0.996753514 -0.079919323 -7.504339695 -0.877559423 0.046847280 0.477173805 74.893646240
0.482848912 0.064851873 0.873299003 106.499633789 0.011077203 0.996721923 -0.080141969 -7.556030273 -0.875633538 0.048370183 0.480547726 75.170211792
0.486751467 0.066200152 0.871028423 107.002624512 0.010863848 0.996588469 -0.081813969 -7.597663879 -0.873472869 0.049285796 0.484371662 75.456314087
0.490827322 0.066296175 0.868730903 107.498023987 0.012813543 0.996443629 -0.083281994 -7.644472599 -0.871162713 0.052008595 0.488232225 75.741752625
0.495667845 0.069309697 0.865742207 107.990203857 0.010977451 0.996231079 -0.086041361 -7.693681240 -0.868442833 0.052151579 0.493038833 76.029594421
0.501275301 0.075272597 0.862007618 108.471389771 0.007468328 0.995795488 -0.091298282 -7.739778519 -0.865255594 0.052203331 0.498605549 76.309013367
0.506946862 0.082336701 0.858035982 108.944732666 0.002045268 0.995309711 -0.096717827 -7.790611267 -0.861974835 0.050785705 0.504400611 76.606307983
0.513245881 0.088717684 0.853643954 109.426628113 -0.003009835 0.994822681 -0.101580530 -7.837402821 -0.858236313 0.049566459 0.510855675 76.907592773
0.519213676 0.093231872 0.849543989 109.906570435 -0.006912289 0.994457603 -0.104910627 -7.893602371 -0.854616463 0.048598740 0.516980469 77.224449158
0.524856985 0.093370698 0.846053779 110.387939453 -0.011200708 0.994636834 -0.102819920 -7.949180126 -0.851116657 0.044489346 0.523087978 77.534759521
0.530220151 0.092652455 0.842782378 110.892295837 -0.017806264 0.995008826 -0.098185226 -7.999760628 -0.847672999 0.037052974 0.529223502 77.867973328
0.536038995 0.090170771 0.839363813 111.390655518 -0.023770077 0.995497048 -0.091763638 -8.050939560 -0.843858540 0.029237136 0.535768628 78.206573486
0.541605353 0.088621154 0.835948467 111.892082214 -0.030313827 0.995839715 -0.085931532 -8.103574753 -0.840086162 0.021200178 0.542038500 78.556655884
0.547860742 0.086415797 0.832094371 112.406829834 -0.032752309 0.996103585 -0.081884213 -8.156019211 -0.835928142 0.017608128 0.548556328 78.908271790
0.554272473 0.090068839 0.827447534 112.920578003 -0.038435020 0.995837033 -0.082652241 -8.206466675 -0.831447423 0.014008910 0.555426955 79.259887695
0.560294151 0.094093725 0.822931767 113.438728333 -0.042314522 0.995481014 -0.085013032 -8.252234459 -0.827212274 0.012810329 0.561743677 79.634239197
0.566496313 0.097569145 0.818267703 113.969238281 -0.044899896 0.995145500 -0.087575093 -8.296312332 -0.822840095 0.012870844 0.568127334 80.021728516
0.572679579 0.099677444 0.813696802 114.494766235 -0.047557153 0.994948268 -0.088409960 -8.347943306 -0.818398714 0.011933470 0.574526906 80.397300720
