1.000000000 0.000000000 0.000000000 0.000000000 0.000000000 1.000000000 0.000000000 0.000000000 0.000000000 0.000000000 1.000000000 0.000000000
1.000000000 -0.000029069 0.000122791 -0.014832122 0.000028894 0.999998987 0.001424759 -0.012532305 -0.000122832 -0.001424756 0.999998987 1.315505505
0.999998510 -0.001590061 -0.000649649 -0.011525527 0.001591164 0.999997199 0.001701373 -0.037184782 0.000646942 -0.001702404 0.999998331 2.617332935
0.999996364 -0.002653936 -0.000527405 -0.019506032 0.002654290 0.999996185 0.000670430 -0.052705176 0.000525624 -0.000671827 0.999999642 3.932602167
0.999995887 -0.002869321 -0.000328613 -0.031273883 0.002869548 0.999995649 0.000691751 -0.069557302 0.000326626 -0.000692692 0.999999702 5.257683277
0.999992490 -0.003816721 -0.000540816 -0.027638923 0.003817771 0.999990821 0.001953680 -0.102475718 0.000533355 -0.001955730 0.999997973 6.578028202
0.999986053 -0.005284510 -0.000236820 -0.035683796 0.005285159 0.999981999 0.002830796 -0.114135861 0.000221856 -0.002832008 0.999995947 7.907143593
0.999990046 -0.004411102 -0.000546152 -0.038438912 0.004412926 0.999984562 0.003385242 -0.131830111 0.000531211 -0.003387618 0.999994099 9.244351387
0.999994755 -0.003174867 -0.000657747 -0.050506871 0.003175780 0.999994040 0.001391076 -0.146879047 0.000653327 -0.001393157 0.999998748 10.589808464
0.999998927 -0.001069882 -0.000980001 -0.054518901 0.001069594 0.999999404 -0.000294587 -0.176297471 0.000980316 0.000293539 0.999999464 11.926929474
0.999996424 0.002602597 -0.000559283 -0.072804406 -0.002603234 0.999995947 -0.001139003 -0.199698225 0.000556316 0.001140455 0.999999225 13.264442444
0.999988735 0.004705728 -0.000558299 -0.089349352 -0.004706362 0.999988258 -0.001141821 -0.223765969 0.000552920 0.001144436 0.999999166 14.601991653
0.999982119 0.005941178 -0.000709027 -0.091269970 -0.005941499 0.999982238 -0.000449889 -0.242502972 0.000706342 0.000454094 0.999999642 15.960496902
0.999993980 0.003472893 0.000151569 -0.106918067 -0.003473242 0.999991179 0.002357025 -0.262928605 -0.000143382 -0.002357537 0.999997139 17.309690475
0.999999762 -0.000626431 0.000206408 -0.109124810 0.000625539 0.999990642 0.004288366 -0.282416224 -0.000209092 -0.004288236 0.999990702 18.662982941
0.999995828 -0.002901634 0.000065381 -0.117795408 0.002901510 0.999994099 0.001813463 -0.297105759 -0.000070642 -0.001813266 0.999998331 20.005189896
0.999987960 -0.004883857 -0.000307528 -0.111881070 0.004884013 0.999987960 0.000510794 -0.339736611 0.000305029 -0.000512290 0.999999762 21.377695084
0.999997497 -0.001997761 0.000964601 -0.136358768 0.001998816 0.999997437 -0.001094165 -0.356401771 -0.000962412 0.001096091 0.999998868 22.722963333
0.999999046 0.000671153 0.001207301 -0.132592127 -0.000672148 0.999999464 0.000823971 -0.373659194 -0.001206747 -0.000824781 0.999998927 24.102539062
0.999997556 0.001443441 0.001692585 -0.142055601 -0.001451192 0.999988437 0.004586836 -0.394398123 -0.001685944 -0.004589282 0.999988079 25.467409134
0.999997735 -0.001133573 0.001826572 -0.133813396 0.001121607 0.999978006 0.006538473 -0.406065643 -0.001833943 -0.006536409 0.999976933 26.855091095
0.999983072 -0.005542588 0.001761178 -0.130199879 0.005534939 0.999975383 0.004318732 -0.420231819 -0.001785072 -0.004308912 0.999989152 28.231954575
0.999983847 -0.005361950 0.001860095 -0.132819742 0.005358033 0.999983430 0.002104191 -0.433537662 -0.001871347 -0.002094191 0.999996126 29.607015610
0.999976337 -0.006332626 0.002680807 -0.145521820 0.006333522 0.999979913 -0.000325471 -0.459239572 -0.002678692 0.000342442 0.999996364 30.967096329
0.999990582 -0.002753680 0.003348515 -0.156869933 0.002756985 0.999995708 -0.000982900 -0.482033938 -0.003345794 0.000992123 0.999993920 32.347961426
0.999991179 -0.001688752 0.003842520 -0.163877442 0.001701329 0.999993205 -0.003272211 -0.508148849 -0.003836968 0.003278720 0.999987245 33.706703186
0.999991894 -0.001208669 0.003838083 -0.163792849 0.001218517 0.999995947 -0.002564698 -0.530963242 -0.003834967 0.002569353 0.999989331 35.096088409
0.999992073 -0.001095597 0.003829085 -0.174089879 0.001100810 0.999998450 -0.001359802 -0.556910336 -0.003827589 0.001364007 0.999991715 36.477989197
0.999994278 0.000361986 0.003362591 -0.174147978 -0.000363326 0.999999821 0.000398164 -0.581822753 -0.003362446 -0.000399384 0.999994278 37.883289337
0.999988317 0.003038905 0.003777846 -0.195471078 -0.003041710 0.999995172 0.000736888 -0.604722917 -0.003775588 -0.000748371 0.999992609 39.271347046
0.999977648 0.005451241 0.003864912 -0.191883981 -0.005451459 0.999985158 0.000045940 -0.622259438 -0.003864603 -0.000067008 0.999992490 40.678394318
0.999963164 0.007654278 0.003874571 -0.203754127 -0.007657908 0.999970257 0.000922720 -0.648523629 -0.003867392 -0.000952357 0.999992073 42.060199738
0.999960363 0.008248831 0.003350528 -0.203966841 -0.008250544 0.999965966 0.000497879 -0.662324190 -0.003346306 -0.000525503 0.999994278 43.500495911
0.999966383 0.007550775 0.003213083 -0.213195935 -0.007550955 0.999971569 0.000044471 -0.679161727 -0.003212655 -0.000068731 0.999994874 44.905578613
0.999977171 0.006378150 0.002221599 -0.212817058 -0.006378250 0.999979615 0.000037772 -0.707141757 -0.002221313 -0.000051941 0.999997556 46.310825348
0.999981403 0.005941719 0.001384457 -0.218387589 -0.005942036 0.999982357 0.000225095 -0.729851902 -0.001383095 -0.000233317 0.999999046 47.717399597
0.999982119 0.005975377 0.000160040 -0.220773250 -0.005975643 0.999980688 0.001715355 -0.754408360 -0.000149787 -0.001716281 0.999998450 49.143653870
0.999979138 0.006397442 -0.000935690 -0.235235617 -0.006396139 0.999978721 0.001389755 -0.772580206 0.000944561 -0.001383741 0.999998569 50.548076630
0.999977469 0.006390070 -0.002035975 -0.248436153 -0.006385844 0.999977469 0.002075137 -0.798357189 0.002049190 -0.002062089 0.999995768 51.952693939
0.999972761 0.006582659 -0.003344630 -0.257453084 -0.006573868 0.999974906 0.002632381 -0.815457582 0.003361875 -0.002610322 0.999990880 53.377758026
0.999978662 0.005197552 -0.003956675 -0.268430799 -0.005184028 0.999980688 0.003420498 -0.831433356 0.003974377 -0.003399914 0.999986291 54.817626953
0.999985337 0.003075915 -0.004475031 -0.278232992 -0.003059986 0.999988914 0.003562184 -0.853456259 0.004485939 -0.003548438 0.999983668 56.271644592
0.999989212 0.000733655 -0.004593027 -0.310731351 -0.000719145 0.999994755 0.003160107 -0.869842470 0.004595322 -0.003156770 0.999984384 57.652011871
0.999987543 -0.000541799 -0.004969220 -0.321628362 0.000560226 0.999992967 0.003707535 -0.891279221 0.004967176 -0.003710272 0.999980688 59.075695038
0.999990821 -0.001489103 -0.004023762 -0.340288162 0.001505139 0.999990940 0.003985243 -0.907715440 0.004017792 -0.003991263 0.999983907 60.492389679
0.999989927 -0.002647409 -0.003651312 -0.346962482 0.002665510 0.999984145 0.004961543 -0.926470280 0.003638118 -0.004971225 0.999980986 61.925746918
0.999989212 -0.003695363 -0.002816053 -0.373235047 0.003708569 0.999981999 0.004698851 -0.958529592 0.002798638 -0.004709244 0.999984920 63.323375702
0.999985278 -0.005000677 -0.002112968 -0.386386603 0.005008082 0.999981284 0.003514026 -0.971567929 0.002095356 -0.003524556 0.999991536 64.736495972
0.999987125 -0.004792563 -0.001630706 -0.392830104 0.004798160 0.999982536 0.003446041 -1.000590801 0.001614162 -0.003453821 0.999992728 66.139617920
0.999992847 -0.003671171 -0.000872766 -0.402770191 0.003674058 0.999987721 0.003329559 -1.017636061 0.000860531 -0.003332741 0.999994099 67.564666748
0.999999762 -0.000534733 -0.000465096 -0.412727743 0.000536787 0.999990046 0.004428629 -1.035073519 0.000462724 -0.004428878 0.999990046 68.967704773
0.999996185 0.002784519 0.000254115 -0.427312642 -0.002785945 0.999979436 0.005791144 -1.056166053 -0.000237984 -0.005791829 0.999983191 70.360984802
0.999977589 0.006597772 0.001129221 -0.440048277 -0.006604965 0.999957085 0.006488302 -1.080089927 -0.001086365 -0.006495615 0.999978304 71.747482300
0.999937713 0.011012677 0.001831176 -0.454130292 -0.011023846 0.999920011 0.006204841 -1.097202539 -0.001762698 -0.006224642 0.999979079 73.147834778
0.999899030 0.014037978 0.002200929 -0.465996087 -0.014049291 0.999887705 0.005211611 -1.113107324 -0.002127521 -0.005242007 0.999984026 74.556114197
0.999872684 0.015689695 0.002913477 -0.473179132 -0.015704997 0.999862611 0.005305116 -1.132821918 -0.002829842 -0.005350197 0.999981701 75.950485229
0.999877930 0.015353176 0.002910095 -0.473291487 -0.015369385 0.999866009 0.005631370 -1.145587921 -0.002823246 -0.005675408 0.999979973 77.366546631
0.999878824 0.015186589 0.003422976 -0.488502502 -0.015204774 0.999870002 0.005350296 -1.174885511 -0.003341279 -0.005401694 0.999979794 78.709548950
0.999895751 0.014055016 0.003302102 -0.493389249 -0.014069588 0.999891222 0.004432534 -1.191190720 -0.003239444 -0.004478531 0.999984741 80.096862793
0.999909639 0.013133288 0.002868869 -0.495718777 -0.013146595 0.999902666 0.004670574 -1.213737488 -0.002807249 -0.004707868 0.999984980 81.469490051
0.999911427 0.013043270 0.002619799 -0.496574402 -0.013055521 0.999903619 0.004714852 -1.230361104 -0.002558049 -0.004748638 0.999985456 82.847229004
0.999918938 0.012579137 0.001955473 -0.497843087 -0.012587395 0.999911606 0.004267566 -1.249756336 -0.001901618 -0.004291833 0.999988914 84.219528198
0.999920130 0.012560066 0.001344178 -0.508004248 -0.012566363 0.999909580 0.004782831 -1.267457724 -0.001283984 -0.004799340 0.999987602 85.560096741
0.999926805 0.012100487 -0.000076166 -0.502753973 -0.012099890 0.999911904 0.005461478 -1.288148880 0.000142246 -0.005460157 0.999985099 86.954032898
0.999945998 0.010301705 -0.001313299 -0.513347507 -0.010293344 0.999927759 0.006221204 -1.302125454 0.001377293 -0.006207350 0.999979854 88.357749939
0.999962330 0.008388480 -0.002239846 -0.518970370 -0.008372556 0.999940276 0.007027101 -1.333025813 0.002298659 -0.007008084 0.999972820 89.699592590
0.999979258 0.005932069 -0.002496389 -0.533796489 -0.005913795 0.999956131 0.007264129 -1.350308180 0.002539370 -0.007249216 0.999970496 91.081588745
0.999984860 0.004159679 -0.003607501 -0.535861611 -0.004135283 0.999968708 0.006743799 -1.369030714 0.003635441 -0.006728779 0.999970734 92.449119568
0.999987364 0.003288202 -0.003814602 -0.547222376 -0.003264801 0.999975860 0.006124667 -1.382258415 0.003834649 -0.006112135 0.999974012 93.780502319
0.999987125 0.003183682 -0.003933886 -0.565990925 -0.003160729 0.999977946 0.005827075 -1.399571180 0.003952351 -0.005814567 0.999975204 95.149101257
0.999988794 0.002946315 -0.003706672 -0.585951924 -0.002926723 0.999981701 0.005279734 -1.414843321 0.003722160 -0.005268827 0.999979198 96.506980896
0.999983490 0.004639216 -0.003378587 -0.600408912 -0.004624513 0.999979854 0.004346507 -1.441617727 0.003398683 -0.004330812 0.999984801 97.825920105
0.999977410 0.005921502 -0.003157506 -0.621141434 -0.005907139 0.999972343 0.004538734 -1.458622694 0.003184295 -0.004519980 0.999984741 99.165267944
0.999977589 0.006116556 -0.002732093 -0.628015518 -0.006099135 0.999961317 0.006340033 -1.482056379 0.002770766 -0.006323229 0.999976158 100.511863708
0.999972284 0.006900828 -0.002812916 -0.646363378 -0.006878423 0.999945104 0.007899155 -1.498049259 0.002867273 -0.007879588 0.999964774 101.842704773
0.999973238 0.006783619 -0.002721794 -0.649042010 -0.006767139 0.999958992 0.006018767 -1.518489718 0.002762511 -0.006000188 0.999978125 103.193428040
0.999973655 0.006868266 -0.002338026 -0.669118524 -0.006859146 0.999968886 0.003887133 -1.534100533 0.002364652 -0.003870993 0.999989688 104.517051697
0.999978364 0.006019109 -0.002622048 -0.677041769 -0.006012244 0.999978483 0.002618188 -1.557011724 0.002637751 -0.002602367 0.999993145 105.850944519
0.999990940 0.003427899 -0.002502813 -0.689875841 -0.003417805 0.999985993 0.004026567 -1.576279283 0.002516581 -0.004017977 0.999988735 107.174827576
0.999996960 0.001701379 -0.001795171 -0.707404494 -0.001691061 0.999982119 0.005733714 -1.590075254 0.001804894 -0.005730660 0.999981940 108.516059875
0.999999523 0.000046568 -0.000974347 -0.717475951 -0.000040252 0.999979019 0.006481088 -1.611508846 0.000974629 -0.006481046 0.999978542 109.849098206
0.999999821 -0.000618612 -0.000080499 -0.727357745 0.000618997 0.999987841 0.004880188 -1.625823140 0.000077479 -0.004880237 0.999988079 111.199195862
0.999998331 0.001633754 0.000844405 -0.739045918 -0.001636014 0.999995053 0.002682164 -1.642475128 -0.000840019 -0.002683541 0.999996006 112.527687073
0.999990106 0.003920249 0.002102950 -0.755130291 -0.003920978 0.999992251 0.000343171 -1.663667440 -0.002101588 -0.000351413 0.999997735 113.847816467
0.999969661 0.006888187 0.003635107 -0.764685929 -0.006889990 0.999976158 0.000483883 -1.684053540 -0.003631686 -0.000508914 0.999993265 115.169052124
0.999955893 0.007813820 0.005197784 -0.769992888 -0.007827468 0.999966085 0.002610551 -1.711023927 -0.005177209 -0.002651122 0.999983072 116.515144348
0.999950886 0.007860656 0.006033320 -0.763597190 -0.007889690 0.999957383 0.004803412 -1.727107286 -0.005995304 -0.004850777 0.999970198 117.847343445
0.999948204 0.007258096 0.007136543 -0.771637499 -0.007296680 0.999958813 0.005395420 -1.745829821 -0.007097089 -0.005447214 0.999960005 119.185295105
0.999938130 0.007867993 0.007868214 -0.762054086 -0.007904745 0.999957979 0.004650772 -1.759163737 -0.007831291 -0.004712680 0.999958277 120.537117004
0.999910891 0.009346684 0.009533167 -0.770519614 -0.009390880 0.999945343 0.004601806 -1.782051325 -0.009489634 -0.004690921 0.999943972 121.859718323
0.999876916 0.011237522 0.010956848 -0.765828133 -0.011283893 0.999927580 0.004179557 -1.793936491 -0.010909086 -0.004302679 0.999931276 123.209533691
0.999857187 0.012079382 0.011813150 -0.765980482 -0.012117687 0.999921560 0.003176593 -1.813849449 -0.011773851 -0.003319288 0.999925196 124.560043335
0.999820888 0.013667035 0.013090425 -0.761873841 -0.013693199 0.999904394 0.001911146 -1.824114442 -0.013063055 -0.002090053 0.999912500 125.911193848
0.999829531 0.012138355 0.013912101 -0.754740119 -0.012167630 0.999923944 0.002021329 -1.848806500 -0.013886508 -0.002190262 0.999901175 127.249946594
0.999815345 0.012098679 0.014927940 -0.745174885 -0.012143573 0.999922037 0.002920311 -1.863689184 -0.014891446 -0.003101051 0.999884248 128.597534180
0.999831140 0.009849126 0.015513529 -0.732364655 -0.009914593 0.999942243 0.004148818 -1.884105682 -0.015471771 -0.004301928 0.999871016 129.971252441
0.999826550 0.009178878 0.016205996 -0.722548008 -0.009247600 0.999948561 0.004170785 -1.892022014 -0.016166881 -0.004319929 0.999859989 131.324020386
0.999837220 0.007485491 0.016418699 -0.707583189 -0.007559712 0.999961436 0.004463151 -1.914767981 -0.016384657 -0.004586545 0.999855220 132.666778564
0.999847472 0.005951512 0.016418250 -0.712772131 -0.006035964 0.999968767 0.005099099 -1.934548616 -0.016387392 -0.005197422 0.999852121 134.007324219
0.999864936 0.004216706 0.015884237 -0.697870016 -0.004292453 0.999979496 0.004737630 -1.950859785 -0.015863936 -0.004805174 0.999862611 135.357513428
0.999894202 0.003224820 0.014185033 -0.679817915 -0.003287907 0.999984682 0.004426293 -1.962730289 -0.014170542 -0.004472464 0.999889553 136.697708130
0.999914289 0.001051909 0.013049454 -0.657651901 -0.001126867 0.999982893 0.005738157 -1.984341860 -0.013043193 -0.005752370 0.999898374 138.062805176
0.999922574 0.000094014 0.012445730 -0.653628349 -0.000168106 0.999982297 0.005952330 -2.001046658 -0.012444950 -0.005953962 0.999904811 139.406738281
0.999941945 -0.000023987 0.010774868 -0.639515877 -0.000036283 0.999984503 0.005593331 -2.013373852 -0.010774834 -0.005593398 0.999926269 140.759323120
0.999953508 -0.000725215 0.009619704 -0.633039832 0.000675362 0.999986351 0.005184671 -2.032476425 -0.009623331 -0.005177933 0.999940276 142.099075317
0.999962270 -0.000133018 0.008676081 -0.629226685 0.000091757 0.999988616 0.004755918 -2.050066948 -0.008676615 -0.004754944 0.999951065 143.433380127
0.999964952 -0.002835871 0.007875518 -0.631026626 0.002817389 0.999993205 0.002357042 -2.067306280 -0.007882147 -0.002334771 0.999966264 144.766326904
0.999939382 -0.008439960 0.007060777 -0.619684339 0.008426392 0.999962509 0.001949112 -2.084496737 -0.007076964 -0.001889497 0.999973178 146.138137817
0.999856770 -0.015789930 0.006084004 -0.611687660 0.015762588 0.999865532 0.004516170 -2.102117062 -0.006154497 -0.004419624 0.999971330 147.482925415
0.999722719 -0.023045920 0.004818383 -0.604385138 0.023014890 0.999714553 0.006398646 -2.125738144 -0.004964471 -0.006285978 0.999967933 148.836776733
0.999673307 -0.025301868 0.003617954 -0.586749136 0.025294505 0.999677896 0.002065902 -2.130586624 -0.003669060 -0.001973712 0.999991298 150.180725098
0.999676764 -0.025066834 0.004246111 -0.582923114 0.025072476 0.999684811 -0.001280123 -2.148667812 -0.004212684 0.001386170 0.999990165 151.536209106
0.999751985 -0.021778323 0.004658608 -0.584562361 0.021792894 0.999757707 -0.003099621 -2.179922342 -0.004589975 0.003200377 0.999984264 152.880844116
0.999749720 -0.021657679 0.005608257 -0.596146643 0.021674694 0.999760628 -0.002991632 -2.210209131 -0.005542121 0.003112441 0.999979734 154.199386597
0.999671280 -0.024915040 0.006047305 -0.578911066 0.024912797 0.999689519 0.000445862 -2.231415510 -0.006056536 -0.000295060 0.999981642 155.563064575
0.999518633 -0.030279983 0.006749553 -0.565394521 0.030259149 0.999537110 0.003167899 -2.251224518 -0.006842353 -0.002962138 0.999972224 156.927810669
0.999405682 -0.033824634 0.006645740 -0.558153749 0.033795055 0.999418557 0.004515080 -2.271510839 -0.006794596 -0.004287803 0.999967694 158.256973267
0.999366641 -0.034930408 0.006795779 -0.551679492 0.034902044 0.999381661 0.004248643 -2.285823584 -0.006939983 -0.004008764 0.999967873 159.598129272
0.999406815 -0.033538509 0.007823098 -0.553201318 0.033497974 0.999424934 0.005256523 -2.307808876 -0.007994894 -0.004991347 0.999955535 160.948242188
0.999522209 -0.029634124 0.008784566 -0.552139640 0.029598206 0.999553084 0.004191787 -2.322783947 -0.008904861 -0.003929776 0.999952674 162.295669556
0.999626994 -0.025493836 0.009793580 -0.544009924 0.025474744 0.999673307 0.002069015 -2.342415810 -0.009843128 -0.001818755 0.999949872 163.670089722
0.999697030 -0.022297345 0.010427246 -0.534523129 0.022285324 0.999750733 0.001267830 -2.358544350 -0.010452918 -0.001035072 0.999944866 165.025421143
0.999730766 -0.020452999 0.010955246 -0.533593893 0.020426096 0.999788105 0.002562298 -2.381181240 -0.011005334 -0.002337836 0.999936700 166.378540039
0.999776423 -0.018612739 0.010035458 -0.512924552 0.018593831 0.999825239 0.001974277 -2.402006149 -0.010070451 -0.001787238 0.999947667 167.747619629
0.999812126 -0.016400140 0.010331481 -0.519026041 0.016403612 0.999865413 -0.000251431 -2.424133301 -0.010325965 0.000420857 0.999946594 169.100387573
0.999867678 -0.013051494 0.009705268 -0.517366290 0.013080931 0.999910057 -0.002975899 -2.445713043 -0.009665554 0.003102459 0.999948442 170.442169189
0.999925852 -0.007234661 0.009809596 -0.520214558 0.007275728 0.999964893 -0.004157207 -2.474875927 -0.009779179 0.004228269 0.999943256 171.824874878
0.999945998 -0.002904820 0.009969512 -0.518286228 0.002934200 0.999991417 -0.002933602 -2.500437975 -0.009960904 0.002962697 0.999945998 173.204711914
0.999943256 -0.000026390 0.010654386 -0.520131946 0.000037530 0.999999464 -0.001045362 -2.522921801 -0.010654354 0.001045703 0.999942720 174.560302734
0.999938071 0.001655230 0.010997101 -0.524616480 -0.001663501 0.999998331 0.000742949 -2.539994001 -0.010995853 -0.000761197 0.999939263 175.938049316
0.999947965 -0.002633599 0.009854215 -0.510700941 0.002611847 0.999994040 0.002219685 -2.566678524 -0.009860003 -0.002193832 0.999948978 177.293258667
0.999961257 -0.003967866 0.007856900 -0.496223569 0.003955124 0.999990761 0.001636687 -2.574061155 -0.007863322 -0.001605548 0.999967813 178.683517456
0.999967515 -0.005142468 0.006197116 -0.498117685 0.005154834 0.999984741 -0.001981019 -2.608092785 -0.006186834 0.002012901 0.999978781 180.063095093
0.999984503 -0.003361534 0.004432499 -0.489336967 0.003390055 0.999973536 -0.006442702 -2.629129410 -0.004410725 0.006457629 0.999969363 181.462722778
0.999990821 0.001637393 0.003953669 -0.502026737 -0.001609952 0.999974668 -0.006933780 -2.664221287 -0.003964921 0.006927351 0.999968112 182.868347168
0.999977589 0.005460157 0.003851977 -0.511908710 -0.005437103 0.999967396 -0.005970407 -2.696362972 -0.003884452 0.005949330 0.999974787 184.269760132
0.999967098 0.007030582 0.004041915 -0.520346940 -0.007020795 0.999972343 -0.002430131 -2.721819878 -0.004058889 0.002401674 0.999988854 185.690109253
0.999957442 0.008157406 0.004305795 -0.522701859 -0.008156274 0.999966681 -0.000280195 -2.749804974 -0.004307936 0.000245063 0.999990702 187.079833984
0.999965608 0.007158013 0.004181179 -0.516622722 -0.007160225 0.999974251 0.000514276 -2.767061234 -0.004177391 -0.000544197 0.999991059 188.502166748
0.999978423 0.005333081 0.003826040 -0.510789692 -0.005336343 0.999985397 0.000842803 -2.782029390 -0.003821488 -0.000863202 0.999992311 189.957015991
0.999986649 0.002908689 0.004271633 -0.516932726 -0.002914763 0.999994695 0.001416466 -2.808809996 -0.004267490 -0.001428898 0.999989867 191.360092163
0.999988973 0.000167401 0.004696707 -0.520066977 -0.000174477 0.999998868 0.001506162 -2.828927279 -0.004696450 -0.001506964 0.999987841 192.788879395
0.999984682 -0.002799021 0.004774403 -0.512542248 0.002786807 0.999992847 0.002562840 -2.851020336 -0.004781543 -0.002549495 0.999985278 194.196990967
0.999957860 -0.007219870 0.005673209 -0.511596560 0.007196289 0.999965429 0.004165970 -2.871240616 -0.005703091 -0.004124968 0.999975204 195.638671875
0.999934912 -0.009909860 0.005651949 -0.504298687 0.009886853 0.999942720 0.004084248 -2.887437820 -0.005692101 -0.004028102 0.999975681 197.063354492
0.999954283 -0.007203329 0.006276941 -0.508332491 0.007207906 0.999973714 -0.000706758 -2.900839329 -0.006271685 0.000751970 0.999980032 198.494659424
0.999978304 -0.000456974 0.006567954 -0.516962409 0.000492403 0.999985337 -0.005393506 -2.927347183 -0.006565393 0.005396624 0.999963880 199.912170410
0.999929726 0.008672421 0.008079738 -0.529771209 -0.008628748 0.999948084 -0.005424416 -2.959697723 -0.008126361 0.005354316 0.999952674 201.354568481
0.999818087 0.016737837 0.009141854 -0.544718266 -0.016719077 0.999857962 -0.002124893 -2.980370998 -0.009176120 0.001971663 0.999955952 202.788009644
0.999797583 0.017477384 0.009964149 -0.540807486 -0.017482135 0.999847054 0.000389738 -3.008675337 -0.009955813 -0.000563854 0.999950290 204.219635010
0.999836504 0.015469483 0.009361028 -0.528591752 -0.015475813 0.999880016 0.000603698 -3.025099516 -0.009350566 -0.000748469 0.999955952 205.668548584
0.999894738 0.012077983 0.008030893 -0.517411232 -0.012084799 0.999926627 0.000800420 -3.052060843 -0.008020636 -0.000897388 0.999967456 207.109130859
0.999921978 0.010182720 0.007236801 -0.519123316 -0.010184724 0.999948084 0.000240180 -3.071618795 -0.007233979 -0.000313866 0.999973774 208.554000854
0.999920070 0.010405248 0.007186747 -0.518402219 -0.010404871 0.999945819 -0.000089963 -3.092458725 -0.007187295 0.000015179 0.999974132 210.024993896
0.999909878 0.011691819 0.006596879 -0.521712542 -0.011691486 0.999931633 -0.000089257 -3.117627621 -0.006597471 0.000012122 0.999978244 211.463424683
0.999905586 0.012018979 0.006653432 -0.520251155 -0.012025730 0.999927223 0.000975629 -3.145539045 -0.006641222 -0.001055549 0.999977410 212.923568726
0.999908626 0.012052652 0.006123771 -0.520524025 -0.012053651 0.999927342 0.000126166 -3.162934303 -0.006121804 -0.000199968 0.999981165 214.396560669
0.999912679 0.011828642 0.005888171 -0.519550681 -0.011824039 0.999929667 -0.000816230 -3.190844536 -0.005897412 0.000746537 0.999982297 215.868713379
0.999928653 0.010667784 0.005370720 -0.517183781 -0.010661799 0.999942422 -0.001141445 -3.210234642 -0.005382587 0.001084102 0.999984920 217.339294434
0.999928951 0.010829700 0.004967089 -0.517122388 -0.010824792 0.999940872 -0.001013812 -3.237804890 -0.004977774 0.000959972 0.999987125 218.819122314
0.999922454 0.011447744 0.004891227 -0.526044607 -0.011441507 0.999933720 -0.001300849 -3.260234594 -0.004905795 0.001244785 0.999987125 220.305465698
0.999921918 0.011661204 0.004487742 -0.531747520 -0.011653818 0.999930739 -0.001668426 -3.283236504 -0.004506887 0.001615996 0.999988496 221.785095215
0.999916911 0.012078627 0.004496553 -0.539639235 -0.012070459 0.999925375 -0.001839483 -3.311776876 -0.004518436 0.001785055 0.999988198 223.268432617
0.999917865 0.012113201 0.004171796 -0.541573465 -0.012103973 0.999924123 -0.002230160 -3.333799124 -0.004198495 0.002179482 0.999988735 224.748733521
0.999915302 0.012475768 0.003712942 -0.542674065 -0.012468584 0.999920368 -0.001951318 -3.361930132 -0.003736991 0.001904857 0.999991179 226.236328125
0.999926150 0.011349966 0.004346356 -0.560943186 -0.011341297 0.999933600 -0.002014559 -3.390474558 -0.004368933 0.001965117 0.999988556 227.712600708
0.999940872 0.010235745 0.003672779 -0.549773932 -0.010228166 0.999945521 -0.002075914 -3.418619394 -0.003693827 0.002038225 0.999991059 229.223983765
0.999948680 0.009184253 0.004277467 -0.562251985 -0.009178166 0.999956846 -0.001440495 -3.450922489 -0.004290513 0.001401162 0.999989808 230.715728760
0.999963820 0.007317199 0.004342866 -0.561402321 -0.007313865 0.999972939 -0.000783097 -3.477307796 -0.004348480 0.000751306 0.999990284 232.221923828
0.999963403 0.007245095 0.004559420 -0.566280484 -0.007243000 0.999973655 -0.000475727 -3.503291130 -0.004562747 0.000442685 0.999989569 233.724517822
0.999959707 0.007760343 0.004505643 -0.573310614 -0.007756259 0.999969423 -0.000923317 -3.531428337 -0.004512670 0.000888333 0.999989390 235.236541748
0.999949992 0.008679734 0.004949978 -0.578533769 -0.008672260 0.999961197 -0.001529105 -3.557251215 -0.004963058 0.001486101 0.999986589 236.736007690
0.999935448 0.009964982 0.005435765 -0.580648303 -0.009960760 0.999950051 -0.000803143 -3.583440781 -0.005443496 0.000748947 0.999984860 238.235580444
0.999928057 0.010169866 0.006361342 -0.587634802 -0.010178682 0.999947250 0.001355411 -3.612568378 -0.006347222 -0.001420064 0.999978840 239.755691528
0.999923229 0.010293765 0.006898552 -0.586592913 -0.010305090 0.999945641 0.001608327 -3.633101702 -0.006881621 -0.001679293 0.999974906 241.263885498
0.999914825 0.010542559 0.007693214 -0.584082961 -0.010544590 0.999944389 0.000223468 -3.658318281 -0.007690430 -0.000304571 0.999970376 242.760543823
0.999904990 0.011004679 0.008292772 -0.577998400 -0.010992559 0.999938488 -0.001505538 -3.678278923 -0.008308829 0.001414236 0.999964476 244.274185181
0.999905229 0.010914057 0.008390493 -0.573260784 -0.010910735 0.999940515 -0.000441430 -3.709922075 -0.008394810 0.000349842 0.999964714 245.810440063
0.999913692 0.010550444 0.007825550 -0.558030725 -0.010555826 0.999944031 0.000646483 -3.737523079 -0.007818289 -0.000729032 0.999969184 247.349822998
0.999904096 0.011240221 0.008084918 -0.562521458 -0.011248842 0.999936163 0.001021687 -3.762071133 -0.008072917 -0.001112535 0.999966800 248.868896484
0.999902606 0.011525974 0.007872737 -0.563571334 -0.011536499 0.999932587 0.001292830 -3.794004440 -0.007857304 -0.001383528 0.999968171 250.418411255
0.999887526 0.012619860 0.008111482 -0.559083223 -0.012632024 0.999919116 0.001450110 -3.814329863 -0.008092527 -0.001552411 0.999966025 251.960891724
0.999862671 0.014115768 0.008681668 -0.568987131 -0.014129068 0.999899089 0.001472827 -3.840452433 -0.008660004 -0.001595289 0.999961257 253.496566772
0.999858439 0.014270544 0.008911148 -0.564519405 -0.014288937 0.999895871 0.002003859 -3.865228653 -0.008881624 -0.002130906 0.999958336 255.043334961
0.999874711 0.013157419 0.008794706 -0.564213991 -0.013175011 0.999911308 0.001945277 -3.889607668 -0.008768332 -0.002060904 0.999959350 256.581024170
0.999895096 0.011643548 0.008609970 -0.553827286 -0.011664527 0.999929130 0.002390474 -3.907254934 -0.008581527 -0.002490654 0.999960065 258.112426758
0.999923468 0.009181238 0.008284615 -0.541336536 -0.009204244 0.999953806 0.002743133 -3.922174931 -0.008259050 -0.002819177 0.999961853 259.631591797
0.999937654 0.007245980 0.008486192 -0.547311544 -0.007266133 0.999970853 0.002346411 -3.946017742 -0.008468941 -0.002407927 0.999961257 261.149841309
0.999945879 0.006162168 0.008382817 -0.545438290 -0.006171681 0.999980390 0.001109551 -3.963366032 -0.008375813 -0.001161227 0.999964237 262.700775146
0.999953151 0.004593982 0.008520037 -0.527680159 -0.004618807 0.999985158 0.002896230 -3.989511967 -0.008506606 -0.002935447 0.999959528 264.255554199
0.999955177 0.002298426 0.009189699 -0.522439957 -0.002344556 0.999984741 0.005012180 -4.013968468 -0.009178037 -0.005033500 0.999945223 265.802093506
0.999958217 0.001701882 0.008975160 -0.510316610 -0.001733786 0.999992132 0.003548099 -4.024164677 -0.008969052 -0.003563513 0.999953449 267.385772705
0.999956727 0.001370958 0.009199386 -0.495853424 -0.001392148 0.999996305 0.002297349 -4.039648533 -0.009196206 -0.002310057 0.999955058 268.934997559
0.999951661 0.001494634 0.009718429 -0.482982635 -0.001517280 0.999996126 0.002323275 -4.067495823 -0.009714919 -0.002337908 0.999950051 270.489929199
0.999938548 0.003114775 0.010638962 -0.478748560 -0.003143718 0.999991357 0.002704837 -4.094411850 -0.010630446 -0.002738117 0.999939740 272.022644043
0.999917805 0.005364297 0.011647006 -0.480847836 -0.005384079 0.999984086 0.001667704 -4.110288620 -0.011637875 -0.001730275 0.999930799 273.549560547
0.999901235 0.006305533 0.012561840 -0.467771292 -0.006325467 0.999978781 0.001547844 -4.136045456 -0.012551815 -0.001627150 0.999919951 275.107818604
0.999879956 0.007940941 0.013306358 -0.451524973 -0.007955851 0.999967754 0.001067947 -4.159943581 -0.013297450 -0.001173682 0.999910831 276.639770508
0.999871492 0.008018870 0.013885853 -0.441573381 -0.008027444 0.999967575 0.000562010 -4.190383911 -0.013880897 -0.000673405 0.999903381 278.180236816
0.999866307 0.006895396 0.014828192 -0.419880867 -0.006896920 0.999976158 0.000051586 -4.210785866 -0.014827481 -0.000153848 0.999890029 279.693206787
0.999856412 0.006504145 0.015643358 -0.401415348 -0.006511427 0.999978721 0.000414609 -4.238330364 -0.015640330 -0.000516411 0.999877512 281.255035400
0.999853611 0.005650957 0.016150229 -0.380581856 -0.005671320 0.999983191 0.001215284 -4.261498451 -0.016143091 -0.001306699 0.999868751 282.831604004
0.999854863 0.004750971 0.016360993 -0.360110283 -0.004771269 0.999987900 0.001201757 -4.284364223 -0.016355084 -0.001279645 0.999865353 284.384002686
0.999862611 0.003928096 0.016104346 -0.337475300 -0.003914542 0.999991953 -0.000873038 -4.310636044 -0.016107649 0.000809877 0.999869883 285.958526611
0.999871373 0.002447040 0.015849244 -0.309831142 -0.002394481 0.999991596 -0.003334305 -4.335871220 -0.015857266 0.003295926 0.999868751 287.524139404
0.999881327 0.002537041 0.015203365 -0.292139530 -0.002492328 0.999992490 -0.002959197 -4.368349075 -0.015210761 0.002920953 0.999880016 289.093566895
0.999892890 0.000567460 0.014623127 -0.284813404 -0.000526918 0.999996006 -0.002776165 -4.399261475 -0.014624645 0.002768162 0.999889135 290.638732910
0.999908447 0.000546741 0.013529186 -0.272118092 -0.000499779 0.999993861 -0.003474284 -4.421591282 -0.013531005 0.003467205 0.999902427 292.187866211
0.999914825 0.000867051 0.013024820 -0.259012222 -0.000821798 0.999993622 -0.003479341 -4.462764740 -0.013027756 0.003468341 0.999909103 293.729949951
0.999927640 0.000733675 0.012007755 -0.241622925 -0.000696584 0.999994934 -0.003092790 -4.492621899 -0.012009964 0.003084202 0.999923110 295.302154541
0.999938905 0.000084071 0.011062191 -0.228498697 -0.000052388 0.999995887 -0.002864299 -4.526381493 -0.011062387 0.002863545 0.999934733 296.846771240
0.999949753 0.000115056 0.010021797 -0.220961332 -0.000099649 0.999998808 -0.001537891 -4.547412395 -0.010021965 0.001536816 0.999948621 298.431549072
0.999954820 0.001404579 0.009400795 -0.217460632 -0.001403765 0.999998987 -0.000093109 -4.580839157 -0.009400914 0.000079909 0.999955833 300.004364014
0.999946237 0.001738941 0.010222312 -0.208748341 -0.001738512 0.999998450 -0.000050852 -4.604444981 -0.010222385 0.000033077 0.999947727 301.593231201
0.999937236 0.002201489 0.010986643 -0.198777914 -0.002200292 0.999997556 -0.000121036 -4.631387234 -0.010986880 0.000096855 0.999939620 303.194671631
0.999934912 0.000866313 0.011378428 -0.187595606 -0.000860661 0.999999642 -0.000501637 -4.654576302 -0.011378856 0.000491811 0.999935150 304.777709961
0.999930739 -0.001069026 0.011720422 -0.174880743 0.001085009 0.999998510 -0.001357421 -4.682573318 -0.011718953 0.001370044 0.999930382 306.369598389
0.999921262 -0.002543191 0.012286972 -0.162202358 0.002585769 0.999990702 -0.003450627 -4.708312035 -0.012278082 0.003482127 0.999918580 307.958740234
0.999922752 -0.003059292 0.012058992 -0.151572943 0.003110410 0.999986231 -0.004222470 -4.741103172 -0.012045910 0.004259652 0.999918401 309.560424805
0.999949038 -0.002300279 0.009831030 -0.144585133 0.002355245 0.999981642 -0.005583187 -4.766012192 -0.009818006 0.005606057 0.999936104 311.170104980
0.999969065 -0.001131581 0.007783860 -0.139597893 0.001169074 0.999987662 -0.004813829 -4.795536995 -0.007778317 0.004822779 0.999958098 312.772064209
0.999973595 -0.000150262 0.007262105 -0.134418488 0.000161684 0.999998748 -0.001572182 -4.825788021 -0.007261860 0.001573314 0.999972343 314.399993896
0.999966979 -0.001525758 0.007980670 -0.124770880 0.001513028 0.999997556 0.001600873 -4.853439808 -0.007983093 -0.001588745 0.999966860 316.043426514
0.999967515 -0.002529547 0.007642049 -0.112146854 0.002513024 0.999994516 0.002171058 -4.873737335 -0.007647499 -0.002151783 0.999968469 317.671936035
0.999960184 -0.003568666 0.008178835 -0.109203339 0.003559885 0.999993026 0.001087920 -4.902516842 -0.008182659 -0.001058761 0.999965966 319.285156250
0.999949396 -0.005317444 0.008548031 -0.106771708 0.005304634 0.999984801 0.001520663 -4.928333282 -0.008555988 -0.001475242 0.999962270 320.897155762
0.999942899 -0.005006768 0.009442193 -0.111909389 0.004992088 0.999986291 0.001577629 -4.949031353 -0.009449964 -0.001530403 0.999954164 322.515167236
0.999938488 -0.004967011 0.009916694 -0.100929499 0.004952247 0.999986529 0.001512721 -4.973001957 -0.009924073 -0.001463518 0.999949694 324.135223389
0.999941111 -0.003948421 0.010112002 -0.092949867 0.003943789 0.999992132 0.000477934 -4.997812748 -0.010113808 -0.000438026 0.999948800 325.762847900
0.999936759 -0.002504747 0.010964910 -0.087208986 0.002506014 0.999996841 -0.000101812 -5.029477596 -0.010964625 0.000129283 0.999939799 327.366577148
0.999928892 -0.004239740 0.011144946 -0.067680359 0.004217421 0.999989092 0.002025429 -5.057933807 -0.011153410 -0.001978283 0.999935806 329.007720947
0.999921501 -0.004891270 0.011528458 -0.062912226 0.004861345 0.999984741 0.002622342 -5.080073357 -0.011541110 -0.002566093 0.999930084 330.613220215
0.999917686 -0.006562512 0.011016201 -0.039587021 0.006545968 0.999977410 0.001537137 -5.107256889 -0.011026041 -0.001464898 0.999938190 332.245147705
0.999929726 -0.004500274 0.010960793 -0.025716782 0.004487370 0.999989212 0.001201531 -5.127045155 -0.010966085 -0.001152261 0.999939203 333.897521973
0.999938071 -0.002853745 0.010753491 -0.022733212 0.002860931 0.999995649 -0.000653017 -5.156293869 -0.010751581 0.000683742 0.999942005 335.507629395
0.999948621 -0.000886292 0.010100829 -0.014458418 0.000922711 0.999993086 -0.003601403 -5.186204433 -0.010097568 0.003610537 0.999942482 337.120178223
0.999959409 0.000339410 0.009002288 -0.007371664 -0.000309594 0.999994457 -0.003313141 -5.213718414 -0.009003365 0.003310219 0.999953926 338.742523193
0.999969423 0.000971949 0.007755644 -0.002696514 -0.000972645 0.999999583 0.000085963 -5.242700577 -0.007755556 -0.000093503 0.999969900 340.326507568
0.999974430 0.001782801 0.006915123 -0.006145954 -0.001807388 0.999992073 0.003550957 -5.282649517 -0.006908738 -0.003563364 0.999969780 341.940856934
0.999982774 0.002325514 0.005386998 -0.003432870 -0.002337383 0.999994814 0.002198007 -5.305543900 -0.005381858 -0.002210561 0.999983072 343.542938232
0.999991477 0.002002605 0.003594362 -0.006771326 -0.002004531 0.999997795 0.000532281 -5.328573704 -0.003593288 -0.000539481 0.999993384 345.132080078
0.999998450 0.000404937 0.001709429 -0.006968379 -0.000408247 0.999997973 0.001936733 -5.356464386 -0.001708641 -0.001937428 0.999996662 346.729339600
0.999999583 -0.000669478 0.000577722 -0.007518783 0.000668121 0.999996960 0.002346360 -5.380304337 -0.000579291 -0.002345973 0.999997079 348.331665039
0.999999225 -0.001095408 0.000434527 -0.030666262 0.001094675 0.999997973 0.001682712 -5.405316353 -0.000436370 -0.001682236 0.999998510 349.891998291
0.999997616 -0.002173582 0.000074238 -0.037128698 0.002173525 0.999997377 0.000749763 -5.430650711 -0.000075867 -0.000749600 0.999999702 351.481414795
0.999997020 -0.002438472 -0.000248862 -0.041063234 0.002438559 0.999996901 0.000347087 -5.450926304 0.000248015 -0.000347693 0.999999881 353.070587158
0.999996006 -0.002813133 -0.000194076 -0.052741028 0.002813134 0.999996006 0.000001567 -5.473766327 0.000194071 -0.000002113 1.000000000 354.655059814
0.999994397 -0.003291605 -0.000503611 -0.055659443 0.003291332 0.999994397 -0.000542061 -5.502264977 0.000505392 0.000540401 0.999999702 356.251098633
0.999996066 -0.002806672 -0.000030939 -0.074123755 0.002806634 0.999995410 -0.001159824 -5.534194469 0.000034194 0.001159733 0.999999344 357.849090576
0.999994934 -0.003183520 -0.000031321 -0.078395560 0.003183480 0.999994218 -0.001186834 -5.558785439 0.000035099 0.001186728 0.999999225 359.434600830
0.999993801 -0.003492085 -0.000467054 -0.077831879 0.003491251 0.999992311 -0.001774225 -5.591341019 0.000473246 0.001772584 0.999998331 361.028350830
0.999988437 -0.004794327 -0.000333052 -0.086185411 0.004793208 0.999983132 -0.003281768 -5.618417263 0.000348780 0.003280133 0.999994576 362.608703613
0.999979615 -0.006345992 -0.000614014 -0.087713480 0.006345095 0.999978781 -0.001451033 -5.646829128 0.000623209 0.001447108 0.999998748 364.227752686
0.999965787 -0.008190062 -0.001243426 -0.077390432 0.008189170 0.999966264 -0.000721904 -5.674657345 0.001249296 0.000711697 0.999998927 365.824249268
0.999964178 -0.008418436 -0.000892564 -0.091693670 0.008416826 0.999962986 -0.001792473 -5.700671673 0.000907621 0.001784896 0.999997973 367.422515869
0.999976814 -0.006810812 0.000051661 -0.112525240 0.006810938 0.999971986 -0.003099871 -5.716441631 -0.000030547 0.003100151 0.999995232 369.034698486
0.999981821 -0.006026778 -0.000010661 -0.118581600 0.006026755 0.999980569 -0.001575782 -5.764003277 0.000020158 0.001575689 0.999998689 370.637847900
0.999990761 -0.004299188 0.000159691 -0.126004964 0.004299307 0.999990463 -0.000753949 -5.788578033 -0.000156448 0.000754629 0.999999702 372.240112305
0.999988616 -0.004692503 0.000815760 -0.131168246 0.004693185 0.999988616 -0.000836875 -5.823913097 -0.000811823 0.000840694 0.999999344 373.865814209
0.999989808 -0.004294145 0.001371224 -0.153079391 0.004297056 0.999988496 -0.002126837 -5.842902184 -0.001362075 0.002132708 0.999996781 375.457580566
0.999990582 -0.004083763 0.001425721 -0.149684906 0.004086290 0.999990106 -0.001773562 -5.880933285 -0.001418464 0.001779371 0.999997437 377.086242676
0.999990404 -0.004051678 0.001633434 -0.143275797 0.004054497 0.999990284 -0.001725608 -5.911811352 -0.001626426 0.001732214 0.999997139 378.712402344
0.999995649 -0.002138820 0.002000022 -0.161186337 0.002142917 0.999995589 -0.002048258 -5.933641434 -0.001995632 0.002052535 0.999995887 380.357177734
0.999997079 -0.000262408 0.002388868 -0.166596591 0.000266132 0.999998748 -0.001558788 -5.962610245 -0.002388456 0.001559419 0.999995887 381.968750000
0.999994993 0.000702627 0.003079023 -0.183971286 -0.000696272 0.999997616 -0.002064459 -5.991381645 -0.003080467 0.002062306 0.999993086 383.605407715
