1.000000000 -0.000000000 0.000000000 0.000000119 -0.000000000 1.000000000 0.000000000 0.000000000 0.000000000 0.000000000 1.000000000 0.000000119
0.999997735 -0.001586968 -0.001435062 -0.002516174 0.001585602 0.999998271 -0.000952244 -0.007375528 0.001436571 0.000949967 0.999998510 0.564066172
0.999995470 -0.001818356 -0.002400972 -0.007899288 0.001812115 0.999994993 -0.002598400 -0.017383974 0.002405685 0.002594038 0.999993742 1.119465232
0.999986589 -0.002499535 -0.004541465 -0.009045773 0.002483423 0.999990642 -0.003549566 -0.035004541 0.004550295 0.003538241 0.999983370 1.684698105
0.999970317 -0.004332632 -0.006366960 -0.020547971 0.004297402 0.999975443 -0.005536427 -0.041276291 0.006390791 0.005508903 0.999964416 2.251330376
0.999936163 -0.007274323 -0.008648313 -0.007980173 0.007209797 0.999946117 -0.007468892 -0.056351315 0.008702179 0.007406062 0.999934733 2.818805218
0.999911904 -0.008502621 -0.010199128 -0.013846941 0.008420384 0.999931872 -0.008079126 -0.069587097 0.010267128 0.007992534 0.999915361 3.389668226
0.999897480 -0.008466908 -0.011555535 -0.025764877 0.008381009 0.999936938 -0.007461729 -0.081578851 0.011617986 0.007364116 0.999905467 3.973051310
0.999882162 -0.008883224 -0.012526003 -0.038489349 0.008784442 0.999929905 -0.007919201 -0.095769845 0.012595477 0.007808234 0.999890149 4.565302372
0.999869049 -0.008322386 -0.013874947 -0.046102844 0.008173645 0.999908864 -0.010742538 -0.109888941 0.013963086 0.010627723 0.999846041 5.157671928
0.999864578 -0.006662168 -0.015043251 -0.062394366 0.006444645 0.999874711 -0.014462207 -0.126298264 0.015137714 0.014363299 0.999782145 5.760496140
0.999850512 -0.005462628 -0.016402021 -0.078127265 0.005163930 0.999821067 -0.018198395 -0.138495982 0.016498497 0.018110976 0.999699950 6.375175953
0.999839664 -0.003574882 -0.017541708 -0.096914671 0.003256985 0.999830544 -0.018117558 -0.153736964 0.017603502 0.018057516 0.999682009 7.002721786
0.999821603 -0.001432006 -0.018831072 -0.107792661 0.001216903 0.999933958 -0.011429272 -0.162008405 0.018846193 0.011404320 0.999757409 7.643736362
0.999813259 -0.000407443 -0.019318676 -0.127368629 0.000397421 0.999999762 -0.000522620 -0.179231986 0.019318886 0.000514844 0.999813259 8.301650047
0.999795377 0.000213914 -0.020230293 -0.146136120 -0.000092085 0.999981880 0.006022870 -0.188532412 0.020231217 -0.006019775 0.999777317 8.987647057
0.999757588 0.002887239 -0.021827552 -0.161709145 -0.002783680 0.999984741 0.004773367 -0.202214330 0.021841008 -0.004711450 0.999750316 9.671418190
0.999738276 0.004827253 -0.022358824 -0.188061252 -0.004882349 0.999985158 -0.002410223 -0.208109781 0.022346862 0.002518755 0.999747097 10.363420486
0.999709845 0.004550429 -0.023656530 -0.205276832 -0.004746226 0.999954939 -0.008227064 -0.209780052 0.023618028 0.008336956 0.999686360 11.070118904
0.999689400 0.002115331 -0.024834082 -0.223780930 -0.002283552 0.999974668 -0.006747340 -0.211769611 0.024819180 0.006801954 0.999668837 11.806287766
0.999684215 0.001797602 -0.025062867 -0.250177115 -0.001734175 0.999995232 0.002552256 -0.225991249 0.025067337 -0.002507987 0.999682546 12.571736336
0.999679804 0.001433047 -0.025262188 -0.275158197 -0.001180039 0.999949038 0.010027404 -0.232041523 0.025275273 -0.009994383 0.999630511 13.347854614
0.999663293 0.000507422 -0.025942853 -0.298564553 -0.000182642 0.999921620 0.012519889 -0.234237030 0.025947176 -0.012510935 0.999584973 14.139763832
0.999656737 -0.001270955 -0.026168004 -0.317299426 0.001572726 0.999932468 0.011514726 -0.234175503 0.026151603 -0.011551930 0.999591231 14.942910194
0.999667823 -0.001949461 -0.025700295 -0.338412732 0.002182312 0.999956787 0.009035327 -0.234617025 0.025681576 -0.009088411 0.999628842 15.766839981
0.999687850 0.000833813 -0.024968730 -0.366601497 -0.000690229 0.999983191 0.005758635 -0.236952752 0.024973109 -0.005739605 0.999671638 16.602386475
0.999701262 -0.002632422 -0.024300180 -0.385122150 0.002632707 0.999996543 -0.000020265 -0.240097150 0.024300154 -0.000043717 0.999704719 17.455570221
0.999706686 -0.005383978 -0.023610290 -0.405746400 0.005237491 0.999966621 -0.006261779 -0.249813467 0.023643216 0.006136285 0.999701679 18.330514908
0.999737680 -0.004221386 -0.022509735 -0.424013793 0.003958202 0.999923468 -0.011723737 -0.264042407 0.022557497 0.011631563 0.999678016 19.229532242
0.999750555 -0.002954332 -0.022139179 -0.451867282 0.002674942 0.999916613 -0.012638716 -0.278178036 0.022174673 0.012576341 0.999675095 20.135377884
0.999732375 -0.002962624 -0.022946808 -0.470248967 0.002688084 0.999924600 -0.011985840 -0.298417270 0.022980588 0.011920949 0.999664843 21.071670532
0.999739707 -0.001300709 -0.022777516 -0.501133740 0.000998218 0.999911249 -0.013286567 -0.324637979 0.022792771 0.013260370 0.999652267 22.012010574
0.999739051 0.001841017 -0.022767637 -0.520631492 -0.002191988 0.999878943 -0.015399970 -0.347396702 0.022736531 0.015445855 0.999622166 22.966611862
0.999722958 0.005086577 -0.022978069 -0.550276637 -0.005460766 0.999853015 -0.016251341 -0.370353222 0.022892030 0.016372316 0.999603868 23.931823730
0.999713659 0.006767036 -0.022950636 -0.583981574 -0.007137926 0.999844551 -0.016117083 -0.399220347 0.022838008 0.016276287 0.999606669 24.909276962
0.999706268 0.007706002 -0.022976704 -0.617914259 -0.008079960 0.999835670 -0.016227333 -0.423746556 0.022847878 0.016408216 0.999604285 25.892002106
0.999693453 0.007302890 -0.023655571 -0.634601712 -0.007685883 0.999840140 -0.016140120 -0.450756311 0.023533922 0.016316984 0.999589801 26.865570068
0.999675512 0.008591443 -0.023982780 -0.657470465 -0.008953312 0.999847114 -0.015022281 -0.486006379 0.023850050 0.015232129 0.999599457 27.881776810
0.999663413 0.009154340 -0.024270851 -0.685050726 -0.009469623 0.999871910 -0.012907181 -0.514015555 0.024149586 0.013132673 0.999622047 28.898294449
0.999648273 0.009840182 -0.024625570 -0.714430034 -0.010127724 0.999881685 -0.011579180 -0.543450356 0.024508713 0.011824507 0.999629617 29.918678284
0.999643683 0.010110407 -0.024702167 -0.743767023 -0.010428969 0.999863744 -0.012801443 -0.567456841 0.024569374 0.013054499 0.999612808 30.954902649
0.999630451 0.011003125 -0.024862744 -0.776314259 -0.011346195 0.999841750 -0.013699817 -0.598284364 0.024708075 0.013976850 0.999597013 31.963827133
0.999629438 0.010618893 -0.025067998 -0.809903562 -0.010939959 0.999859393 -0.012705537 -0.625866532 0.024929561 0.012975072 0.999605000 32.998264313
0.999614656 0.010472013 -0.025707958 -0.841813922 -0.010739790 0.999889195 -0.010300241 -0.648629844 0.025597250 0.010572372 0.999616444 34.053436279
0.999606252 0.010350826 -0.026081616 -0.878275871 -0.010522995 0.999923587 -0.006472596 -0.675972939 0.026012631 0.006744503 0.999638855 35.103183746
0.999586046 0.010598670 -0.026746145 -0.907675624 -0.010720566 0.999932766 -0.004418155 -0.698479176 0.026697516 0.004703058 0.999632418 36.178981781
0.999572098 0.010869230 -0.027156021 -0.943078995 -0.010981022 0.999931812 -0.003970881 -0.716806591 0.027111009 0.004267381 0.999623299 37.251148224
0.999557197 0.010190497 -0.027958274 -0.971187353 -0.010339545 0.999933064 -0.005191590 -0.741886199 0.027903501 0.005478365 0.999595582 38.343868256
0.999535203 0.010750336 -0.028528295 -1.012951612 -0.010917324 0.999924123 -0.005704086 -0.762197614 0.028464815 0.006012885 0.999576688 39.412269592
0.999522507 0.010305058 -0.029128982 -1.049273252 -0.010436444 0.999936044 -0.004362071 -0.788709283 0.029082162 0.004663992 0.999566197 40.494136810
0.999491990 0.010977003 -0.029919587 -1.088792086 -0.011062825 0.999935150 -0.002704347 -0.803492069 0.029887961 0.003033969 0.999548733 41.580871582
0.999484897 0.010441949 -0.030347824 -1.131803870 -0.010443002 0.999945462 0.000123849 -0.831406415 0.030347463 0.000193138 0.999539435 42.672832489
0.999458373 0.011958028 -0.030658022 -1.177380800 -0.011963456 0.999928474 0.000006414 -0.853771627 0.030655906 0.000360365 0.999530017 43.748058319
0.999417663 0.013112133 -0.031502333 -1.202717304 -0.013241127 0.999904752 -0.003889659 -0.876492262 0.031448331 0.004304520 0.999496162 44.825283051
0.999403715 0.014387448 -0.031388402 -1.244970798 -0.014654757 0.999858141 -0.008302760 -0.894159436 0.031264495 0.008757798 0.999472857 45.907379150
0.999403119 0.014766099 -0.031232992 -1.287466168 -0.015035861 0.999851525 -0.008419889 -0.920728445 0.031104021 0.008884476 0.999476731 46.988285065
0.999381185 0.015240033 -0.031700827 -1.323568583 -0.015428024 0.999864697 -0.005694063 -0.947934389 0.031609755 0.006179621 0.999481261 48.081371307
0.999398351 0.015677935 -0.030936897 -1.373421073 -0.015788564 0.999869704 -0.003334853 -0.975172520 0.030880582 0.003821297 0.999515772 49.183429718
0.999425411 0.014426572 -0.030670844 -1.413803101 -0.014509956 0.999891639 -0.002497768 -0.993030667 0.030631492 0.002941367 0.999526381 50.271205902
0.999428868 0.014380944 -0.030577574 -1.445544004 -0.014486656 0.999889791 -0.003238294 -1.017083883 0.030527636 0.003679413 0.999527097 51.361999512
0.999448597 0.013463934 -0.030350495 -1.486308813 -0.013617384 0.999895453 -0.004854904 -1.042175531 0.030281959 0.005265521 0.999527514 52.434555054
0.999458075 0.013164085 -0.030168882 -1.516552448 -0.013378073 0.999886632 -0.006902107 -1.064553738 0.030074609 0.007301968 0.999520957 53.522087097
0.999471843 0.012682538 -0.029919459 -1.556222200 -0.012966956 0.999872386 -0.009331252 -1.096863508 0.029797301 0.009714287 0.999508798 54.625812531
0.999502361 0.010894381 -0.029603668 -1.594278693 -0.011267218 0.999858916 -0.012456788 -1.131522179 0.029463783 0.012784140 0.999484122 55.695014954
0.999519527 0.009232348 -0.029589813 -1.624332428 -0.009658084 0.999851406 -0.014277430 -1.161958694 0.029453607 0.014556352 0.999460161 56.782642365
0.999543667 0.007677083 -0.029216275 -1.658163428 -0.008023128 0.999898791 -0.011745612 -1.195069075 0.029123148 0.011974659 0.999504149 57.871028900
0.999561489 0.006335391 -0.028924534 -1.699925542 -0.006521171 0.999958634 -0.006333142 -1.217028618 0.028883224 0.006518987 0.999561548 58.969276428
0.999572873 0.004876225 -0.028812213 -1.729687095 -0.004893681 0.999987841 -0.000535334 -1.238022923 0.028809253 0.000676102 0.999584734 60.061595917
0.999584496 0.003219051 -0.028640879 -1.764443636 -0.003215682 0.999994814 0.000163739 -1.258227110 0.028641265 -0.000071571 0.999589801 61.152782440
0.999584794 -0.000001623 -0.028811237 -1.792086840 -0.000078382 0.999996126 -0.002775705 -1.275149345 0.028811133 0.002776811 0.999581099 62.247661591
0.999592006 -0.001514488 -0.028519522 -1.831423163 0.001339693 0.999980271 -0.006147010 -1.294631600 0.028528269 0.006106295 0.999574423 63.335586548
0.999595463 0.000956873 -0.028422773 -1.873698235 -0.001240204 0.999949634 -0.009952494 -1.328466773 0.028411821 0.009983718 0.999546468 64.428199768
0.999595940 0.001069883 -0.028403094 -1.906465530 -0.001478388 0.999895692 -0.014365301 -1.353346109 0.028384766 0.014401488 0.999493301 65.521301270
0.999610007 0.004248119 -0.027598698 -1.947693944 -0.004667789 0.999874175 -0.015159542 -1.382495165 0.027530827 0.015282454 0.999504149 66.612457275
0.999613881 0.007900430 -0.026639691 -1.998588562 -0.008204503 0.999902189 -0.011324367 -1.417563915 0.026547614 0.011538559 0.999580979 67.718727112
0.999604583 0.009329972 -0.026526930 -2.035742521 -0.009577910 0.999911487 -0.009235010 -1.444451094 0.026438421 0.009485431 0.999605477 68.815559387
0.999615192 0.008379464 -0.026443690 -2.070470095 -0.008599881 0.999929130 -0.008232637 -1.474400997 0.026372829 0.008456882 0.999616444 69.913398743
0.999615133 0.007377488 -0.026739456 -2.093709946 -0.007587279 0.999941170 -0.007752852 -1.502047658 0.026680686 0.007952748 0.999612391 71.002502441
0.999621809 0.006320753 -0.026760979 -2.129741907 -0.006485763 0.999960482 -0.006083829 -1.532534122 0.026721464 0.006255093 0.999623358 72.091171265
0.999622226 0.004594219 -0.027095804 -2.162562370 -0.004709870 0.999980032 -0.004205988 -1.556685925 0.027075937 0.004332016 0.999624074 73.194190979
0.999595642 0.003313643 -0.028240617 -2.188415527 -0.003380033 0.999991655 -0.002303471 -1.583227277 0.028232748 0.002397993 0.999598563 74.274414062
0.999584615 0.002899045 -0.028673520 -2.224924564 -0.002995481 0.999990046 -0.003320842 -1.610304475 0.028663607 0.003405353 0.999583304 75.364631653
0.999568343 0.002990038 -0.029225817 -2.261015415 -0.003206478 0.999967754 -0.007361736 -1.633928537 0.029202864 0.007452270 0.999545693 76.437194824
0.999536276 0.003525248 -0.030244887 -2.293665171 -0.003810685 0.999948740 -0.009385083 -1.660347223 0.030210251 0.009495984 0.999498367 77.515960693
0.999513686 0.005262936 -0.030733986 -2.332398415 -0.005502593 0.999954998 -0.007718421 -1.689646721 0.030691981 0.007883785 0.999497771 78.590736389
0.999487102 0.006556723 -0.031347137 -2.374135971 -0.006669538 0.999971569 -0.003495678 -1.711539507 0.031323329 0.003702958 0.999502420 79.664756775
0.999464512 0.007514772 -0.031847835 -2.415016651 -0.007491190 0.999971449 0.000859776 -1.745218873 0.031853385 -0.000620737 0.999492526 80.738739014
0.999432564 0.008780790 -0.032519020 -2.459349394 -0.008733682 0.999960601 0.001590403 -1.765205622 0.032531705 -0.001305490 0.999469995 81.807090759
0.999414444 0.008827435 -0.033058699 -2.500295401 -0.008863103 0.999960244 -0.000932495 -1.779064178 0.033049155 0.001224952 0.999453068 82.878356934
0.999407709 0.008521616 -0.033339165 -2.548973083 -0.008578589 0.999961913 -0.001566186 -1.802129030 0.033324558 0.001851261 0.999442816 83.939224243
0.999387622 0.007762374 -0.034118406 -2.582511902 -0.007826189 0.999967754 -0.001737172 -1.825199723 0.034103837 0.002003125 0.999416232 84.991989136
0.999362469 0.006383366 -0.035124045 -2.621205330 -0.006439487 0.999978125 -0.001484880 -1.842842221 0.035113800 0.001710114 0.999381840 86.038658142
0.999365211 0.005679796 -0.035167255 -2.663348198 -0.005686353 0.999983788 -0.000086442 -1.867561936 0.035166200 0.000286361 0.999381363 87.047088623
0.999362230 0.005897513 -0.035217661 -2.708821058 -0.005797443 0.999978781 0.002942898 -1.893157601 0.035234272 -0.002736848 0.999375343 88.050453186
0.999318063 0.004791085 -0.036611717 -2.749628305 -0.004640574 0.999980390 0.004194893 -1.917927504 0.036631107 -0.004022133 0.999320686 89.029045105
0.999244034 0.004028745 -0.038664188 -2.791785717 -0.003874765 0.999984264 0.004056625 -1.935291767 0.038679924 -0.003903744 0.999244034 89.983352661
0.999125242 0.003046932 -0.041706488 -2.836834192 -0.002916025 0.999990702 0.003199283 -1.954982519 0.041715842 -0.003074868 0.999124825 90.915222168
0.998966515 0.002878920 -0.045360684 -2.883383751 -0.002776872 0.999993443 0.002312591 -1.974310398 0.045367055 -0.002184240 0.998968005 91.833473206
0.998825729 0.002882953 -0.048360944 -2.934884071 -0.002752022 0.999992430 0.002773748 -1.993222356 0.048368562 -0.002637401 0.998826087 92.727752686
0.998666108 0.003983923 -0.051479571 -2.985992193 -0.003788945 0.999985337 0.003884552 -2.010590792 0.051494282 -0.003684317 0.998666465 93.593345642
0.998505771 0.004870265 -0.054427538 -3.043478012 -0.004605557 0.999977052 0.004987845 -2.026281357 0.054450572 -0.004729723 0.998505235 94.436256409
0.998314202 0.006262638 -0.057701275 -3.093031168 -0.005896120 0.999961376 0.006520060 -2.040631056 0.057739887 -0.006168853 0.998312593 95.254249573
0.998181462 0.007587294 -0.059800845 -3.157744408 -0.007158335 0.999947190 0.007384100 -2.057030916 0.059853714 -0.006942596 0.998182952 96.042236328
0.997996032 0.009420692 -0.062572300 -3.206537247 -0.008941400 0.999928474 0.007935434 -2.076271772 0.062642597 -0.007360047 0.998008847 96.794845581
0.997774124 0.011097321 -0.065753430 -3.255940437 -0.010679154 0.999920428 0.006707724 -2.089324236 0.065822631 -0.005990603 0.997813344 97.525932312
0.997598648 0.012395221 -0.068141498 -3.315243721 -0.012213152 0.999920607 0.003087876 -2.108646154 0.068174370 -0.002248238 0.997670889 98.215522766
0.997400045 0.014908615 -0.070504554 -3.378902912 -0.014993192 0.999887228 -0.000670533 -2.119516850 0.070486613 0.001725879 0.997511208 98.889953613
0.997239530 0.016649252 -0.072363034 -3.432234287 -0.016928840 0.999851406 -0.003252052 -2.138617039 0.072298124 0.004468096 0.997373104 99.532478333
0.997129798 0.018739685 -0.073356085 -3.481830835 -0.019094339 0.999809146 -0.004136312 -2.153634071 0.073264569 0.005525126 0.997297287 100.148902893
0.997158587 0.021164054 -0.072296709 -3.535781145 -0.021487096 0.999762356 -0.003693413 -2.168878794 0.072201356 0.005236365 0.997376382 100.731964111
0.997347057 0.024892062 -0.068405516 -3.603297234 -0.025109056 0.999682069 -0.002314128 -2.183661699 0.068326160 0.004025588 0.997654974 101.302375793
0.997582555 0.027406987 -0.063857853 -3.622600317 -0.027519295 0.999620855 -0.000879731 -2.198848248 0.063809536 0.002634929 0.997958720 101.848587036
0.998018861 0.028035935 -0.056323335 -3.655260801 -0.027990911 0.999606967 0.001588204 -2.217897892 0.056345709 -0.000008516 0.998411417 102.360046387
0.998522699 0.028276941 -0.046397872 -3.679888725 -0.028115580 0.999596119 0.004126742 -2.230739594 0.046495810 -0.002816142 0.998914599 102.861648560
0.998997569 0.027626876 -0.035222322 -3.675594091 -0.027457800 0.999608934 0.005275001 -2.243191004 0.035354283 -0.004302585 0.999365568 103.328025818
0.999404967 0.026788589 -0.021728490 -3.678254604 -0.026676355 0.999629259 0.005438639 -2.253905296 0.021866132 -0.004855765 0.999749064 103.786384583
0.999622107 0.026700348 -0.006540064 -3.673224926 -0.026672665 0.999634922 0.004283893 -2.261334658 0.006652057 -0.004107833 0.999969363 104.224136353
0.999617457 0.025313636 0.011142790 -3.646972656 -0.025328562 0.999678493 0.001200560 -2.271950722 -0.011108812 -0.001482331 0.999937236 104.651481628
0.999156654 0.024934180 0.032624051 -3.624902248 -0.024848014 0.999686539 -0.003043882 -2.287400961 -0.032689717 0.002230672 0.999463081 105.069343567
0.998139501 0.022758165 0.056565996 -3.574344635 -0.022329973 0.999716997 -0.008190461 -2.293967247 -0.056736384 0.006912105 0.998365283 105.478759766
0.996258438 0.020514594 0.083954245 -3.520821571 -0.019642763 0.999744356 -0.011197517 -2.302404642 -0.084162496 0.009506524 0.996406674 105.890594482
0.993387341 0.017625963 0.113450900 -3.441824913 -0.016395641 0.999796271 -0.011768527 -2.322868109 -0.113635227 0.009830605 0.993473828 106.281951904
0.989152610 0.015296592 0.146092728 -3.362887383 -0.013403133 0.999813020 -0.013936277 -2.332017660 -0.146278560 0.011827005 0.989172876 106.616455078
0.983094513 0.013035320 0.182634622 -3.275400162 -0.010399954 0.999827683 -0.015380081 -2.345955372 -0.182803601 0.013220682 0.983060598 106.988426208
0.975272954 0.009642527 0.220792979 -3.157203674 -0.006312042 0.999855459 -0.015784770 -2.363161802 -0.220913306 0.014000807 0.975193024 107.350669861
0.965332747 0.007641289 0.260910511 -3.032266617 -0.003366235 0.999852598 -0.016828090 -2.375015497 -0.261000693 0.015366419 0.965216339 107.698547363
0.953096807 0.007883279 0.302562743 -2.904174805 -0.002782245 0.999846578 -0.017286731 -2.397499800 -0.302652627 0.015634123 0.952972770 108.017784119
0.937937021 0.010145457 0.346657217 -2.756378174 -0.004133634 0.999827981 -0.018077299 -2.407981634 -0.346781015 0.015522415 0.937817693 108.345855713
0.920337915 0.010694150 0.390978038 -2.581066132 -0.004276389 0.999841452 -0.017281616 -2.415235043 -0.391100943 0.014232947 0.920237720 108.665939331
0.900078118 0.009231010 0.435630679 -2.402545929 -0.002539300 0.999869645 -0.015940651 -2.426774979 -0.435721099 0.013241634 0.899984300 108.970222473
0.876862824 0.008185331 0.480670691 -2.212352753 -0.000399942 0.999867082 -0.016297122 -2.441657543 -0.480740190 0.014098099 0.876749754 109.247993469
0.851507068 0.009088903 0.524264455 -2.007923126 0.000599749 0.999832213 -0.018307691 -2.461393356 -0.524342775 0.015903557 0.851358712 109.524185181
0.823539615 0.011283538 0.567146540 -1.789760590 0.001329662 0.999760985 -0.021821298 -2.476118326 -0.567257166 0.018724818 0.823327780 109.793991089
0.792287588 0.015835790 0.609942198 -1.556133270 -0.000082225 0.999665856 -0.025847293 -2.493762732 -0.610147715 0.020428341 0.792024374 110.066963196
0.758754373 0.021999449 0.651005149 -1.302997589 -0.003729314 0.999559879 -0.029431613 -2.508130789 -0.651366174 0.019903567 0.758502483 110.307617188
0.721333683 0.027170416 0.692054451 -1.027565002 -0.004934544 0.999406457 -0.034093902 -2.501771688 -0.692569971 0.021178115 0.721039653 110.559745789
0.682179093 0.027369788 0.730672598 -0.733013153 -0.003359551 0.999406040 -0.034299508 -2.525944233 -0.731177449 0.020943683 0.681865871 110.785278320
0.641546845 0.024935078 0.766678452 -0.421066284 0.000382586 0.999460995 -0.032826133 -2.540901661 -0.767083704 0.021352828 0.641191661 110.979980469
0.597307563 0.022867318 0.801686168 -0.108718872 0.001230883 0.999566078 -0.029428735 -2.558075905 -0.802011251 0.018564792 0.597020328 111.166900635
0.550939679 0.021184532 0.834276140 0.232540131 0.002612124 0.999629021 -0.027108286 -2.566215277 -0.834540963 0.017114263 0.550679922 111.350326538
0.503014743 0.018853212 0.864072144 0.585891724 0.003827506 0.999703586 -0.024040718 -2.580208302 -0.864269376 0.015400078 0.502793550 111.509254456
0.452332050 0.014929224 0.891724646 0.959144592 0.006704015 0.999774694 -0.020138837 -2.594826221 -0.891824424 0.015087577 0.452130020 111.658943176
0.399715096 0.015318813 0.916511416 1.294704437 0.002786971 0.999835372 -0.017926987 -2.618575096 -0.916635156 0.009719978 0.399606675 111.778938293
0.348117083 0.020433340 0.937228382 1.674259186 -0.001122060 0.999770761 -0.021380115 -2.632525444 -0.937450409 0.006391156 0.348060250 111.892478943
0.298265129 0.025072336 0.954153657 2.060190201 -0.001180421 0.999663770 -0.025899217 -2.647440434 -0.954482317 0.006598528 0.298194528 111.973846436
0.251472712 0.027255919 0.967480540 2.461017609 0.000280220 0.999601305 -0.028233662 -2.659108639 -0.967864394 0.007371101 0.251364827 112.047210693
0.210506842 0.026910905 0.977221966 2.883695602 0.007396265 0.999548495 -0.029118996 -2.677224398 -0.977564454 0.013357539 0.210212812 112.094261169
0.174944311 0.026996614 0.984208107 3.319385529 0.014873755 0.999437451 -0.030058183 -2.687940836 -0.984465897 0.019897379 0.174444392 112.144866943
0.144342661 0.027990071 0.989131868 3.736908913 0.019391878 0.999327898 -0.031108426 -2.704871416 -0.989337802 0.023671394 0.143702880 112.183029175
0.116242580 0.026206067 0.992875159 4.208710670 0.017619550 0.999440134 -0.028442187 -2.723500013 -0.993064642 0.020800201 0.115715772 112.222526550
0.090764031 0.022763090 0.995612264 4.700069427 0.011658333 0.999645948 -0.023918141 -2.735546827 -0.995804250 0.013778087 0.090466499 112.263557434
0.067153461 0.018830132 0.997565031 5.206220150 0.006964740 0.999788702 -0.019340962 -2.750392437 -0.997718394 0.008246594 0.067008138 112.289505005
0.044409521 0.016331796 0.998879969 5.732671261 0.010406661 0.999804556 -0.016809596 -2.770727158 -0.998959184 0.011141514 0.044230931 112.299530029
0.024414584 0.016885733 0.999559402 6.268896580 0.018969720 0.999669492 -0.017350944 -2.791662931 -0.999521971 0.019384978 0.024086215 112.279846191
0.006460027 0.019634610 0.999786258 6.822602272 0.021947382 0.999563694 -0.019772042 -2.810143948 -0.999738276 0.022070423 0.006026279 112.284538269
-0.007758297 0.025010711 0.999656975 7.394279480 0.022479862 0.999438882 -0.024830787 -2.821054459 -0.999717236 0.022279507 -0.008316183 112.270561218
-0.018859332 0.029661875 0.999382019 7.991180420 0.020197937 0.999367118 -0.029280277 -2.831778765 -0.999618113 0.019633250 -0.019446507 112.264724731
-0.025352547 0.029521044 0.999242604 8.611258507 0.022156306 0.999334931 -0.028961631 -2.849184990 -0.999432981 0.021405274 -0.025989762 112.243835449
-0.027767120 0.026560973 0.999261558 9.273504257 0.028251341 0.999268472 -0.025776122 -2.868402004 -0.999215066 0.027514750 -0.028497195 112.220764160
-0.027116295 0.024786780 0.999324918 9.931974411 0.029771319 0.999269068 -0.023977563 -2.891171694 -0.999188840 0.029101046 -0.027834415 112.197433472
-0.025482161 0.024306055 0.999379694 10.603126526 0.028552040 0.999314249 -0.023576440 -2.915076256 -0.999267459 0.027933555 -0.026158672 112.187751770
-0.023801217 0.024726290 0.999410868 11.306473732 0.025133671 0.999392927 -0.024127282 -2.938601017 -0.999400616 0.024544606 -0.024408232 112.179382324
-0.022561854 0.026023693 0.999406755 12.021437645 0.024265403 0.999381006 -0.025475228 -2.956186771 -0.999450862 0.023676241 -0.023179358 112.167778015
-0.021950368 0.026835442 0.999398828 12.744901657 0.023587296 0.999375343 -0.026316749 -2.982786655 -0.999480784 0.022995459 -0.022569634 112.163932800
-0.021243073 0.026365010 0.999426603 13.497214317 0.023198783 0.999396026 -0.025871109 -3.005679846 -0.999505103 0.022635899 -0.021841880 112.156051636
-0.020254273 0.025210256 0.999476969 14.265192986 0.022111636 0.999448836 -0.024761459 -3.029568195 -0.999550343 0.021598548 -0.020800550 112.132034302
-0.019719755 0.024019934 0.999516904 15.033848763 0.022888280 0.999460220 -0.023567002 -3.054926395 -0.999543548 0.022412494 -0.020258885 112.119239807
-0.020249086 0.021604531 0.999561548 15.817838669 0.023630552 0.999497592 -0.021124445 -3.083847046 -0.999515712 0.023192439 -0.020749435 112.102523804
-0.021373086 0.019610720 0.999579310 16.607301712 0.020854587 0.999598861 -0.019165190 -3.113596916 -0.999554038 0.020436192 -0.021773485 112.091598511
-0.022744386 0.018794484 0.999564648 17.409683228 0.020618889 0.999619424 -0.018326348 -3.135437012 -0.999528706 0.020193094 -0.023123249 112.080368042
-0.023731427 0.016306914 0.999585330 18.210678101 0.022913663 0.999613106 -0.015763368 -3.157601118 -0.999455869 0.022530070 -0.024095898 112.055122375
-0.025067016 0.014919290 0.999574423 19.027860641 0.024124330 0.999606490 -0.014314787 -3.177085638 -0.999394596 0.023755239 -0.025417071 112.037208557
-0.026792953 0.013878882 0.999544680 19.855569839 0.021661295 0.999676824 -0.013300087 -3.206079483 -0.999406338 0.021295082 -0.027084934 112.019783020
-0.027803874 0.018746376 0.999437630 20.675409317 0.018183174 0.999668121 -0.018244857 -3.227655888 -0.999447942 0.017665666 -0.028135518 112.007354736
-0.028387340 0.023331860 0.999324620 21.508424759 0.020150973 0.999537826 -0.022764420 -3.255188704 -0.999393821 0.019491142 -0.028844383 111.979423523
-0.029428460 0.024972318 0.999254882 22.352371216 0.020281440 0.999497056 -0.024381073 -3.282554626 -0.999361157 0.019548828 -0.029920131 111.956237793
-0.031308133 0.022667568 0.999252737 23.198816299 0.016953077 0.999611080 -0.022144532 -3.311958075 -0.999365985 0.016247105 -0.031680245 111.944480896
-0.032634813 0.018517751 0.999295712 24.047065735 0.013800276 0.999741435 -0.018075321 -3.344006062 -0.999372065 0.013200672 -0.032881923 111.931823730
-0.032275002 0.012975690 0.999394774 24.897665024 0.012956555 0.999837041 -0.012563007 -3.376135111 -0.999395072 0.012543242 -0.032437857 111.893486023
-0.032332059 0.007273655 0.999450743 25.747900009 0.009235526 0.999932945 -0.006978399 -3.398031712 -0.999434531 0.009004824 -0.032397062 111.870445251
-0.032346874 0.005844126 0.999459505 26.595256805 0.006572893 0.999962449 -0.005634339 -3.423856497 -0.999455214 0.006387087 -0.032384071 111.856048584
-0.031740814 0.012822283 0.999413908 27.424709320 0.008808317 0.999882340 -0.012548549 -3.451254845 -0.999457359 0.008404851 -0.031850021 111.836250305
-0.030303027 0.023807123 0.999257147 28.255830765 0.011747980 0.999655783 -0.023460355 -3.480660439 -0.999471724 0.011028333 -0.030572280 111.802589417
-0.029860986 0.029491076 0.999118924 29.102758408 0.013904799 0.999480128 -0.029086160 -3.502163410 -0.999457359 0.013024003 -0.030255523 111.786293030
-0.028574757 0.023821637 0.999307752 29.943309784 0.015524631 0.999605954 -0.023384826 -3.536682844 -0.999471128 0.014845667 -0.028933315 111.763252258
-0.027462451 0.016334668 0.999489367 30.782756805 0.018490626 0.999703705 -0.015830111 -3.567351818 -0.999451816 0.018046448 -0.027756348 111.737892151
-0.027477073 0.013078343 0.999536932 31.615890503 0.018837480 0.999743521 -0.012563208 -3.598871231 -0.999444902 0.018483557 -0.027716391 111.719978333
-0.027364282 0.013737864 0.999531090 32.436458588 0.018259481 0.999745548 -0.013240921 -3.626431704 -0.999458730 0.017888591 -0.027608167 111.700942993
-0.028447989 0.014803008 0.999485612 33.253227234 0.015223837 0.999780715 -0.014374072 -3.650586367 -0.999479294 0.014807091 -0.028667113 111.686225891
-0.030288227 0.014877571 0.999430418 34.067516327 0.013890742 0.999798834 -0.014462093 -3.676512241 -0.999444664 0.013444802 -0.030488800 111.668601990
-0.032962196 0.014478848 0.999351740 34.895824432 0.012111031 0.999827385 -0.014086277 -3.708317995 -0.999383211 0.011638867 -0.033131860 111.659675598
-0.034978453 0.015083601 0.999274194 35.695137024 0.011435545 0.999826610 -0.014691649 -3.733784914 -0.999322534 0.010913355 -0.035144877 111.630104065
-0.037179559 0.015610499 0.999186635 36.502407074 0.009620297 0.999837220 -0.015262694 -3.758229256 -0.999262214 0.009045014 -0.037323684 111.607841492
-0.039382592 0.014707211 0.999115944 37.305080414 0.007561573 0.999867320 -0.014420214 -3.783078671 -0.999195516 0.006986984 -0.039488580 111.582344055
-0.041010428 0.013274303 0.999070406 38.102947235 0.007904681 0.999884665 -0.012960649 -3.812773705 -0.999127448 0.007365815 -0.041110631 111.547080994
-0.043037087 0.013226637 0.998985827 38.893943787 0.007177179 0.999890625 -0.012929417 -3.840420485 -0.999047697 0.006613457 -0.043127321 111.519790649
-0.044704679 0.014044646 0.998901427 39.673160553 0.006790712 0.999882221 -0.013754528 -3.868904114 -0.998977184 0.006168362 -0.044794790 111.483116150
-0.046162196 0.014140423 0.998833776 40.468765259 0.007077223 0.999879181 -0.013828144 -3.893288612 -0.998908818 0.006430635 -0.046256699 111.460861206
-0.046968456 0.013182848 0.998809278 41.246047974 0.009543538 0.999873161 -0.012748110 -3.916346550 -0.998850822 0.008933419 -0.047088314 111.419929504
-0.048749182 0.012589068 0.998731732 42.023433685 0.009604272 0.999880195 -0.012134750 -3.940833092 -0.998764873 0.009000535 -0.048864264 111.391403198
-0.050143450 0.012112224 0.998668492 42.787788391 0.008254768 0.999897242 -0.011712654 -3.966018438 -0.998707891 0.007656468 -0.050238289 111.361221313
-0.051633157 0.011213178 0.998603165 43.549491882 0.006497323 0.999919593 -0.010892013 -3.988649845 -0.998644948 0.005925860 -0.051701866 111.331283569
-0.052426331 0.009600843 0.998578548 44.288700104 0.005062257 0.999943495 -0.009348191 -4.016658306 -0.998611987 0.004564974 -0.052471973 111.300384521
-0.052926056 0.009298722 0.998555064 44.995086670 0.005174242 0.999945760 -0.009037426 -4.039868832 -0.998584986 0.004688452 -0.052971307 111.257568359
-0.052933130 0.012078565 0.998524904 45.700981140 0.005648205 0.999914527 -0.011795955 -4.060475349 -0.998582125 0.005015478 -0.052996829 111.224990845
-0.053056970 0.014777022 0.998482108 46.403068542 0.005572366 0.999879301 -0.014501597 -4.085759163 -0.998575926 0.004794498 -0.053132921 111.191902161
-0.053348918 0.016513912 0.998439312 47.099781036 0.003760863 0.999859452 -0.016336448 -4.105362415 -0.998568833 0.002883463 -0.053403530 111.161132812
-0.053307321 0.017217522 0.998429775 47.804580688 0.003784770 0.999847531 -0.017039910 -4.131535530 -0.998570919 0.002870475 -0.053364370 111.126670837
-0.053013243 0.016768334 0.998452961 48.500457764 0.005132992 0.999850273 -0.016519267 -4.156251907 -0.998580635 0.004249312 -0.053091373 111.088790894
-0.053606600 0.016243787 0.998429954 49.190605164 0.005953558 0.999855101 -0.015947321 -4.181625366 -0.998544395 0.005089329 -0.053695541 111.056533813
-0.053991765 0.016554551 0.998404026 49.888046265 0.001630040 0.999862611 -0.016490590 -4.202196598 -0.998540044 0.000737081 -0.054011330 111.032508850
-0.053603739 0.016448321 0.998426795 50.556144714 -0.000664323 0.999863505 -0.016507657 -4.232141018 -0.998561978 -0.001548150 -0.053585492 110.998023987
-0.053733483 0.015096749 0.998441100 51.250106812 0.000968840 0.999885976 -0.015066454 -4.256340981 -0.998555005 0.000157757 -0.053741992 110.964790344
-0.054659672 0.014745732 0.998396158 51.933120728 0.001512895 0.999890924 -0.014684983 -4.275413513 -0.998503983 0.000707793 -0.054676041 110.930450439
-0.058225732 0.013873732 0.998206973 52.598838806 -0.001880772 0.999900043 -0.014006970 -4.299733162 -0.998301744 -0.002692966 -0.058193836 110.899406433
-0.063826911 0.013584165 0.997868478 53.282211304 -0.005359221 0.999888241 -0.013954453 -4.324713707 -0.997946620 -0.006238468 -0.063746989 110.869758606
-0.069650307 0.017457807 0.997418642 53.938152313 -0.002396011 0.999840975 -0.017667519 -4.345518589 -0.997568607 -0.003620374 -0.069597416 110.816490173
-0.075908788 0.019936590 0.996915460 54.603569031 0.000229312 0.999800563 -0.019976825 -4.373376846 -0.997114837 -0.001287812 -0.075898208 110.756797791
-0.082814410 0.021560248 0.996331692 55.269168854 -0.000453678 0.999765038 -0.021672251 -4.396951199 -0.996564865 -0.002246788 -0.082785159 110.696846008
-0.089137599 0.020553337 0.995807230 55.945735931 -0.004385515 0.999769390 -0.021027669 -4.420980930 -0.996009707 -0.006241483 -0.089026883 110.641883850
-0.095324017 0.019597635 0.995253384 56.648784637 -0.004692189 0.999786258 -0.020136300 -4.444386482 -0.995435178 -0.006589389 -0.095211685 110.591773987
-0.099710666 0.020123083 0.994813025 57.333499908 -0.006675559 0.999759436 -0.020892235 -4.469033241 -0.994994104 -0.008724110 -0.099552341 110.526947021
-0.103874311 0.019638661 0.994396508 58.029697418 -0.008544586 0.999750555 -0.020636963 -4.484247208 -0.994553626 -0.010640356 -0.103680596 110.459709167
-0.105947942 0.016216258 0.994239390 58.705745697 -0.008577244 0.999814868 -0.017221199 -4.512145042 -0.994334698 -0.010352386 -0.105789259 110.376800537
-0.107486434 0.013497891 0.994114995 59.418762207 -0.006370577 0.999877870 -0.014264943 -4.530821800 -0.994186223 -0.007866372 -0.107387334 110.299461365
-0.109043896 0.010363042 0.993982911 60.134441376 -0.007151899 0.999911606 -0.011209445 -4.555932045 -0.994011283 -0.008331188 -0.108960159 110.225418091
-0.110766970 0.009769289 0.993798316 60.865890503 -0.008189976 0.999908686 -0.010742199 -4.580092430 -0.993812680 -0.009329066 -0.110676855 110.156845093
-0.111181647 0.013680425 0.993705988 61.589179993 -0.006019970 0.999877512 -0.014438944 -4.596294880 -0.993781865 -0.007587425 -0.111085705 110.078330994
-0.111043960 0.017784035 0.993656218 62.335159302 -0.000306038 0.999839187 -0.017928891 -4.619272232 -0.993815482 -0.002294991 -0.111020662 109.984199524
-0.111518040 0.023010634 0.993495941 63.077152252 0.007257978 0.999724030 -0.022340186 -4.642004013 -0.993735969 0.004719438 -0.111654282 109.893142700
-0.112109147 0.023567516 0.993416309 63.818042755 0.007016697 0.999712467 -0.022925038 -4.669525146 -0.993671179 0.004400396 -0.112242289 109.808006287
-0.113348022 0.021402312 0.993324757 64.585044861 0.005489176 0.999766171 -0.020914728 -4.697305202 -0.993540168 0.003081892 -0.113438994 109.739593506
-0.113039091 0.016555235 0.993452549 65.332717896 0.005485693 0.999856353 -0.016037764 -4.719541550 -0.993575513 0.003636882 -0.113113664 109.654258728
-0.112743042 0.014732394 0.993515015 66.079002380 0.008111868 0.999870360 -0.013906109 -4.744386196 -0.993591070 0.006491446 -0.112847961 109.557479858
-0.113540128 0.013914897 0.993436098 66.825904846 0.007949710 0.999882519 -0.013096619 -4.770909786 -0.993501663 0.006410538 -0.113637432 109.474647522
-0.115531236 0.015182874 0.993187785 67.573707581 0.006401461 0.999873698 -0.014540441 -4.793141842 -0.993283331 0.004677978 -0.115613863 109.397544861
-0.117575742 0.015780708 0.992938519 68.320442200 0.006131791 0.999866128 -0.015164732 -4.819571972 -0.993045032 0.004305487 -0.117656782 109.310379028
-0.119689822 0.015970349 0.992682815 69.060035706 0.007275057 0.999857843 -0.015208611 -4.844158173 -0.992784739 0.005401508 -0.119789004 109.223007202
-0.121772803 0.016129745 0.992426991 69.810081482 0.007062451 0.999856651 -0.015383921 -4.866288185 -0.992532849 0.005135625 -0.121869288 109.134681702
-0.123771772 0.015926922 0.992182910 70.557922363 0.006606903 0.999862254 -0.015226002 -4.888009548 -0.992288768 0.004670708 -0.123859957 109.043594360
-0.125407532 0.016060010 0.991975248 71.309066772 0.004344624 0.999868214 -0.015638547 -4.912263870 -0.992095828 0.002348566 -0.125460789 108.955055237
-0.126493618 0.017624220 0.991810918 72.061851501 0.004304280 0.999842465 -0.017217979 -4.936576366 -0.991958261 0.002091066 -0.126549527 108.863166809
-0.127579719 0.018056663 0.991663992 72.827575684 0.003290773 0.999836504 -0.017782107 -4.958261490 -0.991822958 0.000994704 -0.127618268 108.774154663
-0.128768593 0.017983532 0.991511643 73.592483521 0.002664277 0.999838173 -0.017788544 -4.987422943 -0.991671145 0.000351056 -0.128795683 108.674957275
-0.129839197 0.016664619 0.991394937 74.370742798 0.003402997 0.999860346 -0.016361238 -5.003226280 -0.991529286 0.001249384 -0.129877806 108.579902649
-0.130779594 0.014163596 0.991310120 75.152328491 0.001420163 0.999899626 -0.014098959 -5.026633263 -0.991410434 -0.000436035 -0.130786628 108.482307434
-0.132851154 0.012272097 0.991059899 75.941719055 -0.002128513 0.999917507 -0.012667105 -5.045674324 -0.991133809 -0.003792325 -0.132814050 108.390159607
-0.134628251 0.011444511 0.990830064 76.716720581 -0.001133570 0.999930799 -0.011703650 -5.073012352 -0.990895450 -0.002698817 -0.134605989 108.274169922
-0.136231795 0.012278870 0.990600944 77.513671875 0.000305517 0.999923646 -0.012352412 -5.092828274 -0.990676820 -0.001380145 -0.136225149 108.168304443
-0.138582796 0.013689782 0.990256190 78.308120728 -0.000278969 0.999903798 -0.013862197 -5.110873222 -0.990350783 -0.002197312 -0.138565660 108.060096741
-0.140155196 0.016855681 0.989986002 79.101829529 0.000990109 0.999857008 -0.016883571 -5.140404701 -0.990129054 -0.001386126 -0.140151858 107.950408936
-0.140272632 0.020742171 0.989895642 79.918296814 0.003240127 0.999784708 -0.020490248 -5.164531708 -0.990107596 0.000333167 -0.140309647 107.834510803
-0.141661108 0.024380440 0.989614904 80.717048645 0.003764500 0.999702692 -0.024090091 -5.203207016 -0.989908099 0.000312777 -0.141710788 107.717536926
-0.141631916 0.025580410 0.989588737 81.543067932 0.006059608 0.999669731 -0.024973737 -5.232098579 -0.989900947 0.002459442 -0.141740158 107.602920532
-0.140715078 0.024604857 0.989744306 82.375244141 0.009337792 0.999679685 -0.023524268 -5.265707493 -0.990006208 0.005931808 -0.140899763 107.482612610
-0.140583187 0.022866497 0.989804864 83.196220398 0.010123566 0.999714196 -0.021657564 -5.297836304 -0.990017235 0.006975664 -0.140774518 107.359191895
-0.139720604 0.021331551 0.989961267 84.043807983 0.009352702 0.999751747 -0.020222500 -5.325423241 -0.990146756 0.006433310 -0.139885440 107.243713379
-0.138235927 0.018754464 0.990221679 84.897521973 0.008520556 0.999806225 -0.017746514 -5.354602337 -0.990362644 0.005984032 -0.138368949 107.138511658
-0.136948571 0.015647685 0.990454555 85.753883362 0.008985599 0.999853730 -0.014553756 -5.379574776 -0.990537345 0.006906712 -0.137069181 107.031097412
-0.134861529 0.012295695 0.990788102 86.600151062 0.009416162 0.999893844 -0.011127011 -5.406482220 -0.990819693 0.007828818 -0.134963006 106.912391663
-0.133299753 0.012096629 0.991001904 87.451118469 0.007498925 0.999909163 -0.011196673 -5.431983948 -0.991047382 0.005938935 -0.133378327 106.806373596
-0.132084504 0.016127856 0.991107166 88.303421021 0.008074843 0.999851942 -0.015194023 -5.461051464 -0.991205573 0.005996141 -0.132195190 106.697540283
-0.129908025 0.022420969 0.991272509 89.153442383 0.009288280 0.999727964 -0.021394970 -5.486651897 -0.991482496 0.006427839 -0.130080938 106.585739136
-0.128676996 0.025819002 0.991350532 90.007995605 0.006590251 0.999661207 -0.025180040 -5.514891148 -0.991664708 0.003293154 -0.128803596 106.482070923
-0.127269760 0.023366233 0.991592944 90.870841980 0.005321895 0.999724209 -0.022874786 -5.544851303 -0.991853893 0.002365885 -0.127359048 106.378395081
