1.000000000 -0.000000000 -0.000000000 0.000000000 -0.000000000 1.000000000 0.000000000 0.000000000 -0.000000000 0.000000000 1.000000000 0.000000000
0.999997377 0.001016493 0.002046240 -0.008993727 -0.001014266 0.999998868 -0.001089030 -0.016669966 -0.002047344 0.001086952 0.999997318 1.206166387
0.999988437 0.001450913 0.004589641 -0.030631699 -0.001446206 0.999998450 -0.001028671 -0.032803487 -0.004591126 0.001022021 0.999988973 2.403874159
0.999981999 0.001008881 0.005914574 -0.030065827 -0.001004959 0.999999404 -0.000666130 -0.052289620 -0.005915242 0.000660174 0.999982238 3.602559090
0.999975860 0.000834720 0.006895553 -0.027074728 -0.000829173 0.999999344 -0.000807232 -0.072457828 -0.006896222 0.000801495 0.999975920 4.797929764
0.999972045 0.000609604 0.007454658 -0.017546903 -0.000606042 0.999999702 -0.000480071 -0.096705034 -0.007454948 0.000475540 0.999972105 6.004108906
0.999966621 0.000828507 0.008128378 -0.010490950 -0.000817133 0.999998748 -0.001402460 -0.119133800 -0.008129528 0.001395772 0.999965966 7.203316689
0.999959230 0.000673077 0.009008533 -0.008855678 -0.000659125 0.999998510 -0.001551576 -0.144936964 -0.009009564 0.001545575 0.999958158 8.392627716
0.999959946 0.000307298 0.008943131 0.001634248 -0.000307796 0.999999881 0.000054338 -0.169958383 -0.008943115 -0.000057088 0.999960065 9.596367836
0.999970853 0.000109301 0.007637419 0.003296517 -0.000117920 0.999999285 0.001128085 -0.192913860 -0.007637292 -0.001128953 0.999970257 10.789459229
0.999983609 -0.001878258 0.005408326 0.002692398 0.001875084 0.999998152 0.000591767 -0.214885667 -0.005409427 -0.000581616 0.999985218 11.993970871
0.999991596 -0.001395726 0.003854130 -0.007930521 0.001395394 0.999998987 0.000088785 -0.232769266 -0.003854251 -0.000083406 0.999992609 13.195907593
0.999996245 -0.001682201 0.002182596 -0.001483269 0.001682221 0.999998510 -0.000007107 -0.257507920 -0.002182581 0.000010779 0.999997675 14.389671326
0.999998808 -0.000113772 0.001492340 -0.009158272 0.000113949 1.000000000 -0.000118496 -0.277304858 -0.001492326 0.000118666 0.999998868 15.581961632
0.999999404 -0.000263341 0.000965198 -0.012762744 0.000263460 1.000000000 -0.000122771 -0.296152860 -0.000965165 0.000123026 0.999999523 16.781583786
0.999999344 -0.001206648 -0.000015048 -0.012082988 0.001206652 0.999999344 0.000242482 -0.314572453 0.000014755 -0.000242500 0.999999940 17.963502884
0.999999702 -0.000766448 -0.000123752 -0.021292653 0.000766547 0.999999344 0.000798246 -0.342634857 0.000123141 -0.000798341 0.999999702 19.168666840
0.999998987 -0.000640848 -0.001281820 -0.025185850 0.000640845 0.999999821 -0.000002447 -0.365435392 0.001281822 0.000001626 0.999999225 20.362735748
0.999999046 -0.000952719 -0.000979362 -0.045689266 0.000951993 0.999999285 -0.000740997 -0.392403126 0.000980066 0.000740064 0.999999225 21.574796677
0.999998391 0.000202179 -0.001786039 -0.052204046 -0.000202673 1.000000000 -0.000276795 -0.411035657 0.001785983 0.000277156 0.999998391 22.772813797
0.999997199 -0.000239035 -0.002336183 -0.069852069 0.000237964 0.999999821 -0.000458415 -0.438375860 0.002336293 0.000457858 0.999997079 23.955017090
0.999994755 -0.000106897 -0.003256924 -0.081181720 0.000103525 0.999999523 -0.001035584 -0.460412472 0.003257033 0.001035241 0.999994040 25.148433685
0.999992192 0.000051462 -0.003941426 -0.096908249 -0.000052048 1.000000000 -0.000148706 -0.487523675 0.003941418 0.000148910 0.999992192 26.334754944
0.999987721 -0.001634927 -0.004669691 -0.106723532 0.001642292 0.999997437 0.001573628 -0.507830262 0.004667107 -0.001581277 0.999987841 27.539146423
0.999981105 -0.001719801 -0.005899313 -0.113531224 0.001729554 0.999997139 0.001648458 -0.528788805 0.005896461 -0.001658630 0.999981225 28.736064911
0.999973714 -0.002526088 -0.006796879 -0.126482978 0.002532793 0.999996305 0.000978021 -0.550403595 0.006794383 -0.000995211 0.999976397 29.933622360
0.999968588 -0.002336563 -0.007566177 -0.137497574 0.002335375 0.999997258 -0.000165748 -0.568290710 0.007566546 0.000148073 0.999971330 31.129652023
0.999963641 -0.001969791 -0.008286303 -0.155197725 0.001969796 0.999998033 -0.000007506 -0.590141833 0.008286302 -0.000008816 0.999965608 32.319725037
0.999953628 -0.002109399 -0.009389341 -0.167449817 0.002113823 0.999997616 0.000461326 -0.609670639 0.009388347 -0.000481152 0.999955773 33.525764465
0.999950349 -0.002837400 -0.009550919 -0.185347050 0.002843783 0.999995708 0.000654789 -0.630663276 0.009549020 -0.000681918 0.999954224 34.712997437
0.999941409 -0.003662747 -0.010190352 -0.197073355 0.003674675 0.999992609 0.001152026 -0.657236099 0.010186058 -0.001189405 0.999947429 35.912742615
0.999937654 -0.003191636 -0.010695368 -0.216191038 0.003199798 0.999994576 0.000746186 -0.674575686 0.010692927 -0.000780363 0.999942541 37.110183716
0.999932289 -0.004065828 -0.010897413 -0.229670718 0.004083123 0.999990463 0.001565303 -0.696431875 0.010890944 -0.001609692 0.999939382 38.306781769
0.999935508 -0.003847136 -0.010682003 -0.252180427 0.003878623 0.999988198 0.002928531 -0.720074534 0.010670611 -0.002969774 0.999938607 39.522720337
0.999934912 -0.003309087 -0.010916384 -0.266587108 0.003345284 0.999989092 0.003299215 -0.730801821 0.010905348 -0.003335519 0.999934971 40.724903107
0.999934137 -0.002724824 -0.011148109 -0.279380292 0.002760024 0.999991298 0.003143292 -0.752140522 0.011139448 -0.003173855 0.999932885 41.922840118
0.999947429 -0.001491685 -0.010149447 -0.318109781 0.001521063 0.999994695 0.002887441 -0.765187263 0.010145087 -0.002902727 0.999944329 43.137714386
0.999952316 0.000868846 -0.009737658 -0.337159634 -0.000823483 0.999988794 0.004661579 -0.779415488 0.009741601 -0.004653337 0.999941766 44.340648651
0.999968112 0.000740651 -0.007963121 -0.352515161 -0.000679339 0.999970138 0.007699395 -0.795356989 0.007968588 -0.007693740 0.999938667 45.545715332
0.999980211 0.001294258 -0.006140368 -0.366913319 -0.001226853 0.999939084 0.010968394 -0.813716531 0.006154188 -0.010960644 0.999920964 46.745975494
0.999985218 0.001795734 -0.005118562 -0.372249037 -0.001722725 0.999897182 0.014232457 -0.818396807 0.005143594 -0.014223428 0.999885678 47.948867798
0.999993682 0.000528828 -0.003509590 -0.386444330 -0.000475080 0.999882877 0.015297830 -0.823893249 0.003517269 -0.015296066 0.999876797 49.158248901
0.999999583 -0.000509868 -0.000743526 -0.414296955 0.000520289 0.999900699 0.014084246 -0.829790413 0.000736271 -0.014084626 0.999900520 50.380264282
0.999999940 0.000367518 0.000109525 -0.416962326 -0.000368852 0.999922574 0.012441524 -0.834755957 -0.000104945 -0.012441564 0.999922633 51.595115662
0.999998868 0.000355920 0.001485060 -0.433602512 -0.000373527 0.999929428 0.011872628 -0.839576960 -0.001480730 -0.011873170 0.999928355 52.783088684
0.999999166 0.000257964 0.001338159 -0.435915262 -0.000272991 0.999936819 0.011241345 -0.842895031 -0.001335175 -0.011241701 0.999935865 53.987037659
0.999999642 -0.000104055 0.000908249 -0.443511665 0.000095083 0.999951303 0.009871788 -0.846585333 -0.000909232 -0.009871698 0.999950826 55.200908661
1.000000000 0.000128746 -0.000052349 -0.462194622 -0.000128177 0.999942482 0.010726511 -0.857645750 0.000053726 -0.010726504 0.999942482 56.374156952
0.999999225 -0.000222816 -0.001241014 -0.470106512 0.000237108 0.999933600 0.011528185 -0.861227989 0.001238363 -0.011528470 0.999932766 57.578250885
0.999997318 0.000019812 -0.002305539 -0.481641948 0.000008859 0.999922693 0.012435108 -0.875893474 0.002305608 -0.012435095 0.999919951 58.776744843
0.999993205 0.000912256 -0.003561843 -0.487695336 -0.000868900 0.999925792 0.012154953 -0.880006433 0.003572667 -0.012151775 0.999919772 59.973060608
0.999992549 0.001338833 -0.003615221 -0.509636641 -0.001294924 0.999925733 0.012120866 -0.888895214 0.003631179 -0.012116095 0.999919951 61.182220459
0.999993443 0.000288801 -0.003619361 -0.519305825 -0.000247762 0.999935806 0.011334030 -0.893049479 0.003622402 -0.011333060 0.999929190 62.381958008
0.999992192 0.000160147 -0.003948738 -0.527754068 -0.000119091 0.999945879 0.010395265 -0.901231408 0.003950189 -0.010394713 0.999938190 63.585796356
0.999991238 0.000333922 -0.004165607 -0.542169213 -0.000286155 0.999934256 0.011462188 -0.904859245 0.004169161 -0.011460896 0.999925613 64.797744751
0.999991059 -0.000553875 -0.004199345 -0.554218709 0.000608810 0.999914050 0.013091864 -0.915746689 0.004191732 -0.013094301 0.999905407 65.999885559
0.999990046 0.000188405 -0.004455652 -0.574120998 -0.000137798 0.999935508 0.011355523 -0.923160017 0.004457506 -0.011354798 0.999925613 67.187705994
0.999989092 0.001974772 -0.004219080 -0.590567708 -0.001931015 0.999944568 0.010350308 -0.931902230 0.004239287 -0.010342050 0.999937534 68.386688232
0.999983490 0.003980894 -0.004150369 -0.610012710 -0.003936939 0.999936640 0.010545274 -0.938212514 0.004192086 -0.010528760 0.999935687 69.562515259
0.999974549 0.005741738 -0.004230787 -0.620377898 -0.005695791 0.999925554 0.010792939 -0.945852935 0.004292441 -0.010768568 0.999932766 70.749588013
0.999964833 0.007583996 -0.003549537 -0.640780509 -0.007543688 0.999908328 0.011234977 -0.954189181 0.003634420 -0.011207809 0.999930561 71.942123413
0.999962747 0.008193689 -0.002703140 -0.649918914 -0.008159731 0.999890506 0.012343110 -0.962788999 0.002803981 -0.012320595 0.999920130 73.137336731
0.999949634 0.009984073 -0.000970949 -0.654200792 -0.009970451 0.999863863 0.013146378 -0.969568372 0.001102072 -0.013136037 0.999913096 74.330619812
0.999962330 0.008544726 0.001530733 -0.652437568 -0.008560251 0.999908805 0.010440760 -0.975474894 -0.001441380 -0.010453468 0.999944329 75.514396667
0.999975085 0.005921870 0.003855356 -0.650345266 -0.005942490 0.999967992 0.005359200 -0.985408306 -0.003823495 -0.005381976 0.999978185 76.688888550
0.999952197 0.006898299 0.006934243 -0.654657781 -0.006931514 0.999964595 0.004777384 -0.997429729 -0.006901042 -0.004825220 0.999964595 77.865463257
0.999939740 0.005657495 0.009413071 -0.645357549 -0.005737782 0.999947250 0.008524099 -1.012866735 -0.009364349 -0.008577596 0.999919415 79.046089172
0.999898434 0.006478230 0.012691612 -0.634221673 -0.006601466 0.999931216 0.009692354 -1.024277568 -0.012627950 -0.009775152 0.999872446 80.226028442
0.999837697 0.006553058 0.016785020 -0.622159004 -0.006690770 0.999944270 0.008161486 -1.035572529 -0.016730603 -0.008272466 0.999825835 81.393280029
0.999778450 0.005224386 0.020388650 -0.603654385 -0.005327832 0.999973238 0.005022697 -1.051203012 -0.020361861 -0.005130211 0.999779463 82.561294556
0.999704778 0.003877116 0.023987507 -0.581758738 -0.003916536 0.999991059 0.001596602 -1.067339301 -0.023981106 -0.001690079 0.999710917 83.715385437
0.999607742 0.003497690 0.027788572 -0.557697058 -0.003519074 0.999993563 0.000720640 -1.085594296 -0.027785871 -0.000818147 0.999613523 84.867256165
0.999511540 0.003399577 0.031066345 -0.523233652 -0.003475144 0.999991119 0.002378755 -1.105631471 -0.031057987 -0.002485553 0.999514401 86.045227051
0.999378741 0.004738637 0.034923673 -0.495489836 -0.004849068 0.999983490 0.003078056 -1.128334880 -0.034908511 -0.003245490 0.999385238 87.210128784
0.999241471 0.004199976 0.038715269 -0.455031157 -0.004230382 0.999990821 0.000703507 -1.145620346 -0.038711961 -0.000866753 0.999250054 88.366058350
0.999103844 0.004177515 0.042120710 -0.408205509 -0.004120230 0.999990463 -0.001446716 -1.166428566 -0.042126361 0.001271872 0.999111474 89.512939453
0.998974741 0.004034516 0.045092255 -0.361493587 -0.003951753 0.999990344 -0.001924413 -1.186136246 -0.045099586 0.001744246 0.998980999 90.682586670
0.998845518 0.003197243 0.047932073 -0.308072090 -0.003165874 0.999994755 -0.000730331 -1.206017137 -0.047934160 0.000577740 0.998850346 91.836250305
0.998703539 0.001940745 0.050866712 -0.258087158 -0.001979274 0.999997914 0.000707097 -1.229827642 -0.050865233 -0.000806860 0.998705208 92.993431091
0.998566985 0.001275179 0.053501099 -0.197020531 -0.001412615 0.999995768 0.002531112 -1.245890975 -0.053497650 -0.002603062 0.998564541 94.155052185
0.998445868 -0.000421043 0.055729058 -0.126103878 0.000246460 0.999995053 0.003139558 -1.260770679 -0.055730112 -0.003120943 0.998441041 95.320838928
0.998300970 -0.001083877 0.058257516 -0.075826645 0.001007995 0.999998629 0.001331913 -1.282827735 -0.058258880 -0.001270927 0.998300672 96.461936951
0.998187542 -0.002825059 0.060113110 -0.000436306 0.002968894 0.999992967 -0.002303544 -1.300877333 -0.060106177 0.002477838 0.998188913 97.615753174
0.998020709 -0.001737566 0.062861972 0.049794197 0.002055305 0.999985456 -0.004990228 -1.325711727 -0.062852390 0.005109553 0.998009801 98.778137207
0.997911572 -0.001815669 0.064567432 0.123679161 0.002196987 0.999980569 -0.005835216 -1.346435308 -0.064555593 0.005964884 0.997896314 99.957954407
0.997889578 -0.001631277 0.064913087 0.189824104 0.001982957 0.999983668 -0.005353666 -1.368530750 -0.064903297 0.005471089 0.997876585 101.134422302
0.997958541 -0.001544565 0.063846789 0.267609119 0.001770829 0.999992371 -0.003487422 -1.392395735 -0.063840918 0.003593365 0.997953713 102.321128845
0.998034179 -0.002257594 0.062631086 0.337081432 0.002392200 0.999994993 -0.002074288 -1.415702701 -0.062626086 0.002220037 0.998034596 103.520996094
0.998160303 -0.001726709 0.060605995 0.403614521 0.001806361 0.999997497 -0.001259504 -1.434549332 -0.060603667 0.001366663 0.998160958 104.713272095
0.998289824 -0.001398127 0.058442317 0.463240147 0.001448617 0.999998629 -0.000821572 -1.454908609 -0.058441080 0.000904827 0.998290479 105.907089233
0.998461246 -0.000801242 0.055447534 0.519490242 0.000858884 0.999999106 -0.001015769 -1.471729159 -0.055446673 0.001061829 0.998461068 107.106605530
0.998663902 0.000473246 0.051673844 0.578822136 -0.000408282 0.999999106 -0.001267747 -1.494163871 -0.051674400 0.001244955 0.998663187 108.319961548
0.998866320 0.000682553 0.047597490 0.633256435 -0.000644658 0.999999464 -0.000811490 -1.513736486 -0.047598023 0.000779886 0.998866260 109.533622742
0.999035239 0.001252399 0.043898001 0.673179150 -0.001255392 0.999999344 0.000040616 -1.531537414 -0.043897912 -0.000095686 0.999036014 110.742431641
0.999216259 0.001672624 0.039548028 0.711774588 -0.001706711 0.999998212 0.000828170 -1.553351760 -0.039546572 -0.000895018 0.999217331 111.949195862
0.999385774 0.001789465 0.034998279 0.758141756 -0.001850514 0.999996841 0.001712045 -1.575586915 -0.034995105 -0.001775758 0.999385834 113.180046082
0.999543428 0.002563110 0.030104766 0.788659811 -0.002618221 0.999994934 0.001791375 -1.589297175 -0.030100020 -0.001869378 0.999545157 114.395042419
0.999677241 0.002596441 0.025272992 0.809323311 -0.002640070 0.999995232 0.001693089 -1.610165834 -0.025268463 -0.001759265 0.999679148 115.647514343
0.999779403 0.003002523 0.020789647 0.819288731 -0.003034123 0.999994278 0.001488599 -1.625725746 -0.020785058 -0.001551349 0.999782801 116.870407104
0.999868929 0.003790194 0.015742453 0.836316705 -0.003802391 0.999992490 0.000744911 -1.644202352 -0.015739510 -0.000804672 0.999875784 118.088737488
0.999912500 0.005829776 0.011884308 0.851353168 -0.005837813 0.999982774 0.000641706 -1.660057664 -0.011880364 -0.000711028 0.999929130 119.330223083
0.999927938 0.007199835 0.009610245 0.851074636 -0.007209751 0.999973476 0.000997614 -1.683237314 -0.009602807 -0.001066829 0.999953330 120.540863037
0.999920011 0.009014324 0.008864465 0.853883684 -0.009019427 0.999959171 0.000535993 -1.704843640 -0.008859272 -0.000615903 0.999960542 121.807937622
0.999904573 0.011368565 0.007855226 0.853640318 -0.011375538 0.999934912 0.000843609 -1.722478271 -0.007845126 -0.000932886 0.999968767 123.048019409
0.999901116 0.012241717 0.006915743 0.853449345 -0.012253977 0.999923408 0.001733327 -1.742967725 -0.006893995 -0.001817900 0.999974608 124.289260864
0.999907255 0.012037253 0.006374702 0.853025377 -0.012050434 0.999925315 0.002033353 -1.757723331 -0.006349750 -0.002109982 0.999977648 125.536750793
0.999863207 0.015561983 0.005600890 0.850449324 -0.015584076 0.999870837 0.003922891 -1.770844340 -0.005539118 -0.004009639 0.999976695 126.786552429
0.999848843 0.016663676 0.004970891 0.845301211 -0.016699782 0.999833822 0.007312595 -1.788011670 -0.004848211 -0.007394503 0.999960899 128.032104492
0.999871731 0.015450264 0.004230431 0.849258542 -0.015479119 0.999856591 0.006874879 -1.800512195 -0.004123605 -0.006939481 0.999967337 129.284408569
0.999881089 0.015089053 0.003190347 0.853047848 -0.015105820 0.999871850 0.005298348 -1.809180140 -0.003109992 -0.005345910 0.999980867 130.524948120
0.999906361 0.013286618 0.003256927 0.852340102 -0.013306865 0.999891698 0.006276198 -1.817130685 -0.003173185 -0.006318951 0.999975026 131.806442261
0.999941170 0.010638489 0.002086167 0.855526209 -0.010655579 0.999908328 0.008359938 -1.829719186 -0.001997038 -0.008381676 0.999962926 133.062850952
0.999970376 0.007478875 0.001780436 0.860053241 -0.007497359 0.999915540 0.010612377 -1.848863721 -0.001700917 -0.010625411 0.999942124 134.310836792
0.999981165 0.006045204 0.001103176 0.864180207 -0.006056968 0.999921262 0.010990980 -1.847579837 -0.001036647 -0.010997456 0.999939024 135.622314453
0.999998391 0.001463608 0.001021887 0.868353963 -0.001473127 0.999954998 0.009376571 -1.858746529 -0.001008117 -0.009378063 0.999955475 136.888916016
0.999998689 -0.000708294 0.001424949 0.861797392 0.000696314 0.999964476 0.008390251 -1.866708279 -0.001430842 -0.008389246 0.999963760 138.165237427
0.999996483 -0.002294554 0.001343963 0.860741019 0.002283545 0.999964237 0.008136717 -1.877069831 -0.001362585 -0.008133618 0.999966025 139.441711426
0.999995053 -0.002158866 0.002275430 0.857883453 0.002139425 0.999961495 0.008512477 -1.889018416 -0.002293720 -0.008507569 0.999961197 140.724502563
0.999994218 -0.001821177 0.002847792 0.852543712 0.001791098 0.999942958 0.010529345 -1.899549723 -0.002866805 -0.010524186 0.999940515 141.998611450
0.999993801 0.000645535 0.003473377 0.851085067 -0.000688123 0.999924421 0.012274155 -1.912449479 -0.003465191 -0.012276467 0.999918640 143.281814575
0.999991000 0.000662991 0.004209802 0.848000407 -0.000708062 0.999942303 0.010713737 -1.920891166 -0.004202456 -0.010716620 0.999933779 144.555755615
0.999989450 0.000869799 0.004517319 0.846979558 -0.000909692 0.999960482 0.008836378 -1.931678057 -0.004509455 -0.008840395 0.999950767 145.826736450
0.999987245 0.000600069 0.005023088 0.845298529 -0.000633160 0.999978006 0.006588642 -1.944862723 -0.005019024 -0.006591738 0.999965727 147.100158691
0.999982774 -0.000339650 0.005871610 0.842263222 0.000324558 0.999996662 0.002570891 -1.964039087 -0.005872463 -0.002568942 0.999979496 148.361267090
0.999980330 0.000437246 0.006259303 0.845601737 -0.000430368 0.999999285 -0.001100266 -1.988145232 -0.006259779 0.001097550 0.999979854 149.613632202
0.999977589 -0.000344591 0.006701050 0.848250806 0.000355266 0.999998689 -0.001592005 -2.013700962 -0.006700492 0.001594350 0.999976337 150.894088745
0.999980509 -0.000552247 0.006223888 0.854830146 0.000563098 0.999998271 -0.001741736 -2.036600351 -0.006222916 0.001745206 0.999979138 152.159912109
0.999982953 0.000046010 0.005852088 0.857990026 -0.000038045 0.999999046 -0.001361093 -2.059935093 -0.005852146 0.001360847 0.999981999 153.420898438
0.999979854 0.000961778 0.006277564 0.854619682 -0.000958107 0.999999344 -0.000587790 -2.075330019 -0.006278126 0.000581764 0.999980152 154.685546875
0.999982715 0.001082588 0.005770341 0.860494494 -0.001082535 0.999999404 -0.000012242 -2.097034693 -0.005770351 0.000005995 0.999983370 155.956451416
0.999987066 0.001105920 0.004959097 0.862518907 -0.001105877 0.999999404 -0.000011242 -2.130501986 -0.004959106 0.000005758 0.999987721 157.224136353
0.999990404 0.001612622 0.004078483 0.859526157 -0.001613629 0.999998689 0.000243489 -2.150477409 -0.004078084 -0.000250067 0.999991655 158.490814209
0.999993742 0.001006720 0.003377777 0.866100788 -0.001011685 0.999998391 0.001468752 -2.175306082 -0.003376293 -0.001472160 0.999993205 159.762207031
0.999992847 0.002143728 0.003135530 0.855281711 -0.002149868 0.999995768 0.001956213 -2.196149826 -0.003131323 -0.001962940 0.999993145 161.010269165
0.999994755 0.002292158 0.002284388 0.857581973 -0.002293691 0.999997079 0.000668443 -2.216686010 -0.002282849 -0.000673679 0.999997199 162.284194946
0.999995232 0.002590333 0.001673743 0.852904260 -0.002589721 0.999996603 -0.000367951 -2.241109848 -0.001674691 0.000363615 0.999998569 163.548034668
0.999993145 0.003512636 0.001195127 0.838891685 -0.003512352 0.999993742 -0.000240008 -2.265941143 -0.001195964 0.000235809 0.999999225 164.803466797
0.999994397 0.003321907 0.000396179 0.832650185 -0.003321616 0.999994159 -0.000732941 -2.292490959 -0.000398612 0.000731620 0.999999642 166.078186035
0.999993205 0.003635593 -0.000557375 0.826592445 -0.003636493 0.999992073 -0.001623574 -2.318727970 0.000551468 0.001625590 0.999998569 167.363891602
0.999991417 0.004013735 -0.001054804 0.822608352 -0.004015819 0.999989986 -0.001980941 -2.332420349 0.001046843 0.001985160 0.999997497 168.630706787
0.999988496 0.004434031 -0.001827927 0.814753890 -0.004434718 0.999990106 -0.000372195 -2.358742237 0.001826259 0.000380297 0.999998271 169.912704468
0.999988735 0.004101602 -0.002402472 0.809663177 -0.004102333 0.999991536 -0.000299563 -2.378891706 0.002401225 0.000309415 0.999997079 171.166717529
0.999983370 0.004749516 -0.003280673 0.798167646 -0.004749839 0.999988675 -0.000090586 -2.397181988 0.003280206 0.000106167 0.999994636 172.438705444
0.999978840 0.005096316 -0.004052317 0.785293102 -0.005095443 0.999987066 0.000225657 -2.421966314 0.004053415 -0.000205004 0.999991715 173.729568481
0.999973893 0.005896670 -0.004176679 0.765514731 -0.005899365 0.999982357 -0.000633270 -2.447160482 0.004172873 0.000657893 0.999991059 174.969070435
0.999966800 0.006751496 -0.004562291 0.747370899 -0.006757259 0.999976337 -0.001248767 -2.467759609 0.004553752 0.001279554 0.999988735 176.236694336
0.999965847 0.006574037 -0.005022946 0.730640769 -0.006578933 0.999977887 -0.000958694 -2.486389875 0.005016533 0.000991707 0.999986887 177.497711182
0.999967694 0.006547269 -0.004669674 0.705935121 -0.006556284 0.999976635 -0.001917613 -2.518358707 0.004657010 0.001948166 0.999987245 178.752883911
0.999972939 0.005488828 -0.004906931 0.696407557 -0.005507538 0.999977529 -0.003807551 -2.537109852 0.004885923 0.003834472 0.999980748 180.018539429
0.999983549 0.002350092 -0.005233231 0.686444879 -0.002368346 0.999991179 -0.003484577 -2.566323996 0.005224996 0.003496914 0.999980211 181.281600952
0.999980271 0.001760838 -0.006025632 0.689073324 -0.001758247 0.999998391 0.000435360 -2.590883970 0.006026389 -0.000424757 0.999981761 182.544616699
0.999982655 0.001077347 -0.005779528 0.674357414 -0.001052551 0.999990344 0.004291649 -2.609255075 0.005784095 -0.004285492 0.999974132 183.810272217
0.999980867 0.002005725 -0.005850455 0.656782150 -0.001980466 0.999988735 0.004320175 -2.629209280 0.005859054 -0.004308505 0.999973476 185.055984497
0.999978900 0.003703824 -0.005323573 0.637737751 -0.003698137 0.999992669 0.001077610 -2.645092010 0.005327525 -0.001057900 0.999985218 186.305694580
0.999974608 0.004135598 -0.005800475 0.623221040 -0.004140549 0.999991119 -0.000841894 -2.667250395 0.005796941 0.000865890 0.999982715 187.552993774
0.999972284 0.004348119 -0.006041195 0.610516906 -0.004352237 0.999990284 -0.000668711 -2.688601494 0.006038227 0.000694986 0.999981463 188.803009033
0.999974728 0.004049125 -0.005844322 0.590950966 -0.004045921 0.999991655 0.000559888 -2.711667299 0.005846542 -0.000536228 0.999982715 190.046569824
0.999975026 0.004223593 -0.005663514 0.577407002 -0.004207642 0.999987185 0.002825419 -2.734024763 0.005675375 -0.002801519 0.999979973 191.296707153
0.999982119 0.003530802 -0.004814114 0.565945864 -0.003513770 0.999987543 0.003541662 -2.752967358 0.004826558 -0.003524682 0.999982119 192.549942017
0.999987066 0.003424203 -0.003737983 0.558453739 -0.003413086 0.999989688 0.002976474 -2.771656752 0.003748136 -0.002963678 0.999988556 193.790664673
0.999994457 0.002534897 -0.002160367 0.547216296 -0.002531975 0.999995887 0.001354277 -2.792640924 0.002163790 -0.001348799 0.999996722 195.019912720
0.999996781 0.002396884 -0.000862400 0.544960499 -0.002396811 0.999997079 0.000085207 -2.817905903 0.000862602 -0.000083140 0.999999642 196.258575439
0.999997616 0.001996283 0.000982281 0.539340675 -0.001996081 0.999997973 -0.000206954 -2.842909336 -0.000982692 0.000204993 0.999999583 197.472076416
0.999995768 0.001948111 0.002177159 0.531234264 -0.001948129 0.999998093 0.000005889 -2.859861612 -0.002177143 -0.000010130 0.999997616 198.704437256
0.999993742 0.001563799 0.003182421 0.536973953 -0.001569628 0.999997079 0.001830160 -2.882823944 -0.003179551 -0.001835144 0.999993205 199.921569824
0.999986529 0.002379814 0.004612381 0.527774513 -0.002390326 0.999994576 0.002274880 -2.911195040 -0.004606943 -0.002285874 0.999986768 201.139724731
0.999979675 0.002641639 0.005808741 0.527276874 -0.002654432 0.999994159 0.002195772 -2.926729441 -0.005802906 -0.002211147 0.999980688 202.350845337
0.999974132 0.002418036 0.006772318 0.530738831 -0.002436043 0.999993503 0.002652067 -2.953174114 -0.006765860 -0.002668496 0.999973595 203.545959473
0.999969065 0.002138141 0.007566144 0.538217902 -0.002161369 0.999993026 0.003063111 -2.975275517 -0.007559541 -0.003079370 0.999966741 204.740097046
0.999958098 0.002922025 0.008670311 0.534608483 -0.002949200 0.999990761 0.003123174 -2.997473955 -0.008661104 -0.003148614 0.999957561 205.930603027
0.999948680 0.002543795 0.009803367 0.534339190 -0.002571505 0.999992728 0.002815124 -3.016031504 -0.009796133 -0.002840189 0.999947965 207.090881348
0.999951005 0.001504912 0.009770880 0.546282530 -0.001529504 0.999995589 0.002510001 -3.033583164 -0.009767060 -0.002524823 0.999949098 208.254135132
0.999941111 0.001652647 0.010722833 0.543895125 -0.001694174 0.999991059 0.003864879 -3.057853699 -0.010716350 -0.003882817 0.999935031 209.401382446
0.999945343 0.000956686 0.010406425 0.548663139 -0.001005214 0.999988675 0.004658993 -3.072597980 -0.010401850 -0.004669200 0.999934971 210.540435791
0.999951184 0.001213172 0.009802654 0.554366827 -0.001260537 0.999987543 0.004827073 -3.098649025 -0.009796675 -0.004839195 0.999940276 211.655715942
0.999954641 0.001727390 0.009363487 0.555991769 -0.001763839 0.999990880 0.003885887 -3.117032051 -0.009356689 -0.003902227 0.999948561 212.754379272
0.999958634 0.001887486 0.008892988 0.560149908 -0.001914836 0.999993443 0.003067926 -3.136661768 -0.008887139 -0.003084828 0.999955714 213.842498779
0.999965012 0.001605956 0.008209915 0.564563751 -0.001628781 0.999994814 0.002774177 -3.153462410 -0.008205418 -0.002787452 0.999962449 214.910217285
0.999975383 0.001514917 0.006858710 0.569183946 -0.001535433 0.999994397 0.002986971 -3.180292368 -0.006854146 -0.002997429 0.999972045 215.973007202
0.999985158 0.001039014 0.005353833 0.570885301 -0.001059506 0.999992132 0.003825990 -3.198450327 -0.005349816 -0.003831606 0.999978364 217.031372070
0.999994278 -0.000458288 0.003345846 0.568343878 0.000439492 0.999984145 0.005616252 -3.217043877 -0.003348367 -0.005614749 0.999978602 218.074371338
0.999999046 -0.000339387 0.001292336 0.563076258 0.000329882 0.999972999 0.007347087 -3.232515097 -0.001294795 -0.007346655 0.999972165 219.101181030
0.999999225 -0.000346927 -0.001160977 0.558977127 0.000355921 0.999969900 0.007756006 -3.253643513 0.001158250 -0.007756412 0.999969244 220.108596802
0.999992430 0.000793443 -0.003808902 0.546593130 -0.000767845 0.999977112 0.006717448 -3.260958433 0.003814145 -0.006714472 0.999970138 221.097579956
0.999979973 0.000967750 -0.006257458 0.534041405 -0.000923464 0.999974608 0.007076285 -3.275990963 0.006264145 -0.007070365 0.999955356 222.066024780
0.999958813 0.001153859 -0.008995959 0.515740633 -0.001086557 0.999971390 0.007482657 -3.292263508 0.009004337 -0.007472575 0.999931574 223.007141113
0.999924302 0.001679210 -0.012188450 0.496400118 -0.001591125 0.999972582 0.007233020 -3.312747717 0.012200259 -0.007213079 0.999899507 223.940505981
0.999883890 0.001754798 -0.015134566 0.474855661 -0.001659821 0.999978900 0.006285746 -3.320312262 0.015145272 -0.006259896 0.999865711 224.843307495
0.999835670 0.001246112 -0.018089626 0.450115204 -0.001140624 0.999982357 0.005840573 -3.340141296 0.018096581 -0.005818978 0.999819279 225.721130371
0.999773562 0.002167233 -0.021172203 0.419981480 -0.002045217 0.999981165 0.005783014 -3.356331348 0.021184340 -0.005738402 0.999759138 226.584594727
0.999693990 0.003087576 -0.024542660 0.403720856 -0.002956994 0.999981284 0.005355120 -3.372741222 0.024558732 -0.005280909 0.999684453 227.417465210
0.999629200 0.004843213 -0.026792381 0.372231483 -0.004712314 0.999976695 0.004946679 -3.382978678 0.026815714 -0.004818591 0.999628842 228.234237671
0.999611080 0.005579330 -0.027319696 0.340873718 -0.005444292 0.999972641 0.005014786 -3.391925335 0.027346924 -0.004864099 0.999614179 229.036300659
0.999607027 0.005849896 -0.027418712 0.323805809 -0.005664495 0.999960601 0.006834656 -3.413798332 0.027457619 -0.006676656 0.999600768 229.814865112
0.999616206 0.005600674 -0.027132344 0.300773621 -0.005405106 0.999958873 0.007275929 -3.425234318 0.027171981 -0.007126483 0.999605358 230.574310303
0.999634504 0.005426006 -0.026485540 0.275871277 -0.005238438 0.999960780 0.007146162 -3.440609455 0.026523281 -0.007004807 0.999623656 231.317886353
0.999645054 0.006360992 -0.025869848 0.246322632 -0.006224845 0.999966383 0.005339881 -3.452907085 0.025902942 -0.005176950 0.999651015 232.059997559
0.999669969 0.006284827 -0.024909420 0.226320267 -0.006202534 0.999975085 0.003379575 -3.465871572 0.024930041 -0.003223958 0.999683976 232.790649414
0.999697804 0.006332161 -0.023753105 0.205510139 -0.006286887 0.999978364 0.001980205 -3.479402065 0.023765130 -0.001830274 0.999715805 233.514068604
0.999725103 0.006887027 -0.022411220 0.187321663 -0.006862495 0.999975801 0.001171354 -3.484012127 0.022418743 -0.001017235 0.999748111 234.247207642
0.999767601 0.006425011 -0.020576810 0.170197964 -0.006403417 0.999978960 0.001115134 -3.497282982 0.020583542 -0.000983113 0.999787629 234.966873169
0.999801874 0.006551790 -0.018794276 0.154375553 -0.006527564 0.999977827 0.001350005 -3.513757706 0.018802701 -0.001227056 0.999822497 235.674468994
0.999835312 0.006209343 -0.017050769 0.139303684 -0.006191671 0.999980330 0.001089030 -3.525393248 0.017057199 -0.000983278 0.999853969 236.399276733
0.999872923 0.005724861 -0.014886924 0.127222538 -0.005715559 0.999983490 0.000667359 -3.541792154 0.014890499 -0.000582187 0.999888957 237.118438721
0.999907494 0.005443433 -0.012468011 0.121148825 -0.005430015 0.999984682 0.001109806 -3.553236008 0.012473862 -0.001042001 0.999921620 237.823669434
0.999950945 0.004453696 -0.008849529 0.109597921 -0.004437481 0.999988496 0.001851067 -3.567162275 0.008857671 -0.001811706 0.999959111 238.539215088
0.999973953 0.003833033 -0.006121176 0.106418729 -0.003823107 0.999991477 0.001632477 -3.576415300 0.006127382 -0.001609033 0.999979973 239.236495972
0.999987960 0.004025880 -0.002799732 0.099324524 -0.004020859 0.999990344 0.001796723 -3.590752840 0.002806937 -0.001785444 0.999994457 239.925109863
0.999993324 0.003647002 0.000246575 0.097593449 -0.003647289 0.999992669 0.001175202 -3.600196123 -0.000242290 -0.001176093 0.999999285 240.614898682
0.999987543 0.003586844 0.003457774 0.094664395 -0.003590842 0.999992907 0.001150499 -3.614535809 -0.003453623 -0.001162901 0.999993265 241.303802490
0.999971271 0.004565759 0.006061943 0.100673318 -0.004567968 0.999989450 0.000350552 -3.625300884 -0.006060279 -0.000378232 0.999981582 241.994430542
0.999950349 0.004599066 0.008857261 0.107252359 -0.004599547 0.999989450 0.000033969 -3.639327765 -0.008857012 -0.000074707 0.999960780 242.690811157
0.999919295 0.005055804 0.011657116 0.112342596 -0.005065842 0.999986827 0.000831822 -3.648861885 -0.011652756 -0.000890807 0.999931693 243.397293091
0.999884844 0.004824908 0.014387578 0.120609045 -0.004848245 0.999986947 0.001587490 -3.662426472 -0.014379731 -0.001657061 0.999895215 244.098556519
0.999847591 0.004367312 0.016902668 0.129217148 -0.004392068 0.999989331 0.001427765 -3.674579620 -0.016896253 -0.001501785 0.999856114 244.802444458
0.999805868 0.004756193 0.019120980 0.140240192 -0.004755430 0.999988735 -0.000085431 -3.685881376 -0.019121170 -0.000005514 0.999817133 245.509841919
0.999775648 0.004710610 0.020651169 0.154914856 -0.004657957 0.999985814 -0.002597006 -3.695070982 -0.020663107 0.002500233 0.999783397 246.218841553
0.999750853 0.004278342 0.021906629 0.167572498 -0.004180503 0.999981165 -0.004510064 -3.704727888 -0.021925509 0.004417360 0.999749899 246.934890747
0.999753118 0.004342942 0.021791469 0.185420036 -0.004237433 0.999979079 -0.004885565 -3.719427586 -0.021812230 0.004792018 0.999750614 247.658111572
0.999760687 0.002762842 0.021703763 0.201956749 -0.002646765 0.999982119 -0.005375179 -3.735362768 -0.021718225 0.005316447 0.999750018 248.387298584
0.999750853 0.004937164 0.021769451 0.214379311 -0.004812759 0.999971807 -0.005763381 -3.746720314 -0.021797292 0.005657174 0.999746382 249.113983154
0.999742925 0.005099131 0.022093959 0.228245258 -0.004965693 0.999969065 -0.006090235 -3.761059761 -0.022124330 0.005978956 0.999737322 249.855377197
0.999740541 0.003928511 0.022435343 0.238837719 -0.003747900 0.999960303 -0.008086665 -3.778507948 -0.022466220 0.008000481 0.999715626 250.601623535
0.999736667 0.000502533 0.022941532 0.256851673 -0.000267115 0.999947309 -0.010263577 -3.796256304 -0.022945480 0.010254748 0.999684155 251.355697632
0.999720514 -0.003017255 0.023445589 0.276753426 0.003276775 0.999933660 -0.011038472 -3.811349869 -0.023410728 0.011112211 0.999664187 252.117111206
0.999708354 -0.000398309 0.024142908 0.289946079 0.000574299 0.999973297 -0.007282989 -3.823654175 -0.024139365 0.007294733 0.999681950 252.894882202
0.999687850 0.003166060 0.024782227 0.295758247 -0.003138977 0.999994457 -0.001131645 -3.835475206 -0.024785673 0.001053501 0.999692202 253.674087524
0.999671817 0.002303340 0.025513746 0.314643383 -0.002365085 0.999994457 0.002390184 -3.851034641 -0.025508096 -0.002449741 0.999671638 254.458206177
0.999603927 0.001158199 0.028118452 0.335847378 -0.001162767 0.999999344 0.000146126 -3.861623764 -0.028118262 -0.000178764 0.999604642 255.262069702
0.999492168 0.002466342 0.031772632 0.362403393 -0.002277499 0.999979496 -0.005978393 -3.874073982 -0.031786725 0.005902994 0.999477208 256.060913086
0.999335647 0.004809309 0.036126323 0.376776695 -0.004462598 0.999943316 -0.009671691 -3.885297775 -0.036170788 0.009504049 0.999300420 256.865417480
0.999210656 0.006528729 0.039184254 0.404031754 -0.006161444 0.999936044 -0.009486732 -3.901432514 -0.039243679 0.009237813 0.999186873 257.678955078
0.999116182 0.004791861 0.041759979 0.450620651 -0.004487140 0.999962687 -0.007387647 -3.913781643 -0.041793823 0.007193734 0.999100506 258.518310547
0.999002516 0.001659049 0.044624161 0.493437767 -0.001481431 0.999990880 -0.004013087 -3.932611942 -0.044630412 0.003942976 0.998995841 259.353546143
0.998873055 -0.001361938 0.047441825 0.531805038 0.001492472 0.999995232 -0.002716138 -3.947744131 -0.047437903 0.002783882 0.998870313 260.192169189
0.998701036 -0.000600135 0.050949339 0.568769455 0.000703923 0.999997735 -0.002019153 -3.965542555 -0.050948005 0.002052395 0.998699129 261.037322998
0.998572707 0.001789299 0.053378019 0.611034393 -0.001576139 0.999990642 -0.004035239 -3.980702162 -0.053384736 0.003945349 0.998566270 261.879760742
0.998417079 0.002818799 0.056171980 0.646162033 -0.002464039 0.999976635 -0.006383870 -3.998283863 -0.056188654 0.006235355 0.998400748 262.719940186
0.998290777 0.002650993 0.058381416 0.697952271 -0.002272950 0.999976039 -0.006540861 -4.016554832 -0.058397353 0.006396984 0.998272896 263.566772461
0.998115659 0.003552910 0.061257958 0.743309975 -0.003290811 0.999985039 -0.004378968 -4.036080360 -0.061272595 0.004169129 0.998112321 264.406921387
0.997909844 0.005151071 0.064415663 0.791025162 -0.004973566 0.999983370 -0.002915672 -4.052157879 -0.064429611 0.002589204 0.997918844 265.257019043
0.997739673 0.005497805 0.066972524 0.853618622 -0.005322973 0.999981880 -0.002788685 -4.074224949 -0.066986643 0.002425889 0.997750878 266.123046875
0.997569263 0.005775550 0.069443390 0.910381317 -0.005568945 0.999979436 -0.003168404 -4.091150284 -0.069460258 0.002773976 0.997580767 266.965728760
0.997403681 0.003735196 0.071916573 0.970916748 -0.003474990 0.999986947 -0.003742954 -4.103549957 -0.071929619 0.003483327 0.997403562 267.801940918
0.997272670 0.000954356 0.073799416 1.043272018 -0.000722965 0.999994755 -0.003162044 -4.116452217 -0.073802046 0.003100066 0.997268081 268.683593750
0.997220695 0.000547189 0.074501343 1.109529495 -0.000301054 0.999994457 -0.003314962 -4.130404472 -0.074502736 0.003283319 0.997215450 269.536834717
0.997195780 -0.000528827 0.074834540 1.170404434 0.000745662 0.999995589 -0.002869623 -4.152935982 -0.074832685 0.002917377 0.997191787 270.380187988
0.997159898 -0.001413715 0.075299434 1.237987518 0.001640246 0.999994278 -0.002946651 -4.169322491 -0.075294860 0.003061792 0.997156560 271.256011963
0.997176647 -0.001120303 0.075083882 1.298570633 0.001316527 0.999995828 -0.002563957 -4.182846069 -0.075080700 0.002655568 0.997173905 272.113952637
0.997249246 -0.000570905 0.074119307 1.362220764 0.000756759 0.999996543 -0.002479446 -4.196062565 -0.074117646 0.002528716 0.997246265 272.968994141
0.997301817 -0.000671651 0.073407218 1.421087265 0.000872854 0.999995947 -0.002708869 -4.219276905 -0.073405102 0.002765634 0.997298360 273.841003418
0.997426093 -0.000607868 0.071698926 1.479948044 0.000884542 0.999992311 -0.003827145 -4.235230446 -0.071696050 0.003880715 0.997418940 274.694061279
0.997539520 0.000556438 0.070102938 1.538938522 -0.000231860 0.999989212 -0.004638071 -4.247237682 -0.070104755 0.004610405 0.997529089 275.570648193
0.997655571 0.001496147 0.068418115 1.594329834 -0.001152643 0.999986470 -0.005059883 -4.263168335 -0.068424776 0.004969160 0.997643888 276.421325684
0.997759700 0.002955635 0.066834122 1.643848419 -0.002624528 0.999983847 -0.005041426 -4.286624432 -0.066847943 0.004854723 0.997751355 277.278320312
0.997907996 0.003539482 0.064552151 1.694711685 -0.003240475 0.999983490 -0.004736120 -4.301816940 -0.064567864 0.004517033 0.997903049 278.121795654
0.998086035 0.003587275 0.061737247 1.742608070 -0.003401388 0.999989390 -0.003115779 -4.320168972 -0.061747763 0.002899823 0.998087585 278.993286133
0.998336256 0.002295029 0.057615597 1.786077499 -0.002264453 0.999997318 -0.000595997 -4.338460922 -0.057616811 0.000464537 0.998338640 279.833984375
0.998615682 0.000700290 0.052597582 1.827560425 -0.000770854 0.999998868 0.001321308 -4.358777046 -0.052596599 -0.001360024 0.998614907 280.679595947
0.998848975 -0.000043810 0.047964912 1.867458344 -0.000080291 0.999996662 0.002585396 -4.376183510 -0.047964867 -0.002586271 0.998845637 281.522735596
0.999039650 -0.000062809 0.043815251 1.890325546 -0.000066493 0.999995649 0.002949614 -4.385976315 -0.043815240 -0.002949694 0.999035299 282.343414307
0.999254704 -0.000974364 0.038589370 1.927450180 0.000824491 0.999992013 0.003899525 -4.403108597 -0.038592860 -0.003864802 0.999247670 283.166687012
0.999424756 -0.001724119 0.033870518 1.948617458 0.001600601 0.999991953 0.003673554 -4.411724091 -0.033876576 -0.003617227 0.999419510 283.967010498
0.999551415 -0.001720045 0.029902449 1.967744827 0.001616764 0.999992609 0.003477780 -4.426683903 -0.029908214 -0.003427875 0.999546766 284.755737305
0.999664485 -0.001651875 0.025847828 1.986761093 0.001564223 0.999992967 0.003410955 -4.442401409 -0.025853280 -0.003369380 0.999660075 285.526947021
0.999759674 -0.001395745 0.021877658 1.999124527 0.001324047 0.999993682 0.003291343 -4.453916550 -0.021882115 -0.003261585 0.999755263 286.277923584
