1.000000000 0.000000000 0.000000000 0.000000000 0.000000000 1.000000000 0.000000000 0.000000000 0.000000000 0.000000000 1.000000000 0.000000000
0.999978960 0.000407879 -0.006473320 -0.008256541 -0.000405264 0.999999821 0.000405270 -0.001970891 0.006473484 -0.000402638 0.999978960 0.091709390
0.999907076 0.000959773 -0.013598165 -0.016229937 -0.000958043 0.999999523 0.000133698 -0.001617987 0.013598287 -0.000120658 0.999907553 0.188552171
0.999772489 0.001366917 -0.021286039 -0.026079871 -0.001379175 0.999998868 -0.000561158 -0.002126015 0.021285247 0.000590387 0.999773264 0.285262555
0.999540567 0.001681635 -0.030261835 -0.042462125 -0.001741589 0.999996543 -0.001954918 -0.002209377 0.030258443 0.002006724 0.999540091 0.390649676
0.999125481 0.001925242 -0.041767824 -0.058958977 -0.002070077 0.999992013 -0.003424662 -0.004944365 0.041760895 0.003508130 0.999121487 0.501207232
0.998479128 0.001735863 -0.055103309 -0.084257036 -0.001961428 0.999989927 -0.004039686 -0.007946679 0.055095743 0.004141623 0.998472512 0.626082242
0.997428179 0.001854583 -0.071649455 -0.108822659 -0.002178341 0.999987781 -0.004440765 -0.004031897 0.071640342 0.004585421 0.997420013 0.761146724
0.995905221 0.000211961 -0.090403423 -0.135108396 -0.000592316 0.999991059 -0.004180496 -0.009323238 0.090401731 0.004216925 0.995896459 0.916519403
0.993912935 -0.000759278 -0.110165901 -0.176086277 0.000279881 0.999990404 -0.004366999 -0.012642370 0.110168166 0.004309583 0.993903637 1.075495243
0.991225362 -0.000978713 -0.132179081 -0.218049765 0.000381573 0.999989629 -0.004542914 -0.014778147 0.132182121 0.004452616 0.991215467 1.228986502
0.987712085 0.002599232 -0.156262547 -0.273885489 -0.003582948 0.999975502 -0.006013932 -0.018213023 0.156243101 0.006499914 0.987697244 1.398185134
0.983320951 0.006994642 -0.181744114 -0.340721786 -0.008476604 0.999936759 -0.007378625 -0.025376329 0.181681022 0.008796128 0.983318150 1.574057102
0.977935731 0.009887232 -0.208671451 -0.413026363 -0.011918767 0.999892950 -0.008480394 -0.028279491 0.208565235 0.010780388 0.977948964 1.753617764
0.971245229 0.010606158 -0.237845063 -0.492605180 -0.013075051 0.999875724 -0.008805069 -0.029266786 0.237722114 0.011661717 0.971263170 1.940364599
0.963172853 0.012368615 -0.268598199 -0.580929279 -0.015136085 0.999851584 -0.008234926 -0.033893541 0.268456489 0.011997184 0.963217139 2.136981487
0.953776240 0.014494241 -0.300168037 -0.676460147 -0.017434325 0.999822676 -0.007118596 -0.037185393 0.300011635 0.012022777 0.953859746 2.318127632
0.942498028 0.016189132 -0.333819628 -0.774895489 -0.019290127 0.999796093 -0.005976510 -0.038110174 0.333654851 0.012072272 0.942618012 2.504357338
0.929934680 0.018428639 -0.367262483 -0.877140403 -0.021911936 0.999745846 -0.005316965 -0.043154895 0.367071092 0.012991862 0.930102170 2.684800386
0.916093588 0.021299068 -0.400398314 -0.999851644 -0.025311990 0.999668419 -0.004735653 -0.043053672 0.400164664 0.014473179 0.916328907 2.867137909
0.900053382 0.022081738 -0.435220003 -1.116680622 -0.026478399 0.999641180 -0.004039688 -0.044418219 0.434974641 0.015159859 0.900315046 3.041198730
0.881632388 0.017814793 -0.471600503 -1.239773512 -0.022608349 0.999734282 -0.004499988 -0.046798054 0.471394956 0.014629445 0.881800830 3.217540741
0.860444367 0.013424055 -0.509367585 -1.373337150 -0.018344600 0.999820948 -0.004638803 -0.052423056 0.509214103 0.013335576 0.860536575 3.389123440
0.835358083 0.015043009 -0.549500227 -1.533704281 -0.018994590 0.999818385 -0.001505014 -0.055689182 0.549377859 0.011694757 0.835492194 3.569610596
0.806237578 0.020720605 -0.591229022 -1.710613728 -0.023702713 0.999715388 0.002714159 -0.062961295 0.591117024 0.011825476 0.806499124 3.731849909
0.773762703 0.023836851 -0.633026838 -1.908437014 -0.027048811 0.999623597 0.004578819 -0.065580331 0.632897735 0.013579704 0.774116337 3.898631573
0.737942576 0.023196472 -0.674464762 -2.126413107 -0.026329873 0.999637723 0.005572027 -0.069208033 0.674349785 0.013646737 0.738285959 4.072075844
0.697885215 0.018858930 -0.715961397 -2.343530416 -0.020163648 0.999774218 0.006680204 -0.067976281 0.715925872 0.009774378 0.698107958 4.240126133
0.654828310 0.015018171 -0.755628467 -2.580291748 -0.014783517 0.999865770 0.007060999 -0.064903401 0.755633116 0.006547105 0.654962361 4.405530453
0.611114979 0.014654441 -0.791406214 -2.841947556 -0.012242056 0.999883950 0.009061638 -0.064356849 0.791447222 0.004150738 0.611223459 4.536809444
0.562787771 0.015113917 -0.826463342 -3.118418455 -0.009841427 0.999884427 0.011583742 -0.060119364 0.826542974 0.001614392 0.562871397 4.675290108
0.512080729 0.016005345 -0.858788252 -3.415195227 -0.008256736 0.999871910 0.013711390 -0.057713121 0.858897686 0.000069450 0.512147248 4.796319962
0.459574521 0.017062942 -0.887975276 -3.720841646 -0.007939409 0.999854386 0.015103691 -0.045211695 0.888103664 0.000108726 0.459643155 4.896410942
0.404921144 0.019259129 -0.914148808 -4.052111149 -0.006485192 0.999813437 0.018191291 -0.043300189 0.914328575 -0.001437609 0.404970586 4.991973877
0.349316001 0.021261983 -0.936763704 -4.408022881 -0.006237390 0.999773204 0.020366218 -0.036450423 0.936984241 -0.001271284 0.349369347 5.080171585
0.293952376 0.024233356 -0.955512822 -4.785770416 -0.003607849 0.999699593 0.024244089 -0.029550448 0.955813229 -0.003679262 0.293951511 5.154898167
0.240269899 0.026136262 -0.970354259 -5.131283283 0.001048620 0.999629915 0.027184445 -0.032442421 0.970705569 -0.007549137 0.240153566 5.211556435
0.189479858 0.026549311 -0.981525600 -5.515168190 0.003470170 0.999610126 0.027708378 -0.027431160 0.981878459 -0.008656241 0.189313829 5.244435310
0.141718000 0.027678063 -0.989520073 -5.930857182 0.000587045 0.999606490 0.028044270 -0.020434797 0.989906847 -0.004555271 0.141645968 5.266367912
0.099451780 0.028147228 -0.994644284 -6.354564667 -0.001053144 0.999602139 0.028182231 -0.012067467 0.995041907 -0.001755270 0.099441856 5.265770912
0.061713520 0.026387181 -0.997744977 -6.793284416 -0.001650659 0.999651909 0.026335502 -0.001707688 0.998092532 0.000021680 0.061735582 5.262317181
0.027237255 0.023634598 -0.999349594 -7.256198406 -0.000969617 0.999720633 0.023616942 0.007409707 0.999628484 0.000325726 0.027252559 5.248469830
-0.003888048 0.020953372 -0.999772906 -7.722562790 -0.000842612 0.999779999 0.020956796 0.011679754 0.999992073 0.000923902 -0.003869545 5.217710495
-0.030838976 0.019197837 -0.999339938 -8.214487076 -0.000733273 0.999814928 0.019229585 0.017013863 0.999524057 0.001325809 -0.030819196 5.187815666
-0.051468596 0.016667176 -0.998535514 -8.720558167 -0.001486095 0.999858320 0.016765855 0.028587952 0.998673439 0.002346833 -0.051436536 5.141435623
-0.067665115 0.015848372 -0.997582138 -9.239756584 -0.001505275 0.999871075 0.015986837 0.038872153 0.997706831 0.002583387 -0.067632541 5.090111256
-0.080792673 0.016159896 -0.996599913 -9.783120155 -0.000376103 0.999867976 0.016243380 0.047535226 0.996730804 0.001687171 -0.080775917 5.037523270
-0.090412624 0.017368760 -0.995752931 -10.333271980 -0.000476351 0.999846935 0.017483424 0.052412428 0.995904267 0.002055050 -0.090390518 4.979173660
-0.097176053 0.018698597 -0.995091617 -10.906831741 -0.003055359 0.999813139 0.019085690 0.051304340 0.995262563 0.004895035 -0.097100772 4.911913395
-0.101732627 0.019830680 -0.994614124 -11.497377396 -0.002987319 0.999790788 0.020239439 0.056176603 0.994807303 0.005030241 -0.101652116 4.849077225
-0.103119984 0.020416249 -0.994459331 -12.102844238 -0.001009841 0.999786735 0.020630330 0.069421723 0.994668365 0.003131645 -0.103077374 4.783298969
-0.101890057 0.022675870 -0.994537175 -12.718445778 0.000990020 0.999741971 0.022693112 0.075131014 0.994795203 0.001327592 -0.101886243 4.718448162
-0.100421660 0.025257684 -0.994624257 -13.358892441 0.000468937 0.999678791 0.025338691 0.080000460 0.994944870 0.002078138 -0.100401260 4.652125359
-0.098655626 0.025097668 -0.994805098 -14.013098717 -0.001547747 0.999676764 0.025374068 0.085939586 0.995120347 0.004043001 -0.098584913 4.580287933
-0.097184569 0.022660971 -0.995008290 -14.679414749 -0.003196915 0.999728501 0.023080718 0.095320076 0.995261252 0.005424048 -0.097085752 4.515302658
-0.095727369 0.022583488 -0.995151401 -15.359404564 -0.003244839 0.999730110 0.022999529 0.108889848 0.995402217 0.005430792 -0.095628276 4.444290161
-0.093875520 0.025188792 -0.995265305 -16.066184998 -0.003915682 0.999662757 0.025669426 0.120007813 0.995576262 0.006306873 -0.093745239 4.373593807
-0.092296898 0.028753569 -0.995316267 -16.774166107 -0.004737979 0.999558985 0.029315488 0.128517598 0.995720208 0.007421517 -0.092119962 4.309982300
-0.090512559 0.030827686 -0.995418072 -17.502155304 -0.004823806 0.999495566 0.031392585 0.139885128 0.995883584 0.007643127 -0.090318203 4.239506245
-0.088645667 0.030240688 -0.995604038 -18.244184494 -0.006545366 0.999499738 0.030941796 0.151520699 0.996041656 0.009259448 -0.088403396 4.165695190
-0.087058023 0.026746050 -0.995844126 -18.995374680 -0.009328936 0.999573827 0.027661765 0.171948254 0.996159494 0.011698345 -0.086771414 4.093608856
-0.085441090 0.026176294 -0.995999277 -19.778625488 -0.010136734 0.999580264 0.027139978 0.187422752 0.996291637 0.012415049 -0.085139886 4.023639679
-0.084076375 0.028876828 -0.996040761 -20.550910950 -0.007858741 0.999529660 0.029641336 0.197388798 0.996428311 0.010319762 -0.083809890 3.962065220
-0.083016761 0.030894808 -0.996069133 -21.341213226 -0.005964839 0.999486029 0.031497922 0.211985409 0.996530235 0.008556247 -0.082789816 3.896188736
-0.081685543 0.032887917 -0.996115386 -22.143302917 -0.004668961 0.999431849 0.033380281 0.222538650 0.996647179 0.007377510 -0.081485569 3.828853607
-0.081036411 0.028232642 -0.996311188 -22.939683914 -0.004727488 0.999576628 0.028709693 0.233646482 0.996699929 0.007036580 -0.080868632 3.757949829
-0.080718175 0.021078482 -0.996514082 -23.740604401 -0.003524457 0.999764085 0.021432709 0.246952146 0.996730626 0.005242181 -0.080624849 3.696016312
-0.080776557 0.016730871 -0.996591806 -24.570224762 0.000267057 0.999859452 0.016764086 0.254028380 0.996732175 0.001087998 -0.080769680 3.626276731
-0.081244573 0.017197724 -0.996545851 -25.400373459 0.001473376 0.999852180 0.017134665 0.267992854 0.996693134 -0.000076188 -0.081257902 3.558851242
-0.081194058 0.024868932 -0.996388018 -26.242290497 0.000735101 0.999689937 0.024891444 0.272946239 0.996698022 0.001288592 -0.081187166 3.481991291
-0.081878506 0.032249968 -0.996120453 -27.097242355 -0.000957964 0.999473333 0.032437257 0.279985905 0.996641874 0.003610162 -0.081804484 3.414099693
-0.082048073 0.037542574 -0.995921016 -27.924718857 -0.002914221 0.999276936 0.037909165 0.288840413 0.996624112 0.006012707 -0.081879325 3.332135439
-0.082331948 0.037889350 -0.995884478 -28.768245697 -0.004730452 0.999251008 0.038408510 0.301107287 0.996593773 0.007873230 -0.082091026 3.254675627
-0.082784332 0.034159843 -0.995981812 -29.607482910 -0.004660210 0.999388099 0.034664016 0.320733428 0.996556580 0.007511121 -0.082574472 3.179895639
-0.082577571 0.031472318 -0.996087551 -30.438243866 -0.005138242 0.999474466 0.032005303 0.334646404 0.996571362 0.007761057 -0.082372464 3.098112106
-0.082853712 0.032939080 -0.996017218 -31.280092239 -0.006562812 0.999413908 0.033597350 0.348756194 0.996540070 0.009320338 -0.082588986 3.017296076
-0.082936838 0.035044007 -0.995938420 -32.121498108 -0.007659351 0.999329567 0.035801165 0.361826777 0.996525407 0.010597477 -0.082612813 2.945461512
-0.082693905 0.033796139 -0.996001780 -32.947067261 -0.008693474 0.999362290 0.034631953 0.368893504 0.996537089 0.011522567 -0.082347348 2.870297670
-0.082484730 0.028691202 -0.996179283 -33.769996643 -0.009210569 0.999520838 0.029550089 0.382984638 0.996549726 0.011612807 -0.082180947 2.801713228
-0.082145907 0.024335321 -0.996323168 -34.607608795 -0.010742829 0.999622107 0.025301632 0.397055477 0.996562362 0.012781755 -0.081853434 2.719725847
-0.081596881 0.025195122 -0.996346951 -35.426471710 -0.010821614 0.999599099 0.026163610 0.399882436 0.996606648 0.012916951 -0.081291504 2.654474258
-0.081050768 0.027884137 -0.996319830 -36.255538940 -0.009491620 0.999541700 0.028746450 0.406868041 0.996664762 0.011786610 -0.080748953 2.584729195
-0.080321856 0.032711081 -0.996232152 -37.108036041 -0.008963435 0.999397337 0.033537690 0.420894384 0.996728659 0.011623473 -0.079980232 2.501341581
-0.080160283 0.038331285 -0.996044755 -37.934535980 -0.008702636 0.999195397 0.039152909 0.434388399 0.996743977 0.011806723 -0.079762198 2.445257902
-0.079979233 0.041492097 -0.995932579 -38.784877777 -0.008714799 0.999065995 0.042322475 0.452636480 0.996758461 0.012064272 -0.079542927 2.362411499
-0.079704285 0.041387029 -0.995958984 -39.613716125 -0.008134742 0.999077439 0.042167604 0.473510027 0.996785402 0.011462810 -0.079294086 2.294289589
-0.079898067 0.036894266 -0.996120036 -40.437446594 -0.008307486 0.999255478 0.037676722 0.495252132 0.996768475 0.011285550 -0.079532079 2.229856491
-0.079328924 0.032551836 -0.996316910 -41.270114899 -0.009082629 0.999401629 0.033375792 0.511055171 0.996807158 0.011696842 -0.078985795 2.149386406
-0.078906119 0.029938411 -0.996432364 -42.089443207 -0.013554285 0.999424338 0.031101644 0.520698130 0.996789992 0.015960036 -0.078454882 2.069437981
-0.079376094 0.028148716 -0.996447206 -42.917804718 -0.016797561 0.999421537 0.029570812 0.535899162 0.996703207 0.019085104 -0.078857347 1.992249966
-0.080195755 0.026009042 -0.996439695 -43.735286713 -0.014680360 0.999520242 0.027270960 0.547028601 0.996671021 0.016815109 -0.079775468 1.925847292
-0.081346758 0.022197356 -0.996438503 -44.565280914 -0.011256301 0.999667704 0.023188224 0.556387424 0.996622324 0.013102500 -0.081069879 1.857514620
-0.082165860 0.021071877 -0.996395826 -45.384979248 -0.006627900 0.999742746 0.021689219 0.562445045 0.996596694 0.008386123 -0.082005061 1.793162584
-0.083862707 0.024481418 -0.996176481 -46.197231293 -0.006404847 0.999664307 0.025106320 0.569358110 0.996456742 0.008485844 -0.083677761 1.716190815
-0.085260153 0.030319350 -0.995897293 -47.031139374 -0.004879569 0.999512196 0.030847151 0.578005135 0.996346831 0.007489585 -0.085070625 1.634077549
-0.087302499 0.034795638 -0.995573878 -47.841529846 -0.002304991 0.999380052 0.035130780 0.578108072 0.996179223 0.005361795 -0.087168172 1.575950146
-0.088668257 0.033922210 -0.995483398 -48.651493073 -0.002274066 0.999410391 0.034258574 0.588401556 0.996058643 0.005301444 -0.088538848 1.497869968
-0.089583173 0.029786205 -0.995533824 -49.440650940 -0.005831051 0.999519885 0.030430166 0.600221395 0.995962381 0.008531041 -0.089366488 1.415581226
-0.090972155 0.026156219 -0.995509803 -50.233161926 -0.010683035 0.999571800 0.027239179 0.607641935 0.995796204 0.013113075 -0.090653777 1.327285767
-0.092669182 0.024960918 -0.995384037 -51.036079407 -0.014722335 0.999542058 0.026435822 0.615837216 0.995588183 0.017104166 -0.092259265 1.242371559
-0.093206562 0.025920205 -0.995309353 -51.819946289 -0.016742183 0.999478936 0.027596623 0.620607793 0.995506048 0.019235840 -0.092724040 1.159008026
-0.094297893 0.027571170 -0.995162189 -52.607955933 -0.016751360 0.999430954 0.029276732 0.627812207 0.995403111 0.019431055 -0.093782380 1.080227852
-0.095122956 0.027003070 -0.995099247 -53.389522552 -0.018517472 0.999410987 0.028890187 0.635122061 0.995293319 0.021174839 -0.094566889 0.997873783
-0.095663585 0.026836170 -0.995051980 -54.166755676 -0.019191647 0.999400914 0.028798535 0.643303096 0.995228708 0.021851651 -0.095091239 0.916701317
-0.096295625 0.028702511 -0.994938850 -54.940235138 -0.017482124 0.999381185 0.030522684 0.652038097 0.995199263 0.020332847 -0.095734261 0.840666771
-0.096523672 0.031446915 -0.994833767 -55.711021423 -0.016898306 0.999304950 0.033227805 0.664393902 0.995187342 0.020018278 -0.095925197 0.765417576
-0.096697718 0.035738610 -0.994671941 -56.490188599 -0.016692031 0.999156356 0.037522454 0.673676610 0.995173812 0.020231426 -0.096019588 0.682275295
-0.097343199 0.037816856 -0.994532168 -57.253643036 -0.017118163 0.999066412 0.039664768 0.686778903 0.995103598 0.020885659 -0.096604988 0.606397152
-0.097928859 0.037922036 -0.994470656 -58.005195618 -0.016686611 0.999070764 0.039740637 0.697816968 0.995053411 0.020486103 -0.097205043 0.528434277
-0.098204598 0.036126457 -0.994510353 -58.746154785 -0.016239502 0.999149561 0.037898589 0.705862522 0.995033741 0.019872164 -0.097534403 0.453104019
-0.098241612 0.032304063 -0.994638205 -59.480403900 -0.015667280 0.999298811 0.034002919 0.724169731 0.995039165 0.018923774 -0.097666621 0.373607635
-0.098006420 0.029350651 -0.994752884 -60.207813263 -0.016052963 0.999388278 0.031069012 0.735112309 0.995056212 0.019013694 -0.097475298 0.295793056
-0.096995018 0.026963446 -0.994919538 -60.914043427 -0.016416252 0.999453664 0.028686751 0.745133817 0.995149374 0.019115321 -0.096499383 0.226901054
-0.094680399 0.026296470 -0.995160341 -61.608219147 -0.019293172 0.999414861 0.028244460 0.748011172 0.995320678 0.021873996 -0.094117649 0.153340340
-0.090008907 0.027264908 -0.995567739 -62.298686981 -0.019249095 0.999390960 0.029109910 0.754890680 0.995754838 0.021783926 -0.089429244 0.081470013
-0.084385179 0.029137457 -0.996007144 -62.958091736 -0.019073494 0.999341965 0.030850990 0.755947232 0.996250689 0.021600697 -0.083773911 0.026639462
-0.077319250 0.030486777 -0.996540129 -63.598579407 -0.017829482 0.999330223 0.031955481 0.764431477 0.996846855 0.020238569 -0.076723903 -0.017626286
-0.068518676 0.031742334 -0.997144699 -64.235984802 -0.019152006 0.999267638 0.033125937 0.769866705 0.997465968 0.021367064 -0.067860581 -0.061836720
-0.056557421 0.033472124 -0.997838020 -64.862846375 -0.021181477 0.999172688 0.034717448 0.777717113 0.998174608 0.023099216 -0.055801652 -0.102376938
-0.041991856 0.034935564 -0.998506904 -65.463058472 -0.024107160 0.999062061 0.035968810 0.785446525 0.998826981 0.025581563 -0.041110292 -0.125151157
-0.023366088 0.036139764 -0.999073505 -66.039466858 -0.025605414 0.998996854 0.036735848 0.797140718 0.999398947 0.026440058 -0.022417275 -0.136357546
-0.001026833 0.037068412 -0.999312162 -66.611221313 -0.026876520 0.998950720 0.037082620 0.804531097 0.999638319 0.026896110 -0.000029486 -0.130140379
0.024683960 0.037305389 -0.998999000 -67.158905029 -0.026016809 0.998988926 0.036662173 0.812291741 0.999356687 0.025085794 0.025629573 -0.105914474
0.053758822 0.036672864 -0.997880280 -67.673675537 -0.024470676 0.999073505 0.035398405 0.823620081 0.998254061 0.022515824 0.054606430 -0.048722506
0.087730423 0.036825653 -0.995463312 -68.181022644 -0.023350475 0.999117792 0.034902956 0.826208234 0.995870531 0.020182487 0.088512935 0.019742012
0.124808744 0.036485415 -0.991509795 -68.645843506 -0.023317084 0.999155343 0.033831671 0.842325091 0.991906822 0.018896630 0.125554085 0.114729881
0.166426018 0.037320103 -0.985347390 -69.061637878 -0.023170561 0.999155581 0.033929557 0.827382326 0.985781729 0.017184293 0.167150185 0.183838844
0.211696565 0.037960041 -0.976597965 -69.515487671 -0.022333639 0.999172449 0.033996250 0.838045359 0.977080286 0.014614101 0.212369144 0.306696892
0.260366350 0.036719665 -0.964811385 -69.944244385 -0.019093426 0.999276876 0.032878790 0.839154959 0.965321064 0.009861024 0.260879219 0.452119827
0.309920073 0.031804182 -0.950230539 -70.352157593 -0.011222938 0.999493122 0.029792607 0.835743904 0.950696468 0.001431051 0.310119957 0.639070511
0.361284912 0.026133591 -0.932089210 -70.748626709 -0.006289428 0.999652743 0.025590084 0.846639037 0.932434320 -0.003383002 0.361323833 0.831825256
0.413403988 0.021887451 -0.910284638 -71.123344421 -0.001369208 0.999724865 0.023416176 0.843639016 0.910546780 -0.008433972 0.413320243 1.045751572
0.464401245 0.021121198 -0.885372996 -71.480255127 -0.001173051 0.999729335 0.023233956 0.849845052 0.885624170 -0.009751291 0.464300364 1.269395828
0.512974381 0.020091763 -0.858168781 -71.849548340 -0.000080402 0.999727190 0.023357920 0.856294096 0.858403981 -0.011913019 0.512836039 1.523979187
0.558056593 0.015711725 -0.829654157 -72.197753906 0.007862632 0.999675751 0.024220245 0.860756278 0.829765618 -0.020039536 0.557752192 1.808204651
0.601862311 0.008622483 -0.798553348 -72.524124146 0.018754689 0.999513328 0.024927611 0.866622984 0.798379660 -0.029979609 0.601407647 2.119159698
0.643905044 0.003945858 -0.765095294 -72.830902100 0.019755783 0.999567568 0.021781601 0.867401779 0.764850318 -0.029140336 0.643548608 2.435337067
0.685334802 0.000235514 -0.728228092 -73.111320496 0.016276306 0.999745190 0.015640937 0.856437743 0.728046238 -0.022572145 0.685156345 2.732833862
0.725958228 -0.006968398 -0.687703550 -73.393692017 0.013294781 0.999903977 0.003902447 0.863554239 0.687610269 -0.011975882 0.725981236 3.071762085
0.765093565 -0.009411222 -0.643850386 -73.663566589 0.008530942 0.999953568 -0.004479014 0.866068482 0.643862665 -0.002065786 0.765138328 3.441734314
0.802096128 -0.010304485 -0.597106040 -73.934242249 0.007010117 0.999944746 -0.007839696 0.865957975 0.597153902 0.002102409 0.802124023 3.847225189
0.836184263 -0.010439458 -0.548349321 -74.169639587 0.006571172 0.999937713 -0.009016329 0.851524413 0.548409343 0.003936014 0.836200774 4.258308411
0.866630852 -0.009212847 -0.498864919 -74.390304565 0.003911640 0.999924183 -0.011670900 0.848563790 0.498934686 0.008162980 0.866601229 4.707317352
0.892532051 -0.007793054 -0.450916648 -74.601669312 0.003567432 0.999941409 -0.010220399 0.833948851 0.450969875 0.007513418 0.892507493 5.183593750
0.913456082 -0.002079669 -0.406932116 -74.791069031 -0.001826975 0.999955893 -0.009211462 0.822443128 0.406933308 0.009157720 0.913411975 5.678897858
0.931112111 0.003352046 -0.364717722 -74.991348267 -0.007864651 0.999909699 -0.010888218 0.811675787 0.364648402 0.013006530 0.931054413 6.183300018
0.944525957 0.008349179 -0.328330636 -75.161872864 -0.012215243 0.999878109 -0.009714140 0.806105971 0.328209579 0.013185897 0.944512844 6.720106125
0.954506397 0.008789328 -0.298060834 -75.327102661 -0.011650397 0.999901474 -0.007823624 0.792621493 0.297962844 0.010940225 0.954514742 7.285232544
0.961688340 0.008348195 -0.274017990 -75.468734741 -0.010511056 0.999924004 -0.006425846 0.780786693 0.273943603 0.009059880 0.961703002 7.859619141
0.967706263 0.009037263 -0.251918525 -75.643646240 -0.010581630 0.999932587 -0.004776368 0.777737856 0.251858383 0.007287831 0.967736661 8.462600708
0.972227454 0.011219919 -0.233768895 -75.784553528 -0.012074519 0.999924660 -0.002224872 0.769710064 0.233726323 0.004985728 0.972289681 9.078042984
0.975754321 0.016353020 -0.218256682 -75.927467346 -0.016933868 0.999856293 -0.000790939 0.762224793 0.218212366 0.004467694 0.975891113 9.709030151
0.978567719 0.019712690 -0.204979718 -76.062088013 -0.020033814 0.999799192 0.000508773 0.753802299 0.204948619 0.003608657 0.978766143 10.351856232
0.981265366 0.018117247 -0.191806644 -76.186889648 -0.018429080 0.999830186 0.000158226 0.747396648 0.191776916 0.003379559 0.981432736 11.011343002
0.983896732 0.018592933 -0.177767977 -76.325958252 -0.018931799 0.999820769 -0.000209985 0.738922417 0.177732170 0.003572069 0.984072387 11.715758324
0.986330032 0.018982004 -0.163685113 -76.430328369 -0.019183410 0.999815881 0.000350316 0.734135389 0.163661614 0.002794511 0.986512482 12.414381027
0.988579690 0.020546487 -0.149291381 -76.544738770 -0.020686820 0.999785900 0.000612995 0.730143070 0.149271980 0.002482368 0.988793015 13.129776001
0.990440190 0.021312086 -0.136286378 -76.647247314 -0.021743650 0.999762177 -0.001678584 0.709727585 0.136218190 0.004625901 0.990667999 13.848353386
0.991840899 0.021567736 -0.125643790 -76.732673645 -0.022615347 0.999720395 -0.006917342 0.694716215 0.125459477 0.009702380 0.992051244 14.587658882
0.993036211 0.020371279 -0.116034806 -76.818458557 -0.022091862 0.999663949 -0.013561307 0.686412930 0.115719572 0.016030295 0.993152559 15.337539673
0.993952990 0.020044129 -0.107961789 -76.897216797 -0.021673979 0.999667764 -0.013944186 0.678195834 0.107646443 0.016199825 0.994057298 16.097238541
0.994634390 0.021970207 -0.101092376 -76.978729248 -0.022855416 0.999709845 -0.007606397 0.658663869 0.100895941 0.009876093 0.994848013 16.862768173
0.995049834 0.026828632 -0.095687419 -77.067771912 -0.026907828 0.999637842 0.000462843 0.639461875 0.095665172 0.002114188 0.995411336 17.640787125
0.995457232 0.026927734 -0.091322482 -77.148597717 -0.026632158 0.999635398 0.004453918 0.629528940 0.091409117 -0.002001569 0.995811462 18.425472260
0.995732248 0.025811071 -0.088607147 -77.205513000 -0.025591863 0.999665976 0.003609280 0.613256931 0.088670723 -0.001326250 0.996060193 19.187973022
0.996051669 0.026774986 -0.084642656 -77.293212891 -0.026663715 0.999641478 0.002444982 0.596522808 0.084677771 -0.000178440 0.996408343 19.961133957
0.996348441 0.025474919 -0.081491388 -77.358871460 -0.025170360 0.999671876 0.004762569 0.585983276 0.081585974 -0.002694011 0.996662617 20.734325409
0.996580243 0.023266388 -0.079287097 -77.420036316 -0.022770677 0.999715149 0.007150596 0.575588822 0.079430871 -0.005320721 0.996826231 21.509439468
0.996834755 0.020913156 -0.076700963 -77.470161438 -0.020252440 0.999750853 0.009382006 0.560238421 0.076878056 -0.007798927 0.997009993 22.274763107
0.997067750 0.020171510 -0.073817320 -77.538131714 -0.019839002 0.999789536 0.005234943 0.556278646 0.073907390 -0.003755130 0.997258067 23.039472580
0.997131407 0.022870952 -0.072150394 -77.597877502 -0.023082580 0.999731243 -0.002100538 0.547319412 0.072082967 0.003759930 0.997391462 23.803197861
0.997255802 0.023463294 -0.070215456 -77.659706116 -0.024213115 0.999658287 -0.009846727 0.534744203 0.069960423 0.011519842 0.997483134 24.556350708
0.997305036 0.024036791 -0.069316700 -77.709678650 -0.025057748 0.999589264 -0.013897030 0.518627405 0.068954185 0.015596500 0.997497916 25.308843613
0.997416914 0.026062379 -0.066933803 -77.772224426 -0.026946260 0.999560654 -0.012336436 0.494086295 0.066582888 0.014108187 0.997681081 26.078138351
0.997482896 0.029477227 -0.064489722 -77.833366394 -0.030053703 0.999516368 -0.007987071 0.468545198 0.064223081 0.009905119 0.997886360 26.832136154
0.997546852 0.032619681 -0.061936282 -77.894187927 -0.032871675 0.999454916 -0.003053861 0.452053726 0.061802901 0.005082321 0.998075366 27.593305588
0.997802198 0.030553386 -0.058799006 -77.948768616 -0.030700123 0.999527395 -0.001593694 0.439233422 0.058722507 0.003395330 0.998268485 28.352802277
0.997911751 0.028057955 -0.058178626 -77.987625122 -0.028173121 0.999602377 -0.001160088 0.417856783 0.058122933 0.002796739 0.998305500 29.113332748
0.998022974 0.025658172 -0.057374779 -78.026123047 -0.025767338 0.999667287 -0.001163543 0.402815759 0.057325825 0.002639638 0.998351991 29.849370956
0.998109818 0.025382416 -0.055970300 -78.075027466 -0.025600441 0.999667227 -0.003181670 0.391326547 0.055870917 0.004608520 0.998427331 30.602401733
0.998176634 0.023204453 -0.055723742 -78.112251282 -0.023485752 0.999714434 -0.004398458 0.377759069 0.055605773 0.005699152 0.998436451 31.353563309
0.998247981 0.022304708 -0.054804727 -78.159683228 -0.022566268 0.999736726 -0.004158319 0.363390863 0.054697543 0.005387771 0.998488367 32.114768982
0.998218060 0.025762469 -0.053822935 -78.218368530 -0.025971480 0.999657631 -0.003187338 0.347773314 0.053722396 0.004579521 0.998545408 32.881202698
0.998228192 0.025343005 -0.053833738 -78.264221191 -0.025602743 0.999663711 -0.004140513 0.334111989 0.053710699 0.005511469 0.998541355 33.653274536
0.998154283 0.024870897 -0.055403642 -78.308471680 -0.025139581 0.999675333 -0.004157807 0.318295836 0.055282250 0.005542957 0.998455405 34.427600861
0.998115361 0.022394599 -0.057133816 -78.363929749 -0.022643067 0.999736726 -0.003705192 0.305137217 0.057035793 0.004991894 0.998359740 35.215900421
0.997886360 0.023793284 -0.060473770 -78.419219971 -0.024065599 0.999703288 -0.003778568 0.288679361 0.060365912 0.005225918 0.998162627 36.001777649
0.997623801 0.027858321 -0.063013949 -78.482490540 -0.028162194 0.999595582 -0.003939076 0.271451771 0.062878720 0.005704326 0.998004854 36.793613434
0.997448802 0.027954338 -0.065684162 -78.550178528 -0.028578356 0.999554753 -0.008579790 0.254631311 0.065415084 0.010435047 0.997803509 37.595554352
0.997273088 0.028969189 -0.067877442 -78.616218567 -0.029862883 0.999479651 -0.012188578 0.239859104 0.067489035 0.014182355 0.997619271 38.371089935
0.997159243 0.027928546 -0.069954947 -78.673988342 -0.028958501 0.999486029 -0.013752245 0.223260164 0.069534920 0.015738968 0.997455359 39.181404114
0.997010767 0.028559633 -0.071791328 -78.744155884 -0.029520445 0.999487817 -0.012357948 0.204031169 0.071401633 0.014440320 0.997343183 40.005737305
0.996840060 0.026774766 -0.074787065 -78.796386719 -0.027718516 0.999548316 -0.011609653 0.181179106 0.074442446 0.013645953 0.997132003 40.834751129
0.996734202 0.026210221 -0.076379791 -78.866004944 -0.027048344 0.999584496 -0.009959126 0.163977891 0.076087020 0.011992551 0.997029006 41.668445587
0.996653199 0.025566315 -0.077645093 -78.926536560 -0.026106922 0.999641478 -0.005955306 0.143528283 0.077465013 0.007962452 0.996963263 42.492744446
0.996643901 0.025590017 -0.077755988 -79.017555237 -0.025778744 0.999666691 -0.001424242 0.130034059 0.077693626 0.003423914 0.996971309 43.373920441
0.996705294 0.025323523 -0.077053905 -79.087371826 -0.025336714 0.999678671 0.000806615 0.113650478 0.077049576 0.001148336 0.997026503 44.226230621
0.996759653 0.028605586 -0.075178854 -79.157424927 -0.028623356 0.999589920 0.000841304 0.099997446 0.075172096 0.001313293 0.997169614 45.081508636
0.996924520 0.028183669 -0.073124394 -79.228027344 -0.028276263 0.999600112 -0.000231127 0.089055568 0.073088638 0.002298101 0.997322798 45.943901062
0.997096002 0.025926391 -0.071605653 -79.289009094 -0.026180409 0.999653876 -0.002611064 0.075667605 0.071513161 0.004478146 0.997429609 46.804058075
0.997276366 0.021823840 -0.070452005 -79.342010498 -0.022176595 0.999745131 -0.004228667 0.059633806 0.070341758 0.005779536 0.997506261 47.675788879
0.997467041 0.020817058 -0.068015411 -79.411613464 -0.021173632 0.999765515 -0.004525700 0.047879949 0.067905262 0.005954370 0.997673929 48.555061340
0.997580111 0.018369794 -0.067054585 -79.471885681 -0.018524008 0.999826968 -0.001678729 0.028500229 0.067012146 0.002916786 0.997747838 49.430614471
0.997703075 0.016133973 -0.065789245 -79.535049438 -0.016153729 0.999869466 0.000231726 0.018826079 0.065784395 0.000831547 0.997833490 50.306671143
0.997742712 0.015762666 -0.065276355 -79.590209961 -0.015758473 0.999875605 0.000579137 0.001161411 0.065277383 0.000450826 0.997866988 51.181987762
0.997792900 0.017769843 -0.063980341 -79.651626587 -0.017981293 0.999834597 -0.002730591 -0.016488433 0.063921236 0.003875014 0.997947335 52.063674927
0.997801661 0.020193836 -0.063118853 -79.718124390 -0.020749019 0.999751508 -0.008152703 -0.040146440 0.062938519 0.009444435 0.997972727 52.920490265
0.997822523 0.022098366 -0.062143981 -79.777931213 -0.022992590 0.999641597 -0.013711370 -0.060252905 0.061818704 0.015110365 0.997973025 53.782562256
0.997763038 0.026955632 -0.061173685 -79.845375061 -0.028200937 0.999410331 -0.019585434 -0.085232258 0.060609683 0.021266777 0.997934878 54.630546570
0.997819483 0.026667088 -0.060374491 -79.901023865 -0.027936710 0.999403894 -0.020283418 -0.116222382 0.059797604 0.021925854 0.997969747 55.488815308
0.997885287 0.023918750 -0.060437646 -79.951110840 -0.024861824 0.999579847 -0.014900453 -0.134916902 0.060055852 0.016371533 0.998060763 56.344356537
0.997867048 0.023197161 -0.061018847 -80.008445740 -0.023592282 0.999704957 -0.005762800 -0.160572916 0.060867172 0.007190082 0.998120010 57.194984436
0.997832656 0.021698821 -0.062122881 -80.064949036 -0.021585634 0.999763846 0.002492672 -0.186660662 0.062162299 -0.001146309 0.998065472 58.048213959
0.997752726 0.019936211 -0.063968107 -80.129035950 -0.019955754 0.999800742 0.000333487 -0.204054594 0.063962020 0.000943793 0.997951984 58.887226105
0.997707486 0.015159395 -0.065955050 -80.187194824 -0.015409758 0.999875784 -0.003288876 -0.218610615 0.065897010 0.004297687 0.997817218 59.727558136
0.997572899 0.014033595 -0.068201609 -80.251701355 -0.014416337 0.999882877 -0.005122935 -0.240693331 0.068121739 0.006093718 0.997658491 60.561111450
0.997331619 0.015346103 -0.071373403 -80.316139221 -0.015898932 0.999847710 -0.007183933 -0.259908289 0.071252294 0.008299524 0.997423768 61.371658325
0.997071207 0.016828736 -0.074604809 -80.385818481 -0.017663006 0.999788344 -0.010536792 -0.280793130 0.074411713 0.011823675 0.997157454 62.191791534
0.996757150 0.017564757 -0.078528620 -80.456474304 -0.018707810 0.999729097 -0.013843931 -0.304484010 0.078264199 0.015268134 0.996815741 63.004722595
0.996483564 0.019680338 -0.081444278 -80.535087585 -0.021189190 0.999618769 -0.017703500 -0.331126332 0.081064813 0.019366987 0.996520638 63.819442749
0.996122420 0.024719313 -0.084434211 -80.625244141 -0.026300194 0.999498069 -0.017662369 -0.358845234 0.083955243 0.019814515 0.996272504 64.616378784
0.995714188 0.028365513 -0.088026881 -80.706253052 -0.029852001 0.999432325 -0.015616277 -0.383551598 0.087533958 0.018177124 0.995995700 65.420967102
0.995283842 0.031215381 -0.091845810 -80.791778564 -0.032247689 0.999432147 -0.009776702 -0.407186985 0.091488473 0.012692410 0.995725274 66.220420837
0.994890273 0.031513378 -0.095917255 -80.874351501 -0.032054424 0.999477684 -0.004104706 -0.430765331 0.095737785 0.007158305 0.995380878 67.036949158
0.994414628 0.031108303 -0.100855671 -80.961318970 -0.031307131 0.999509692 -0.000388789 -0.448786378 0.100794129 0.003544120 0.994901001 67.832717896
0.993754864 0.030511908 -0.107332475 -81.053588867 -0.030615874 0.999530971 0.000679452 -0.463659614 0.107302874 0.002610868 0.994222999 68.625038147
0.993178606 0.027673043 -0.113271773 -81.141166687 -0.027324880 0.999615848 0.004625433 -0.477793992 0.113356262 -0.001498742 0.993553221 69.413917542
0.992403865 0.028479235 -0.119680963 -81.242523193 -0.028196858 0.999594152 0.004052518 -0.489384502 0.119747818 -0.000647107 0.992804050 70.191925049
0.991549850 0.033112220 -0.125429064 -81.363365173 -0.032926958 0.999451458 0.003550502 -0.503975272 0.125477836 0.000609499 0.992096186 70.965721130
0.990705073 0.034575269 -0.131560043 -81.472259521 -0.034891371 0.999391019 -0.000097583 -0.514688730 0.131476566 0.004686986 0.991308212 71.736686707
0.989908099 0.033528768 -0.137687624 -81.582595825 -0.034235563 0.999409914 -0.002767670 -0.527473211 0.137513563 0.007453552 0.990471780 72.504501343
0.989138901 0.035041060 -0.142746270 -81.705955505 -0.036019720 0.999341846 -0.004276838 -0.539271116 0.142502487 0.009372068 0.989750147 73.268203735
0.988367677 0.037025157 -0.147507429 -81.823364258 -0.037290260 0.999303997 0.000968771 -0.551839113 0.147440657 0.004543089 0.989060402 74.032203674
0.987428784 0.037995480 -0.153429762 -81.953758240 -0.037700318 0.999277413 0.004833791 -0.561761737 0.153502598 0.001011326 0.988147795 74.793380737
0.986449003 0.036495887 -0.159957185 -82.078346252 -0.035775848 0.999332666 0.007379971 -0.578629255 0.160119787 -0.001557361 0.987096250 75.550445557
0.985315979 0.034390680 -0.167241707 -82.210739136 -0.034270570 0.999406099 0.003605073 -0.588343263 0.167266369 0.002179333 0.985909283 76.297248840
0.983940661 0.032219898 -0.175563574 -82.345237732 -0.033326358 0.999438822 -0.003356849 -0.598664999 0.175356865 0.009153835 0.984462380 77.030288696
0.982384026 0.029698705 -0.184498414 -82.495071411 -0.031065600 0.999507070 -0.004521887 -0.615359843 0.184273168 0.010173783 0.982822418 77.774162292
0.980347157 0.029323483 -0.195088491 -82.646789551 -0.030226059 0.999541700 -0.001650456 -0.630035102 0.194950685 0.007514776 0.980784237 78.510108948
0.977953017 0.029120119 -0.206784964 -82.806976318 -0.028919945 0.999573767 0.003991386 -0.633885980 0.206813067 0.002076824 0.978378236 79.251358032
0.975491881 0.030318234 -0.217936739 -82.985916138 -0.028383613 0.999525070 0.012002793 -0.646328568 0.218197137 -0.005522796 0.975889027 79.978332520
0.972906709 0.031045258 -0.229104161 -83.167739868 -0.028249763 0.999481082 0.015472293 -0.654994488 0.229465604 -0.008580960 0.973278880 80.703048706
0.970052958 0.034399193 -0.240445182 -83.363296509 -0.032554697 0.999402165 0.011640259 -0.668812871 0.240701869 -0.003464048 0.970592916 81.416725159
0.966929436 0.034231272 -0.252736360 -83.561767578 -0.034732167 0.999393582 0.002480663 -0.676904678 0.252668023 0.006379456 0.967531979 82.120079041
0.963771641 0.031640813 -0.264845848 -83.769935608 -0.033499770 0.999435604 -0.002503977 -0.676564932 0.264617175 0.011285536 0.964287519 82.829803467
0.960400045 0.030422390 -0.276958883 -83.979164124 -0.030957710 0.999517679 0.002440542 -0.681581736 0.276899576 0.006230118 0.960878670 83.565048218
0.957026124 0.031600859 -0.288274705 -84.205276489 -0.030098991 0.999500453 0.009642003 -0.687548518 0.288435429 -0.000550870 0.957499206 84.288635254
0.953392804 0.031587608 -0.300073773 -84.442245483 -0.028377872 0.999484003 0.015049791 -0.693261385 0.300394326 -0.005832909 0.953797221 84.999862671
0.949397981 0.029215854 -0.312713355 -84.684997559 -0.026379442 0.999563515 0.013298135 -0.697691917 0.312965393 -0.004376019 0.949754536 85.711265564
0.945799351 0.027755432 -0.323563337 -84.942260742 -0.026205070 0.999614656 0.009148137 -0.704980552 0.323692590 -0.000173302 0.946162283 86.406684875
0.942595780 0.022688380 -0.333164245 -85.191345215 -0.023252591 0.999726951 0.002294348 -0.711222112 0.333125323 0.005584288 0.942865968 87.104705811
0.939829826 0.018622991 -0.341134995 -85.449066162 -0.021105725 0.999770880 -0.003567701 -0.718242109 0.340990424 0.010552935 0.940007567 87.808410645
0.937251210 0.018287586 -0.348174870 -85.718765259 -0.021672303 0.999748170 -0.005828709 -0.726136327 0.347980648 0.013008716 0.937411427 88.509582520
0.934170723 0.024020061 -0.356016845 -86.002304077 -0.027719386 0.999601722 -0.005292296 -0.746646166 0.355747968 0.014812479 0.934464633 89.214164734
0.931123078 0.024054276 -0.363910764 -86.278076172 -0.027006481 0.999630630 -0.003025382 -0.760462761 0.363703638 0.012644952 0.931428850 89.907897949
0.928047836 0.024358898 -0.371663570 -86.566108704 -0.024789738 0.999686122 0.003619362 -0.765038013 0.371635109 0.005854502 0.928360343 90.614028931
0.925219417 0.026327567 -0.378518075 -86.854598999 -0.023495741 0.999650776 0.012098912 -0.774469376 0.378704429 -0.002300585 0.925514758 91.323608398
0.922720551 0.036710493 -0.383717299 -87.178878784 -0.031888064 0.999312341 0.018924011 -0.786077023 0.384148091 -0.005225572 0.923256576 92.020843506
0.919988155 0.043075927 -0.389571905 -87.487472534 -0.040139701 0.999071002 0.015678415 -0.781985879 0.389885455 0.001213345 0.920862615 92.710273743
0.917648196 0.039613448 -0.395414233 -87.790618896 -0.039567288 0.999182582 0.008275419 -0.783948898 0.395418912 0.008051547 0.918465674 93.397552490
0.915769339 0.032102022 -0.400419801 -88.093307495 -0.034614585 0.999400318 0.000958480 -0.790751874 0.400210410 0.012982621 0.916331351 94.087219238
0.913828135 0.032282844 -0.404816031 -88.398910522 -0.035305090 0.999376535 -0.000000162 -0.791243374 0.404563665 0.014292217 0.914398193 94.785263062
0.911879718 0.038818676 -0.408617705 -88.747558594 -0.040165514 0.999179065 0.005287810 -0.801904380 0.408487588 0.011590495 0.912690341 95.482177734
0.909474552 0.041148584 -0.413718313 -89.081085205 -0.040833093 0.999119878 0.009609686 -0.809994698 0.413749605 0.008153634 0.910354197 96.198265076
0.907235444 0.037247844 -0.418970704 -89.403915405 -0.037553050 0.999266326 0.007520951 -0.819738746 0.418943495 0.008910353 0.907968581 96.896804810
0.904983044 0.035973605 -0.423923999 -89.739791870 -0.038923725 0.999240816 0.001700719 -0.833602786 0.423663348 0.014961583 0.905696154 97.584487915
0.902893186 0.033144534 -0.428585321 -90.083480835 -0.039068233 0.999223888 -0.005029637 -0.837850273 0.428085983 0.021285295 0.903487265 98.281387329
