1.000000000 0.000000000 0.000000000 0.000000000 0.000000000 1.000000000 0.000000000 0.000000000 0.000000000 0.000000000 1.000000000 0.000000000
0.999995470 0.002998705 0.000135242 -0.005608786 -0.002998884 0.999994576 0.001341750 -0.012285311 -0.000131217 -0.001342150 0.999999106 0.772836447
0.999984622 0.005537950 0.000606353 -0.013160679 -0.005539109 0.999982715 0.001926581 -0.029799096 -0.000595673 -0.001929911 0.999997973 1.539206862
0.999976456 0.006769862 0.001127367 -0.021378350 -0.006771882 0.999975443 0.001797282 -0.048056927 -0.001115172 -0.001804874 0.999997675 2.274377346
0.999961495 0.008718921 0.000987679 -0.024586041 -0.008720361 0.999960959 0.001464944 -0.061219357 -0.000974867 -0.001473500 0.999998510 3.001770496
0.999958336 0.008966770 0.001660205 -0.033588950 -0.008968745 0.999959052 0.001187904 -0.074518330 -0.001649486 -0.001202745 0.999997914 3.718186855
0.999956310 0.009142022 0.001929165 -0.035270981 -0.009146080 0.999955952 0.002106291 -0.087126397 -0.001909824 -0.002123843 0.999995887 4.405785561
0.999945819 0.010008933 0.002859085 -0.046725631 -0.010023290 0.999936998 0.005052761 -0.102142617 -0.002808332 -0.005081145 0.999983191 5.087697506
0.999942183 0.009896032 0.004200624 -0.039342813 -0.009932612 0.999912143 0.008778716 -0.106019706 -0.004113381 -0.008819930 0.999952555 5.755984783
0.999943197 0.009188117 0.005397040 -0.035723519 -0.009253751 0.999881983 0.012264552 -0.116423205 -0.005283715 -0.012313798 0.999910235 6.385119915
0.999939382 0.008652515 0.006798378 -0.039263397 -0.008749514 0.999858439 0.014370384 -0.122746632 -0.006673075 -0.014428996 0.999873579 6.994210243
0.999928951 0.009271340 0.007480741 -0.024534065 -0.009379315 0.999850452 0.014530207 -0.134056553 -0.007344908 -0.014599341 0.999866366 7.574408054
0.999917328 0.009790472 0.008329953 -0.019663587 -0.009889958 0.999879241 0.011987205 -0.143702239 -0.008211588 -0.012068598 0.999893367 8.128094673
0.999909401 0.009727241 0.009299407 -0.020206004 -0.009810698 0.999911606 0.008971548 -0.146440178 -0.009211317 -0.009061968 0.999916553 8.657380104
0.999908686 0.008068582 0.010839310 -0.008753531 -0.008152016 0.999937356 0.007675396 -0.156943843 -0.010776700 -0.007763057 0.999911845 9.145109177
0.999907494 0.004217043 0.012923567 -0.005794883 -0.004285221 0.999976993 0.005252325 -0.162062526 -0.012901121 -0.005307220 0.999902666 9.620063782
0.999892294 0.002195076 0.014512897 0.012631714 -0.002255732 0.999988794 0.004164446 -0.167034656 -0.014503595 -0.004196735 0.999886036 10.062362671
0.999844193 0.006575744 0.016382188 0.017699853 -0.006611306 0.999975860 0.002117547 -0.176800311 -0.016367869 -0.002225525 0.999863565 10.478816032
0.999751449 0.010889973 0.019452751 0.016215429 -0.010920510 0.999939263 0.001464262 -0.185829669 -0.019435626 -0.001676331 0.999809742 10.863806725
0.999679387 0.011463804 0.022579834 0.027543247 -0.011523936 0.999930322 0.002534728 -0.193806335 -0.022549205 -0.002794123 0.999741852 11.209291458
0.999641120 0.007041102 0.025844036 0.039969862 -0.007124091 0.999969721 0.003120481 -0.201049164 -0.025821283 -0.003303476 0.999661148 11.532917023
0.999586642 0.002808287 0.028611658 0.054954320 -0.002887514 0.999992073 0.002728131 -0.202082202 -0.028603766 -0.002809620 0.999586880 11.810478210
0.999521911 -0.000734891 0.030906351 0.070589185 0.000605311 0.999991000 0.004201803 -0.209247634 -0.030909160 -0.004181087 0.999513447 12.067871094
0.999442697 -0.001075230 0.033362962 0.081090301 0.000900087 0.999985814 0.005264215 -0.215132490 -0.033368140 -0.005231252 0.999429405 12.300595284
0.999363899 -0.000438474 0.035658866 0.084243327 0.000287729 0.999991000 0.004232435 -0.218932286 -0.035660405 -0.004219483 0.999355018 12.504863739
0.999305129 0.000329434 0.037268743 0.103707045 -0.000446160 0.999995112 0.003123755 -0.228063092 -0.037267536 -0.003138213 0.999300361 12.701749802
0.999176741 0.003049020 0.040452085 0.099126905 -0.003139461 0.999992728 0.002172428 -0.231895953 -0.040445160 -0.002297638 0.999179006 12.859579086
0.999100387 0.005740353 0.042017329 0.103569806 -0.005808943 0.999981940 0.001510507 -0.237379611 -0.042007904 -0.001753223 0.999115765 13.030782700
0.999034524 0.007189755 0.043340761 0.110729188 -0.007201689 0.999974072 0.000119205 -0.244856402 -0.043338783 -0.000431217 0.999060333 13.185470581
0.998961449 0.006029309 0.045162141 0.120868593 -0.005974544 0.999981225 -0.001347524 -0.254987895 -0.045169428 0.001076301 0.998978674 13.333539963
0.998887300 0.004961253 0.046899393 0.126508534 -0.004831254 0.999984264 -0.002884810 -0.254948527 -0.046912964 0.002655017 0.998895466 13.471753120
0.998828173 0.004121064 0.048222035 0.133645654 -0.003942175 0.999985039 -0.003804199 -0.258559406 -0.048236992 0.003609641 0.998829424 13.608693123
0.998751163 0.005065806 0.049703728 0.140094221 -0.004808270 0.999974430 -0.005299611 -0.259906590 -0.049729303 0.005054004 0.998749971 13.744851112
0.998688042 0.005520600 0.050909575 0.146829486 -0.005165565 0.999961436 -0.007102782 -0.266847610 -0.050946824 0.006830486 0.998678029 13.866443634
0.998638272 0.005867395 0.051837996 0.156051099 -0.005377789 0.999939620 -0.009579375 -0.266390860 -0.051891074 0.009287557 0.998609602 13.993390083
0.998614848 0.005198726 0.052357476 0.165081918 -0.004589318 0.999920368 -0.011752879 -0.272029728 -0.052414414 0.011496318 0.998559296 14.121284485
0.998632014 0.004364261 0.052107912 0.168828607 -0.003667264 0.999902606 -0.013464177 -0.276490718 -0.052161600 0.013254666 0.998550713 14.244913101
0.998750806 0.003595628 0.049838882 0.177190006 -0.002862022 0.999886632 -0.014783103 -0.279815823 -0.049886387 0.014621997 0.998647869 14.369318008
0.998886526 0.004070195 0.047002800 0.181083560 -0.003334567 0.999870837 -0.015718553 -0.282860577 -0.047060709 0.015544317 0.998771131 14.499994278
0.999059081 0.004576273 0.043127663 0.175535113 -0.003841258 0.999846160 -0.017110253 -0.282888442 -0.043199331 0.016928494 0.998923063 14.618382454
0.999286771 0.004354365 0.037511390 0.171018988 -0.003671923 0.999826849 -0.018242652 -0.287243724 -0.037584342 0.018091902 0.999129713 14.750049591
0.999526024 0.004276130 0.030486032 0.173687160 -0.003710192 0.999820173 -0.018596293 -0.293885410 -0.030560071 0.018474367 0.999362171 14.863604546
0.999720395 0.004536558 0.023205757 0.169685021 -0.004084136 0.999801397 -0.019506492 -0.294815302 -0.023289643 0.019406259 0.999540269 14.985176086
0.999882638 0.003888037 0.014817309 0.167888612 -0.003586806 0.999787509 -0.020302262 -0.297802299 -0.014893096 0.020246731 0.999684036 15.120596886
0.999980807 0.003156450 0.005328061 0.149979264 -0.003041170 0.999764025 -0.021507444 -0.301975906 -0.005394688 0.021490827 0.999754429 15.249785423
0.999967337 0.001767527 -0.007890608 0.145487770 -0.001949953 0.999729574 -0.023171827 -0.304602414 0.007847521 0.023186460 0.999700308 15.403045654
0.999713302 0.000859066 -0.023927143 0.122883737 -0.001461383 0.999682188 -0.025166890 -0.306873232 0.023897918 0.025194645 0.999396861 15.551940918
0.999063611 0.001221010 -0.043249711 0.096248806 -0.002353737 0.999655247 -0.026149157 -0.309295118 0.043202877 0.026226463 0.998722017 15.732752800
0.997885466 0.002284334 -0.064957030 0.061360359 -0.003960298 0.999662280 -0.025684090 -0.317142844 0.064876415 0.025887027 0.997557521 15.903031349
0.996057570 0.002768375 -0.088665500 0.024754405 -0.004930708 0.999695480 -0.024177808 -0.323062778 0.088571563 0.024519673 0.995767891 16.114467621
0.993352830 0.003765919 -0.115047462 -0.026747346 -0.006432732 0.999718964 -0.022817645 -0.328451604 0.114929192 0.023406044 0.993097901 16.318286896
0.989368916 0.004732579 -0.145349905 -0.090209246 -0.007777396 0.999761879 -0.020387089 -0.338689238 0.145218804 0.021300800 0.989170194 16.542171478
0.983963966 0.004786862 -0.178302556 -0.168102264 -0.007973047 0.999821067 -0.017157279 -0.340326786 0.178188503 0.018303763 0.983826101 16.797069550
0.976576984 0.005862422 -0.215088129 -0.253279686 -0.008900012 0.999873936 -0.013156773 -0.347949147 0.214983851 0.014762890 0.976506054 17.039302826
0.966916919 0.007413900 -0.254983485 -0.357133389 -0.009749865 0.999921262 -0.007898531 -0.350866318 0.254904866 0.010123281 0.966913223 17.303497314
0.955205202 0.011460157 -0.295722395 -0.498721123 -0.012876605 0.999913037 -0.002842664 -0.356048614 0.295664132 0.006523227 0.955269694 17.580966949
0.941016674 0.014869675 -0.338033408 -0.635164738 -0.015313557 0.999881804 0.001353725 -0.357697189 0.338013649 0.003902617 0.941133142 17.855312347
0.924335182 0.017309802 -0.381188929 -0.784347534 -0.015723795 0.999849856 0.007274997 -0.362458050 0.381257683 -0.000730798 0.924468577 18.125951767
0.905010223 0.020645607 -0.424888551 -0.940728188 -0.015742669 0.999762774 0.015047321 -0.368121117 0.425098538 -0.006929100 0.905120611 18.395349503
0.883263350 0.025130834 -0.468203366 -1.117571354 -0.017046167 0.999623537 0.021497332 -0.367341876 0.468567371 -0.011006730 0.883359194 18.655271530
0.858486176 0.030657135 -0.511919558 -1.331194401 -0.019970348 0.999452949 0.026363706 -0.370200187 0.512447715 -0.012409665 0.858628750 18.937984467
0.830375671 0.033615403 -0.556188941 -1.555561066 -0.020536670 0.999346733 0.029738624 -0.366394609 0.556825280 -0.013271961 0.830523729 19.212856293
0.799504697 0.037675291 -0.599477053 -1.802104950 -0.023112521 0.999221444 0.031973518 -0.366923153 0.600214899 -0.011707555 0.799753129 19.472549438
0.765391648 0.040906824 -0.642263532 -2.077641487 -0.023961656 0.999097288 0.035078824 -0.359133661 0.643118560 -0.011459340 0.765680909 19.753738403
0.728564799 0.044651382 -0.683520019 -2.396412849 -0.025069859 0.998942852 0.038534582 -0.339486241 0.684517920 -0.010939188 0.728914022 20.038866043
0.690147996 0.044480804 -0.722299993 -2.721855164 -0.021550160 0.998929799 0.040925380 -0.319840550 0.723347306 -0.012678891 0.690368056 20.287189484
0.648822606 0.044308074 -0.759648740 -3.070028305 -0.019158944 0.998938084 0.041901305 -0.303175569 0.760698557 -0.012632450 0.648982525 20.549276352
0.606819987 0.043353163 -0.793656170 -3.455868721 -0.013622009 0.998932064 0.044151057 -0.292735934 0.794722617 -0.015980555 0.606762469 20.793104172
0.561260581 0.043091264 -0.826516569 -3.861036301 -0.008640467 0.998894334 0.046210892 -0.275157452 0.827593982 -0.018794861 0.561012387 21.048286438
0.516115963 0.045020591 -0.855334580 -4.285195351 -0.006476698 0.998794258 0.048663512 -0.259992540 0.856494248 -0.019576274 0.515785336 21.242189407
0.466134667 0.044495828 -0.883594155 -4.740350246 -0.005339051 0.998857856 0.047483664 -0.235848784 0.884697676 -0.017416231 0.465839803 21.440200806
0.414346874 0.043550767 -0.909076452 -5.228915691 0.000001504 0.998854339 0.047852412 -0.215676188 0.910118997 -0.019828860 0.413872033 21.623741150
0.359532833 0.042270828 -0.932174563 -5.734106064 0.005237684 0.998866260 0.047315195 -0.189203978 0.933117747 -0.021893797 0.358903736 21.807819366
0.306201518 0.041355561 -0.951067924 -6.252243519 0.008158064 0.998905241 0.046062212 -0.167104363 0.951931775 -0.021863194 0.305528879 21.938194275
0.252845377 0.046882607 -0.966370106 -6.806882858 0.009230839 0.998662829 0.050864466 -0.135719478 0.967462659 -0.021781249 0.252074510 22.043855667
0.201150775 0.052351125 -0.978160501 -7.405039310 0.011580057 0.998373985 0.055814303 -0.110359967 0.979491889 -0.022554241 0.200217426 22.138872147
0.153383002 0.053477213 -0.986718714 -7.998790741 0.017303638 0.998236239 0.056791220 -0.083552480 0.988015294 -0.025784630 0.152187079 22.206897736
0.108800396 0.054959975 -0.992543161 -8.616086960 0.019888302 0.998150229 0.057450566 -0.062083900 0.993864655 -0.025990639 0.107506096 22.251382828
0.068983145 0.053156603 -0.996200621 -9.249071121 0.019365698 0.998319864 0.054610688 -0.032313347 0.997429788 -0.023059335 0.067837864 22.258489609
0.033156030 0.048771184 -0.998259485 -9.886397362 0.017396713 0.998629212 0.049367055 0.001967192 0.999298751 -0.019003246 0.032262128 22.258132935
0.004952142 0.048599374 -0.998806000 -10.561119080 0.014951567 0.998703063 0.048668485 0.039271832 0.999875963 -0.015174729 0.004219083 22.232965469
-0.016074143 0.052886646 -0.998471141 -11.265870094 0.014123414 0.998512626 0.052661471 0.068573594 0.999770999 -0.013255333 -0.016797174 22.203184128
-0.029307958 0.058938783 -0.997831285 -11.987744331 0.015784450 0.998162925 0.058494750 0.100126922 0.999445796 -0.014035855 -0.030184433 22.185716629
-0.037140671 0.061610390 -0.997408926 -12.729393005 0.015283523 0.998015940 0.061078761 0.133679986 0.999193132 -0.012975416 -0.038008600 22.147359848
-0.041029446 0.058733072 -0.997430325 -13.495352745 0.016404597 0.998175859 0.058102183 0.169539630 0.999023259 -0.013978540 -0.041918095 22.109861374
-0.040054929 0.054867052 -0.997689962 -14.273244858 0.023791177 0.998260558 0.053943273 0.206537426 0.998914242 -0.021575524 -0.041290600 22.082052231
-0.036070578 0.053233478 -0.997930408 -15.085253716 0.035880923 0.998005390 0.051940549 0.253598690 0.998704910 -0.033933140 -0.037908688 22.074214935
-0.030341627 0.053245690 -0.998120427 -15.909131050 0.036121521 0.997986317 0.052140489 0.293684185 0.998886704 -0.034471605 -0.032203838 22.049209595
-0.025208633 0.052184720 -0.998319209 -16.768283844 0.034275036 0.998094499 0.051307499 0.322291672 0.999094486 -0.032924030 -0.026949232 22.020658493
-0.022391513 0.045566194 -0.998710275 -17.627408981 0.038004123 0.998277545 0.044694379 0.361398637 0.999026716 -0.036954328 -0.024084646 22.013187408
-0.020006403 0.034634154 -0.999199808 -18.525602341 0.035523184 0.998793423 0.033908803 0.403343379 0.999168575 -0.034816358 -0.021212578 21.992443085
-0.019285323 0.026439939 -0.999464333 -19.422719955 0.027768277 0.999278784 0.025899224 0.427965522 0.999428332 -0.027253924 -0.020005604 21.955610275
-0.020509183 0.023498338 -0.999513507 -20.341335297 0.022312278 0.999485552 0.023039855 0.452604383 0.999540627 -0.021828894 -0.021022929 21.922872543
-0.024215914 0.029911840 -0.999259174 -21.296642303 0.013013167 0.999477029 0.029603003 0.467593700 0.999621987 -0.012286664 -0.024592496 21.886289597
-0.029356362 0.038111731 -0.998842239 -22.263338089 0.008450269 0.999246597 0.037878800 0.493672878 0.999533296 -0.007328501 -0.029656302 21.842556000
-0.033494938 0.047609292 -0.998304307 -23.240591049 0.006826744 0.998852432 0.047406375 0.527781367 0.999415517 -0.005227294 -0.033781521 21.787744522
-0.035539076 0.057523306 -0.997711420 -24.278038025 0.005698933 0.998337507 0.057356406 0.569976389 0.999352038 -0.003647497 -0.035807811 21.760368347
-0.036512904 0.065624386 -0.997176111 -25.296726227 0.007745677 0.997830153 0.065383814 0.613489509 0.999303162 -0.005336451 -0.036941983 21.721641541
-0.037981298 0.066257328 -0.997079551 -26.325893402 0.008662648 0.997783780 0.065974146 0.669473290 0.999240935 -0.006131563 -0.038471092 21.678543091
-0.039707392 0.063460931 -0.997194052 -27.319131851 0.007316875 0.997972846 0.063219160 0.718843699 0.999184549 -0.004786076 -0.040091235 21.632715225
-0.042284898 0.058573063 -0.997387171 -28.336175919 0.006980966 0.998273015 0.058329139 0.766508460 0.999081194 -0.004496284 -0.042620763 21.581588745
-0.046682537 0.053264193 -0.997488678 -29.364692688 0.006811269 0.998571098 0.053003240 0.813280642 0.998886526 -0.004319838 -0.046978626 21.520891190
-0.052527387 0.048906680 -0.997421205 -30.388702393 0.007475967 0.998791337 0.048580144 0.851196587 0.998591423 -0.004904900 -0.052829526 21.468708038
-0.059218384 0.046948239 -0.997140527 -31.410758972 0.006554993 0.998890221 0.046641327 0.892167985 0.998223424 -0.003774224 -0.059460413 21.392230988
-0.066118583 0.049307115 -0.996592760 -32.467720032 0.006632768 0.998777986 0.048975181 0.935196936 0.997789741 -0.003371998 -0.066364840 21.322677612
-0.072412737 0.054085851 -0.995907247 -33.535934448 0.005061003 0.998535573 0.053860612 0.976215184 0.997361958 -0.001140096 -0.072580427 21.236406326
-0.078571081 0.057053577 -0.995274484 -34.604705811 0.002509484 0.998369157 0.057032857 1.021579385 0.996905327 0.001983508 -0.078586124 21.144313812
-0.083262362 0.059116535 -0.994772613 -35.678199768 -0.000701877 0.998235166 0.059381045 1.072635651 0.996527374 0.005642414 -0.083073922 21.044380188
-0.085718147 0.060738545 -0.994466245 -36.757049561 -0.005156040 0.998099685 0.061404873 1.117654800 0.996306121 0.010391020 -0.085242070 20.935871124
-0.087604031 0.061507154 -0.994254649 -37.826328278 -0.009429916 0.997996032 0.062569469 1.182515144 0.996110737 0.014857077 -0.086848460 20.835298538
-0.088590369 0.060784604 -0.994211733 -38.905727386 -0.010423644 0.998024940 0.061946552 1.238061428 0.996013522 0.015851177 -0.087781802 20.720914841
-0.089804001 0.060368072 -0.994128227 -39.993099213 -0.011131044 0.998038232 0.061611004 1.282260060 0.995897233 0.016598601 -0.088955857 20.613576889
-0.091378838 0.059420515 -0.994041800 -41.059291840 -0.011714838 0.998084903 0.060739096 1.339365959 0.995747209 0.017195309 -0.090507746 20.519554138
-0.092317052 0.058817673 -0.993991017 -42.147281647 -0.013973108 0.998079002 0.060357332 1.390801311 0.995631576 0.019461153 -0.091317855 20.407659531
-0.092894249 0.056115590 -0.994093418 -43.227840424 -0.018499305 0.998140931 0.058072761 1.438766003 0.995504081 0.023784667 -0.091683470 20.293685913
-0.093069449 0.051209129 -0.994341850 -44.313743591 -0.023205455 0.998293579 0.053584658 1.487326980 0.995389163 0.028061250 -0.091722310 20.181602478
-0.092381634 0.050742537 -0.994429886 -45.427803040 -0.025102081 0.998264611 0.053270161 1.529544473 0.995407224 0.029883441 -0.090947561 20.070175171
-0.091103613 0.054850932 -0.994329751 -46.539707184 -0.025823370 0.998016119 0.057420306 1.575722814 0.995506585 0.030908139 -0.089506432 19.968826294
-0.088898994 0.058181711 -0.994339943 -47.631042480 -0.026029499 0.997815847 0.060712274 1.618088841 0.995700479 0.031279422 -0.087190390 19.859416962
-0.087372735 0.057930842 -0.994489789 -48.759700775 -0.024084069 0.997893035 0.060245037 1.673517227 0.995884538 0.029215135 -0.085793443 19.758590698
-0.084829092 0.056865007 -0.994771481 -49.868774414 -0.023983687 0.997964442 0.059092719 1.727614999 0.996106863 0.028871072 -0.083292566 19.659503937
-0.080824852 0.057024296 -0.995095789 -51.009071350 -0.028505387 0.997821569 0.059495788 1.788628578 0.996320605 0.033174325 -0.079023287 19.558437347
-0.074840769 0.057990871 -0.995508015 -52.135234833 -0.033691827 0.997590601 0.060645100 1.840759397 0.996626139 0.038079206 -0.072706625 19.456258774
-0.068631127 0.057450097 -0.995986700 -53.256019592 -0.037575081 0.997483313 0.060125653 1.895149708 0.996934235 0.041550759 -0.066299714 19.359071732
-0.063401908 0.056506548 -0.996387064 -54.415721893 -0.039001960 0.997492790 0.059051011 1.955229998 0.997225821 0.042605001 -0.061039068 19.288705826
-0.057540953 0.055529296 -0.996797621 -55.553428650 -0.038778666 0.997574091 0.057811081 2.011802912 0.997589886 0.041980989 -0.055248007 19.220329285
-0.052213173 0.055160347 -0.997111320 -56.703872681 -0.037169337 0.997674048 0.057137836 2.062734127 0.997943997 0.040045314 -0.050041456 19.150955200
-0.046569359 0.055997409 -0.997344255 -57.843025208 -0.036180492 0.997677803 0.057705533 2.111985683 0.998259544 0.038771722 -0.044435196 19.093658447
-0.040811833 0.057385724 -0.997517526 -59.009933472 -0.035291757 0.997643590 0.058836881 2.165594578 0.998543382 0.037605383 -0.038690422 19.042703629
-0.035386521 0.058777560 -0.997643709 -60.165561676 -0.035849523 0.997551799 0.060043730 2.217524529 0.998730540 0.037889790 -0.033192739 19.002002716
-0.030303380 0.057954032 -0.997859180 -61.334461212 -0.035474781 0.997626424 0.059017822 2.269319057 0.998911023 0.037187275 -0.028175548 18.967870712
-0.025535671 0.053226639 -0.998256028 -62.489566803 -0.035624642 0.997898817 0.054118887 2.316904068 0.999038935 0.036944479 -0.023585839 18.930891037
-0.022763345 0.047637939 -0.998605311 -63.650817871 -0.035103362 0.998210132 0.048419274 2.363956451 0.999124408 0.036156595 -0.021050349 18.921806335
-0.018680759 0.047821820 -0.998681128 -64.834121704 -0.034506846 0.998229623 0.048445653 2.397650719 0.999229848 0.035366341 -0.016997501 18.887411118
-0.014746683 0.050510116 -0.998614669 -66.005775452 -0.034574863 0.998100281 0.050994668 2.429300308 0.999293327 0.035278976 -0.012972288 18.873041153
-0.012287196 0.050251793 -0.998660982 -67.171401978 -0.035074417 0.998100162 0.050655119 2.473060608 0.999309242 0.035649862 -0.010501299 18.847141266
-0.011447729 0.049779948 -0.998694539 -68.337249756 -0.037131384 0.998050094 0.050173435 2.522207499 0.999244809 0.037657291 -0.009577008 18.830844879
-0.010658275 0.050994862 -0.998642147 -69.523452759 -0.037728403 0.997967064 0.051363070 2.558204174 0.999231100 0.038224611 -0.008712653 18.808734894
-0.009195850 0.050504453 -0.998681486 -70.703163147 -0.038410984 0.997968733 0.050822105 2.600796938 0.999219775 0.038827691 -0.007237243 18.788269043
-0.007986221 0.048838995 -0.998774767 -71.870506287 -0.038499359 0.998050928 0.049111452 2.635994196 0.999226630 0.038844407 -0.006090387 18.765590668
-0.007816108 0.047563445 -0.998837650 -73.077186584 -0.036829062 0.998176754 0.047820169 2.680321455 0.999291003 0.037160013 -0.006050141 18.764772415
-0.007009075 0.046835784 -0.998878002 -74.264350891 -0.033934675 0.998316050 0.047047555 2.726312160 0.999399543 0.034226358 -0.005407915 18.751211166
-0.007249398 0.048245702 -0.998809218 -75.443748474 -0.031261731 0.998336256 0.048449747 2.755992174 0.999484897 0.031575739 -0.005729094 18.748285294
-0.007034208 0.051063735 -0.998670638 -76.630737305 -0.031134117 0.998199940 0.051258963 2.797006607 0.999490440 0.031453297 -0.005431722 18.733949661
-0.007421434 0.055017002 -0.998457849 -77.815109253 -0.032572132 0.997942209 0.055230696 2.835147858 0.999441803 0.032931793 -0.005614142 18.731864929
-0.006427669 0.054755643 -0.998479009 -79.001350403 -0.035516642 0.997857213 0.054950178 2.882211685 0.999348402 0.035815828 -0.004469160 18.708551407
-0.006135396 0.052395709 -0.998607516 -80.178825378 -0.036848288 0.997936249 0.052586876 2.930001259 0.999302030 0.037119623 -0.004192042 18.696046829
-0.005308790 0.050236009 -0.998723209 -81.357910156 -0.036601633 0.998058259 0.050397120 2.968870878 0.999315858 0.036822453 -0.003459762 18.671051025
-0.006351296 0.049847264 -0.998736680 -82.547187805 -0.034070116 0.998166144 0.050035454 3.005471230 0.999399245 0.034344863 -0.004641347 18.677354813
-0.006405363 0.051024895 -0.998676896 -83.723587036 -0.032753214 0.998150706 0.051208097 3.050072193 0.999442995 0.033037882 -0.004722289 18.671026230
-0.005375054 0.054005310 -0.998526216 -84.903915405 -0.031438448 0.998037875 0.054148126 3.093493938 0.999491215 0.031683169 -0.003666664 18.650188446
-0.005256908 0.056428675 -0.998392820 -86.065345764 -0.032531437 0.997868478 0.056570329 3.130176306 0.999456882 0.032776535 -0.003409997 18.642545700
-0.005042035 0.056513894 -0.998389125 -87.232292175 -0.033847410 0.997820020 0.056652620 3.177586079 0.999414325 0.034078524 -0.003118194 18.628324509
-0.005202648 0.054479040 -0.998501301 -88.404312134 -0.033399776 0.997948349 0.054622885 3.220948219 0.999428511 0.033633906 -0.003372386 18.620603561
-0.004369303 0.052973133 -0.998586476 -89.575874329 -0.032595787 0.998057663 0.053087723 3.265377998 0.999459088 0.032781668 -0.002634115 18.608800888
-0.004309693 0.054130372 -0.998524606 -90.737533569 -0.030982958 0.998047173 0.054238234 3.306772947 0.999510646 0.031170996 -0.002624158 18.599937439
-0.003785382 0.056787517 -0.998379052 -91.910552979 -0.028982013 0.997960627 0.056873601 3.357067823 0.999572814 0.029150324 -0.002131846 18.584938049
-0.004159665 0.059443910 -0.998223007 -93.068199158 -0.027053094 0.997859478 0.059534997 3.398870707 0.999625325 0.027252665 -0.002542620 18.591085434
-0.004154211 0.061599277 -0.998092294 -94.236053467 -0.027667703 0.997711778 0.061690941 3.443266392 0.999608517 0.027871203 -0.002440395 18.585470200
-0.003463210 0.063297406 -0.997988641 -95.400634766 -0.030718628 0.997516930 0.063374095 3.500133038 0.999522030 0.030876322 -0.001510200 18.565549850
-0.002657145 0.062605895 -0.998034775 -96.553840637 -0.032475509 0.997506618 0.062659204 3.545012236 0.999468982 0.032578185 -0.000617361 18.550243378
-0.002735717 0.058086470 -0.998307884 -97.705581665 -0.034810744 0.997701049 0.058146566 3.601970673 0.999390125 0.034910917 -0.000707394 18.537376404
-0.002308881 0.056649417 -0.998391449 -98.863464355 -0.036230098 0.997733891 0.056695886 3.649384975 0.999340832 0.036302727 -0.000251235 18.523965836
-0.002274357 0.055055525 -0.998480618 -100.025520325 -0.035362110 0.997854352 0.055101532 3.687880516 0.999372005 0.035433706 -0.000322598 18.521047592
-0.002052661 0.055619378 -0.998449862 -101.193771362 -0.034257624 0.997861981 0.055657055 3.733978987 0.999410927 0.034318764 -0.000142885 18.519372940
-0.002028129 0.057576045 -0.998338997 -102.335220337 -0.034455176 0.997744322 0.057611737 3.779509306 0.999404252 0.034514789 -0.000039761 18.507085800
-0.002063465 0.059689656 -0.998214781 -103.519371033 -0.032694072 0.997679293 0.059725218 3.828807354 0.999463260 0.032758947 -0.000107179 18.501380920
-0.002716644 0.057855211 -0.998321235 -104.682540894 -0.036482133 0.997654676 0.057915844 3.891304016 0.999330580 0.036578223 -0.000599592 18.488544464
-0.002709492 0.059823927 -0.998205245 -105.844375610 -0.040106222 0.997399271 0.059884489 3.933505535 0.999191761 0.040196490 -0.000303133 18.475208282
-0.003024456 0.059108227 -0.998246968 -107.022285461 -0.043589361 0.997294962 0.059183933 3.986813545 0.999044895 0.043691952 -0.000439784 18.459129333
-0.003442071 0.055026077 -0.998478949 -108.179397583 -0.045214992 0.997455180 0.055125527 4.040851593 0.998971343 0.045335963 -0.000945308 18.448017120
-0.003763207 0.051357795 -0.998673320 -109.372924805 -0.044521593 0.997681379 0.051474568 4.081656456 0.999001324 0.044656228 -0.001467951 18.438930511
-0.004671602 0.050637923 -0.998706162 -110.564353943 -0.041378591 0.997851789 0.050788168 4.125992775 0.999132693 0.041562311 -0.002566241 18.428712845
-0.005114493 0.049855337 -0.998743355 -111.747871399 -0.037110232 0.998058975 0.050011214 4.169185162 0.999298096 0.037319373 -0.003254423 18.431241989
-0.005380247 0.051406436 -0.998663366 -112.952453613 -0.036264073 0.998010814 0.051568225 4.220251083 0.999327719 0.036493044 -0.003505338 18.416677475
-0.006403227 0.055705722 -0.998426676 -114.180923462 -0.034884542 0.997826993 0.055895992 4.257048130 0.999370873 0.035187572 -0.004446044 18.406547546
-0.007046662 0.055410217 -0.998438835 -115.418418884 -0.033691633 0.997883558 0.055617198 4.325031757 0.999407411 0.034030948 -0.005164889 18.402256012
-0.008259195 0.051037751 -0.998662591 -116.641059875 -0.033710856 0.998114765 0.051288553 4.376389503 0.999397457 0.034089368 -0.006523098 18.392967224
-0.008769228 0.047744289 -0.998821139 -117.879943848 -0.034110080 0.998263896 0.048017129 4.415025234 0.999379635 0.034490939 -0.007125443 18.373210907
-0.008937179 0.046076741 -0.998897910 -119.128761292 -0.033030238 0.998379111 0.046348341 4.464683533 0.999414384 0.033408061 -0.007400767 18.357936859
-0.009883148 0.047200188 -0.998836517 -120.370002747 -0.035011724 0.998256564 0.047519207 4.511182785 0.999338031 0.035440635 -0.008213357 18.340291977
-0.010152304 0.052405525 -0.998574197 -121.640655518 -0.039951053 0.997807145 0.052771434 4.552320480 0.999150038 0.040429849 -0.008036383 18.313785553
-0.010125612 0.055548936 -0.998404622 -122.895240784 -0.045412391 0.997400045 0.055953600 4.601206779 0.998916984 0.045906506 -0.007576677 18.277202606
-0.010388295 0.055242036 -0.998418927 -124.156753540 -0.052515969 0.997064650 0.055713519 4.657006264 0.998566031 0.053011708 -0.007456713 18.249877930
-0.009568495 0.053172838 -0.998539507 -125.416328430 -0.056072123 0.996985435 0.053627394 4.708551407 0.998380840 0.056503363 -0.006558137 18.213754654
-0.010460866 0.051787678 -0.998603344 -126.669624329 -0.058263741 0.996929705 0.052311230 4.759991646 0.998246431 0.058729582 -0.007411405 18.197446823
-0.011436512 0.050856102 -0.998640478 -127.932052612 -0.057904828 0.996996224 0.051435493 4.805159092 0.998256683 0.058414344 -0.008457344 18.181364059
-0.011400096 0.050739646 -0.998646796 -129.211135864 -0.056061119 0.997108400 0.051301450 4.843247414 0.998362243 0.056570098 -0.008522609 18.158401489
-0.011839200 0.051559135 -0.998599708 -130.466217041 -0.056389663 0.997045934 0.052147456 4.886374950 0.998338699 0.056928094 -0.008896824 18.139019012
-0.012687461 0.056245230 -0.998336256 -131.728408813 -0.056232691 0.996796548 0.056873117 4.937809944 0.998337030 0.056860719 -0.009483997 18.120941162
-0.013364657 0.060541265 -0.998076260 -133.008193970 -0.055362869 0.996589422 0.061192419 4.986755848 0.998376906 0.056074176 -0.009967337 18.102586746
-0.013209881 0.059305649 -0.998152375 -134.259948730 -0.055336244 0.996666372 0.059949692 5.040699005 0.998380423 0.056025930 -0.009884094 18.073320389
-0.012418997 0.057693370 -0.998257101 -135.525314331 -0.054789659 0.996794939 0.058290485 5.094331741 0.998420775 0.055418082 -0.009218191 18.054891586
-0.011372942 0.057240117 -0.998295665 -136.771041870 -0.053789109 0.996879697 0.057771713 5.145998001 0.998487592 0.054354478 -0.008258559 18.034713745
-0.010266812 0.056480642 -0.998350918 -138.027893066 -0.054499593 0.996887863 0.056958333 5.197978020 0.998461008 0.054994494 -0.007156689 18.017612457
-0.009706116 0.058626857 -0.998232901 -139.270706177 -0.054558683 0.996761680 0.059070952 5.249152184 0.998463392 0.055035621 -0.006476081 18.004833221
-0.008515865 0.062388249 -0.998015583 -140.544372559 -0.055260859 0.996497214 0.062764853 5.303219795 0.998435616 0.055685695 -0.005038407 17.985029221
-0.007364189 0.063010722 -0.997985661 -141.800872803 -0.056829706 0.996373415 0.063328259 5.365885735 0.998356640 0.057181593 -0.003756602 17.972089767
-0.005887914 0.060588166 -0.998145521 -143.056961060 -0.059037481 0.996400595 0.060830500 5.417665958 0.998238385 0.059286159 -0.002289750 17.950765610
-0.006189850 0.057634257 -0.998318553 -144.319732666 -0.057947058 0.996639431 0.057896592 5.472630501 0.998300493 0.058207996 -0.002829313 17.937870026
-0.005876927 0.056179911 -0.998403311 -145.572067261 -0.055249002 0.996877313 0.056419250 5.523194790 0.998455226 0.055492360 -0.002754691 17.926986694
-0.006105931 0.055769961 -0.998424888 -146.836502075 -0.053118609 0.997015834 0.056016102 5.564779282 0.998569548 0.053376969 -0.003125287 17.917861938
-0.006677603 0.055786695 -0.998420358 -148.068405151 -0.050907552 0.997128963 0.056055021 5.618629456 0.998681068 0.051201444 -0.003818467 17.912242889
-0.006609682 0.054429162 -0.998495758 -149.316009521 -0.048796169 0.997310460 0.054687571 5.664653778 0.998786867 0.049084242 -0.003935970 17.908437729
-0.006567859 0.054674588 -0.998482585 -150.557037354 -0.047970269 0.997337341 0.054927416 5.712046623 0.998827219 0.048258234 -0.003927615 17.895122528
-0.007198319 0.057165023 -0.998338759 -151.789657593 -0.045935545 0.997291803 0.057436284 5.765129566 0.998918474 0.046272680 -0.004552918 17.892124176
-0.006729598 0.058475308 -0.998266160 -153.037460327 -0.043738998 0.997316122 0.058714509 5.816884041 0.999020278 0.044058282 -0.004153885 17.870840073
-0.006488418 0.056887526 -0.998359501 -154.265548706 -0.041553315 0.997502804 0.057108775 5.869878769 0.999115229 0.041855685 -0.004108350 17.854652405
-0.007809656 0.057464369 -0.998317003 -155.502151489 -0.042061318 0.997445047 0.057743207 5.916847229 0.999084532 0.042441484 -0.005372677 17.851783752
-0.007592247 0.062022574 -0.998045802 -156.730239868 -0.042855944 0.997137427 0.062292125 5.973744392 0.999052465 0.043245140 -0.004912478 17.837051392
-0.007172041 0.068923287 -0.997596204 -157.965698242 -0.047829341 0.996456385 0.069188401 6.026786804 0.998829842 0.048210584 -0.003850070 17.818592072
-0.006000307 0.068802111 -0.997612298 -159.217956543 -0.052218977 0.996247530 0.069022067 6.090582848 0.998617649 0.052508447 -0.002385015 17.799125671
-0.004680124 0.064519927 -0.997905493 -160.446975708 -0.056094274 0.996328175 0.064681023 6.157834530 0.998414576 0.056279492 -0.001043740 17.776910782
-0.002807453 0.059734292 -0.998210371 -161.663101196 -0.058080465 0.996519387 0.059796460 6.204018116 0.998307943 0.058144405 0.000671714 17.762985229
-0.002335414 0.058395751 -0.998290777 -162.885559082 -0.060751159 0.996441185 0.058429696 6.257027149 0.998150170 0.060783774 0.001220507 17.753738403
-0.000959732 0.055176634 -0.998476148 -164.087921143 -0.055517808 0.996933699 0.055144757 6.299295902 0.998457253 0.055486139 0.002106497 17.760742188
-0.000676179 0.050419625 -0.998727858 -165.303894043 -0.052449878 0.997351706 0.050385647 6.351140022 0.998623312 0.052417234 0.001970115 17.756036758
-0.000822295 0.046848424 -0.998901665 -166.533798218 -0.046460774 0.997821450 0.046836007 6.396875381 0.998919725 0.046448249 0.001356110 17.754325867
-0.002415564 0.050010432 -0.998745799 -167.761337280 -0.044419531 0.997757614 0.050068378 6.439826965 0.999009967 0.044484761 -0.000188708 17.757179260
-0.001341067 0.056362480 -0.998409450 -168.994415283 -0.045445893 0.997375369 0.056365147 6.485713005 0.998965859 0.045449197 0.001223896 17.743980408
0.000314653 0.059709854 -0.998215675 -170.211303711 -0.046417113 0.997140706 0.059630923 6.532037735 0.998922050 0.046315536 0.003085313 17.741392136
0.001903604 0.056008197 -0.998428404 -171.425231934 -0.047170632 0.997323930 0.055856299 6.587249279 0.998885095 0.046990175 0.004540452 17.737283707
0.002566336 0.056590062 -0.998394191 -172.652313232 -0.049741674 0.997168720 0.056392752 6.637259483 0.998758852 0.049517076 0.005373956 17.734334946
0.003682818 0.057522960 -0.998337388 -173.856369019 -0.048370596 0.997185767 0.057278175 6.685336113 0.998822689 0.048079222 0.006454875 17.734409332
0.004058832 0.055177227 -0.998468280 -175.059997559 -0.048096772 0.997331738 0.054918900 6.737358093 0.998834431 0.047800194 0.006701850 17.739181519
0.006333937 0.053749565 -0.998534381 -176.264434814 -0.048713747 0.997385442 0.053378716 6.783204079 0.998792708 0.048304260 0.008935720 17.732734680
0.007457768 0.055437155 -0.998434305 -177.427185059 -0.049817152 0.997242808 0.054998893 6.826578140 0.998730600 0.049328987 0.010198926 17.747657776
0.009220568 0.057538789 -0.998300672 -178.541366577 -0.050014790 0.997120142 0.057008792 6.859576225 0.998705924 0.049404144 0.012071802 17.739189148
0.009585127 0.058875404 -0.998219252 -179.631103516 -0.050967250 0.996996462 0.058313873 6.896284103 0.998654366 0.050317544 0.012557054 17.746028900
0.010000493 0.060493585 -0.998118460 -180.715332031 -0.051236544 0.996888220 0.059905667 6.926149845 0.998636484 0.050541054 0.013068855 17.744073868
0.009498413 0.061226130 -0.998078704 -181.767089844 -0.050581779 0.996875286 0.060670946 6.967565060 0.998674810 0.049908318 0.012565659 17.756347656
0.010412102 0.060399644 -0.998119891 -182.792831421 -0.051090751 0.996902466 0.059792999 7.004978657 0.998639762 0.050372127 0.013465712 17.756010056
0.011871374 0.060545113 -0.998094857 -183.767929077 -0.051738851 0.996865392 0.059855144 7.037239552 0.998590112 0.050929718 0.014966697 17.764717102
0.012997316 0.061244026 -0.998038173 -184.733032227 -0.052457936 0.996789694 0.060484268 7.070871353 0.998538554 0.051568888 0.016168328 17.776372910
0.012737010 0.059752755 -0.998131931 -185.671722412 -0.051172405 0.996943772 0.059028629 7.102776051 0.998608589 0.050324973 0.015755778 17.781352997
0.009218534 0.056691296 -0.998349190 -186.605331421 -0.048620865 0.997236073 0.056179140 7.133747578 0.998774767 0.048022706 0.011949437 17.792148590
0.004194412 0.053108227 -0.998579979 -187.530960083 -0.048430514 0.997427642 0.052843526 7.165044785 0.998817742 0.048140086 0.006755684 17.792619705
-0.000674879 0.050238337 -0.998736978 -188.454650879 -0.050012171 0.997485697 0.050209191 7.196395874 0.998748422 0.049982887 0.001839344 17.782970428
-0.004356124 0.049410004 -0.998769224 -189.389739990 -0.052172773 0.997407019 0.049570180 7.229976654 0.998628557 0.052324485 -0.001766971 17.771753311
-0.006989512 0.050327495 -0.998708367 -190.302169800 -0.053946637 0.997259259 0.050632022 7.255728245 0.998519421 0.054230846 -0.004255357 17.750846863
-0.009061225 0.051711995 -0.998620987 -191.234970093 -0.052679792 0.997250438 0.052119035 7.292850494 0.998570263 0.053079408 -0.006312133 17.737869263
-0.010835832 0.053252142 -0.998522222 -192.159942627 -0.049440604 0.997331023 0.053725142 7.324490547 0.998718262 0.049949706 -0.008174093 17.736843109
-0.012285259 0.053440619 -0.998495400 -193.074081421 -0.047893386 0.997393250 0.053970899 7.360355377 0.998776913 0.048484370 -0.009693782 17.723476410
-0.013295095 0.052217871 -0.998547196 -193.987899780 -0.048234291 0.997439444 0.052802164 7.394468307 0.998747587 0.048866227 -0.010742359 17.709852219
-0.013759076 0.051278263 -0.998589635 -194.891281128 -0.050329961 0.997382700 0.051909760 7.421987534 0.998637795 0.050973207 -0.011142232 17.682271957
-0.013948231 0.051044658 -0.998598993 -195.797454834 -0.053702675 0.997216463 0.051724091 7.448067188 0.998459578 0.054348893 -0.011168169 17.669651031
-0.013572997 0.048858155 -0.998713613 -196.714660645 -0.056394063 0.997178316 0.049549475 7.484731674 0.998316348 0.056994051 -0.010779388 17.654649734
-0.012689116 0.046834230 -0.998822093 -197.630950928 -0.056184653 0.997290969 0.047476217 7.506777763 0.998339713 0.056720898 -0.010023377 17.638801575
-0.011635132 0.043935262 -0.998966753 -198.546539307 -0.056236099 0.997424245 0.044522423 7.539431095 0.998349667 0.056696009 -0.009134416 17.615081787
-0.010589759 0.043742318 -0.998986721 -199.463760376 -0.055904809 0.997454286 0.044267837 7.563388824 0.998379946 0.056316957 -0.008117394 17.601768494
-0.010701172 0.046639156 -0.998854458 -200.396652222 -0.053524941 0.997452915 0.047147151 7.589884758 0.998509228 0.053968154 -0.008177556 17.599100113
-0.010430300 0.047871478 -0.998798966 -201.337600708 -0.052778751 0.997434735 0.048357248 7.618769169 0.998551846 0.053219747 -0.007876944 17.582168579
-0.009421518 0.044162918 -0.998979986 -202.260375977 -0.047905996 0.997857153 0.044565096 7.648505211 0.998807371 0.048276998 -0.007285662 17.574010849
-0.008984908 0.040966664 -0.999120116 -203.199371338 -0.046315301 0.998071074 0.041340165 7.680164337 0.998886406 0.046645992 -0.007070194 17.564651489
-0.008725950 0.041460454 -0.999102056 -204.141708374 -0.051036559 0.997819424 0.041852977 7.712044239 0.998658597 0.051355939 -0.006590923 17.547639847
-0.007089870 0.045256253 -0.998950303 -205.086547852 -0.051736563 0.997620761 0.045563225 7.742411613 0.998635530 0.052005291 -0.004731598 17.535148621
-0.005078451 0.044723857 -0.998986483 -206.063385010 -0.049534556 0.997761726 0.044920839 7.777324200 0.998759449 0.049712475 -0.002851708 17.524814606
-0.002841526 0.045783348 -0.998947382 -207.025848389 -0.048366234 0.997776031 0.045867242 7.817134380 0.998825550 0.048445649 -0.000620838 17.519187927
-0.001481504 0.050279681 -0.998734057 -207.994934082 -0.049374778 0.997513473 0.050291471 7.853770733 0.998779237 0.049386781 0.001004728 17.516103745
0.000531935 0.054388203 -0.998519659 -209.005172729 -0.046329848 0.997448981 0.054305196 7.889859200 0.998926044 0.046232380 0.003050376 17.517824173
0.001755693 0.054594640 -0.998507082 -209.996948242 -0.045919385 0.997459650 0.054456633 7.934191227 0.998943567 0.045755222 0.004258187 17.516265869
0.003671529 0.055909470 -0.998429120 -211.004425049 -0.049203753 0.997236550 0.055661757 7.971204758 0.998782039 0.048922099 0.006412340 17.516754150
0.006865320 0.057737764 -0.998308301 -212.044845581 -0.051866844 0.997008562 0.057305913 8.017791748 0.998630345 0.051385682 0.009839458 17.510620117
0.010126633 0.057999700 -0.998265266 -213.073226929 -0.053007659 0.996943951 0.057385202 8.063549042 0.998542786 0.052334581 0.013170110 17.522090912
0.013144346 0.054975182 -0.998401105 -214.096237183 -0.055668764 0.996979058 0.054163963 8.109729767 0.998362720 0.054867815 0.016165037 17.523710251
