1.000000000 0.000000000 0.000000000 0.000000000 0.000000000 1.000000000 0.000000000 0.000000000 0.000000000 0.000000000 1.000000000 0.000000000
0.999932945 -0.002517147 0.011305142 0.015055994 0.002505951 0.999996364 0.001004395 -0.003897082 -0.011307629 -0.000975997 0.999935567 0.295414865
0.999828458 -0.004524055 0.017960852 0.025847362 0.004503583 0.999989152 0.001180132 -0.008617754 -0.017965997 -0.001099042 0.999837995 0.582692623
0.999777615 -0.007364825 0.019761052 0.038014553 0.007367736 0.999972880 -0.000074516 -0.011614304 -0.019759966 0.000220093 0.999804735 0.886108160
0.999815464 -0.008649192 0.017151602 0.050120413 0.008681137 0.999960721 -0.001788932 -0.010080651 -0.017135456 0.001937497 0.999851286 1.200880051
0.999883533 -0.011412651 0.010131846 0.055692229 0.011448156 0.999928534 -0.003453193 -0.010242594 -0.010091712 0.003568781 0.999942720 1.519962311
0.999913514 -0.012959102 -0.002209629 0.061419386 0.012945623 0.999898136 -0.006008596 -0.003081271 0.002287271 0.005979472 0.999979436 1.864605904
0.999747455 -0.012223200 -0.018854389 0.042353611 0.012106444 0.999907017 -0.006294250 -0.007194445 0.018929573 0.006064403 0.999802411 2.204057455
0.999223650 -0.007610956 -0.038653925 0.014646277 0.007386544 0.999954998 -0.005945174 -0.016756631 0.038697429 0.005655040 0.999234974 2.543554306
0.998289645 -0.004218965 -0.058310837 -0.029999718 0.003790498 0.999965012 -0.007456643 -0.016395561 0.058340251 0.007222862 0.998270631 2.900413513
0.996900141 -0.003966432 -0.078577474 -0.072152361 0.003350589 0.999962687 -0.007967673 -0.019427767 0.078606144 0.007679694 0.996876180 3.265042067
0.994970977 -0.005395185 -0.100017443 -0.116111994 0.004645110 0.999959350 -0.007730801 -0.019209979 0.100055084 0.007227332 0.994955659 3.638651609
0.992810667 -0.007185414 -0.119480349 -0.174440175 0.006450306 0.999957860 -0.006538142 -0.030766968 0.119522281 0.005720452 0.992815018 4.017425537
0.990557849 -0.005764949 -0.136974216 -0.251854002 0.004925684 0.999967098 -0.006465325 -0.030083463 0.137006953 0.005729587 0.990553498 4.413804054
0.988112092 -0.004777806 -0.153660864 -0.315205544 0.004006193 0.999977767 -0.005330784 -0.042879455 0.153682917 0.004651817 0.988109291 4.826608181
0.986015737 -0.003793144 -0.166609764 -0.404026806 0.002902650 0.999980152 -0.005587969 -0.046955451 0.166627690 0.005026216 0.986007035 5.241401672
0.983835876 -0.005580188 -0.178985924 -0.488494754 0.004485569 0.999968648 -0.006519784 -0.052338462 0.179016709 0.005611544 0.983830094 5.673442841
0.981970012 -0.009333928 -0.188806325 -0.578067839 0.007822747 0.999931157 -0.008747498 -0.061161276 0.188874975 0.007112796 0.981975317 6.126340389
0.980443001 -0.008332796 -0.196627021 -0.677683592 0.006382521 0.999924004 -0.010550248 -0.070003591 0.196700022 0.009088941 0.980421603 6.582601070
0.978978515 -0.007771653 -0.203815386 -0.789116442 0.005409021 0.999911606 -0.012146537 -0.077634588 0.203891799 0.010788755 0.978933990 7.048799992
0.977213144 -0.008601135 -0.212086290 -0.898202419 0.005485069 0.999868274 -0.015276420 -0.084846035 0.212189764 0.013765009 0.977131546 7.532806396
0.975496411 -0.012523542 -0.219658688 -1.016332150 0.009067559 0.999818742 -0.016734609 -0.098335609 0.219828457 0.014332784 0.975433171 8.028128624
0.973532677 -0.018936671 -0.227762237 -1.129717588 0.015149954 0.999716520 -0.018362714 -0.108157538 0.228045359 0.014426112 0.973543584 8.545713425
0.971465886 -0.019744353 -0.236356109 -1.249373198 0.015365397 0.999674678 -0.020354766 -0.128260747 0.236681148 0.016142258 0.971453190 9.046739578
0.969310701 -0.015825219 -0.245328769 -1.396219015 0.009941008 0.999632835 -0.025204895 -0.134709612 0.245637581 0.021992559 0.969112217 9.572675705
0.967138529 -0.012746738 -0.253930300 -1.555375814 0.005845410 0.999593258 -0.027914090 -0.156081110 0.254182845 0.025512470 0.966819644 10.122836113
0.964778006 -0.015173636 -0.262627453 -1.711408138 0.007478728 0.999513626 -0.030274611 -0.170375079 0.262959123 0.027244158 0.964422226 10.690073013
0.962393224 -0.018584739 -0.271023691 -1.865076661 0.010366223 0.999442875 -0.031724174 -0.196465731 0.271462291 0.027721643 0.962049782 11.241996765
0.960184038 -0.018181929 -0.278775930 -2.041752815 0.009047513 0.999380291 -0.034017935 -0.219883204 0.279221684 0.030141255 0.959753513 11.814539909
0.957901657 -0.017072547 -0.286588341 -2.237277508 0.006533478 0.999268055 -0.037690379 -0.246956438 0.287021995 0.034231264 0.957312286 12.407323837
0.955514073 -0.017722730 -0.294412583 -2.424707890 0.005313653 0.999065459 -0.042895235 -0.276422471 0.294897646 0.039422598 0.954715312 13.012072563
0.953747153 -0.020082345 -0.299938500 -2.617679119 0.005271327 0.998729885 -0.050108012 -0.315057635 0.300563872 0.046209302 0.952641606 13.607930183
0.952321231 -0.020875948 -0.304382175 -2.821573019 0.003202916 0.998285413 -0.058446094 -0.349288344 0.305080414 0.054684542 0.950755239 14.230172157
0.951123238 -0.020577561 -0.308125317 -3.036833763 -0.000076235 0.997761786 -0.066868931 -0.393718600 0.308811724 0.063624077 0.948992789 14.843192101
0.949728787 -0.020447696 -0.312405199 -3.260425806 -0.003386732 0.997135401 -0.075560838 -0.443565786 0.313055336 0.072820328 0.946939051 15.488865852
0.948654056 -0.019832587 -0.315692782 -3.496506691 -0.006647943 0.996561944 -0.082583442 -0.497017264 0.316245258 0.080441847 0.945260823 16.129409790
0.946830869 -0.017983843 -0.321228504 -3.728824615 -0.011362808 0.995944381 -0.089249752 -0.558113933 0.321530819 0.088154495 0.942786694 16.789804459
0.945299804 -0.016894527 -0.325765312 -3.973628283 -0.014969281 0.995359182 -0.095057935 -0.624961495 0.325859457 0.094734713 0.940659821 17.455009460
0.943673134 -0.015546927 -0.330513805 -4.230113506 -0.018816622 0.994757473 -0.100516722 -0.695516944 0.330343783 0.101074077 0.938433230 18.133371353
0.941834569 -0.012680069 -0.335837603 -4.481889725 -0.023435989 0.994377315 -0.103268936 -0.773309946 0.335258812 0.105132937 0.936241746 18.824924469
0.940112889 -0.011586909 -0.340666354 -4.751349926 -0.025695998 0.994169116 -0.104725607 -0.850608468 0.339893430 0.107207648 0.934333444 19.525077820
0.937786043 -0.010924412 -0.347042084 -5.020384789 -0.026934074 0.994204342 -0.104078129 -0.928854227 0.346167773 0.106950268 0.932056665 20.234346390
0.935500383 -0.011030318 -0.353153497 -5.289431095 -0.026848514 0.994403481 -0.102180444 -1.014794350 0.352304190 0.105071492 0.929968655 20.934175491
0.933035076 -0.011335742 -0.359606683 -5.580798149 -0.026569704 0.994603395 -0.100290239 -1.096402645 0.358802915 0.103128962 0.927698672 21.652542114
0.929784298 -0.010328790 -0.367959827 -5.869119644 -0.027522119 0.994857848 -0.097470745 -1.175529957 0.367074460 0.100753784 0.924718916 22.362667084
0.926372588 -0.008600473 -0.376510054 -6.177937508 -0.028025065 0.995393157 -0.091690823 -1.254334807 0.375564069 0.095491566 0.921863914 23.104040146
0.922968209 -0.005147518 -0.384842068 -6.509443760 -0.030544093 0.995777190 -0.086573169 -1.334877253 0.383662671 0.091658920 0.918913305 23.854171753
0.919355750 -0.001310471 -0.393425137 -6.843385696 -0.033875704 0.996016920 -0.082478404 -1.412112355 0.391966224 0.089154541 0.915649474 24.604850769
0.915515184 -0.000006022 -0.402283430 -7.188089371 -0.035568800 0.996082366 -0.080962256 -1.483679056 0.400707930 0.088430911 0.911928296 25.356355667
0.911508024 -0.000127385 -0.411282063 -7.533291340 -0.036052365 0.996125817 -0.080209933 -1.554841280 0.409698933 0.087939695 0.907972157 26.093202591
0.907668173 0.000104005 -0.419688344 -7.899884701 -0.036666892 0.996195793 -0.079053305 -1.624479175 0.418083608 0.087142847 0.904219151 26.866481781
0.903635919 0.000757930 -0.428300649 -8.291060448 -0.037474491 0.996303320 -0.077301227 -1.693437338 0.426658809 0.085902505 0.900323927 27.661203384
0.899791062 -0.000004753 -0.436321110 -8.647758484 -0.036393847 0.996514380 -0.075063065 -1.765079021 0.434800506 0.083420470 0.896654606 28.403553009
0.896105468 0.000226777 -0.443841219 -9.048742294 -0.035390213 0.996852398 -0.070942715 -1.834758162 0.442428082 0.079279780 0.893292844 29.192714691
0.892203212 0.002569949 -0.451626688 -9.456605911 -0.035854381 0.997230768 -0.065156832 -1.901127696 0.450208545 0.074325949 0.889824629 29.978212357
0.888685107 0.002934313 -0.458508670 -9.886806488 -0.034594614 0.997558296 -0.060667515 -1.969213843 0.457211167 0.069776230 0.886616766 30.781251907
0.885138810 0.001820275 -0.465323508 -10.325880051 -0.033048116 0.997713089 -0.058961272 -2.028903246 0.464152008 0.067566969 0.883174717 31.583665848
0.881195247 0.000976538 -0.472751468 -10.750895500 -0.032239724 0.997793913 -0.058032833 -2.088577271 0.471651852 0.066379637 0.879282773 32.418281555
0.878116310 0.001632318 -0.478444487 -11.213014603 -0.032459788 0.997893333 -0.056170773 -2.145885944 0.477344871 0.064854681 0.876319408 33.245838165
0.874912381 -0.000573589 -0.484280944 -11.664751053 -0.029677326 0.998056352 -0.054797806 -2.200146914 0.483371109 0.062315438 0.873194814 34.071235657
0.872301519 -0.001247818 -0.488966852 -12.163735390 -0.029268473 0.998070419 -0.054761067 -2.263501644 0.488091677 0.062079459 0.870581865 34.922454834
0.869918346 -0.003525198 -0.493183166 -12.605735779 -0.027374212 0.998087823 -0.055419136 -2.311847448 0.492435515 0.061710615 0.868158460 35.748558044
0.868611693 -0.003106527 -0.495483726 -13.108401299 -0.028180780 0.998052001 -0.055660017 -2.372326374 0.494691402 0.062310055 0.866832078 36.610160828
0.868035972 -0.002949486 -0.496492565 -13.609682083 -0.027978126 0.998102903 -0.054844555 -2.436225653 0.495712429 0.061497975 0.866306663 37.482799530
0.867774129 -0.002849991 -0.496950656 -14.116922379 -0.027165225 0.998216450 -0.053160582 -2.496410131 0.496215850 0.059631150 0.866148889 38.364334106
0.867641389 -0.003809909 -0.497176021 -14.641523361 -0.025729790 0.998286605 -0.052552041 -2.558049440 0.496524423 0.058388546 0.866056740 39.245422363
0.866876006 -0.006248324 -0.498484731 -15.163224220 -0.023506342 0.998296857 -0.053391337 -2.619465590 0.497969389 0.058001217 0.865252674 40.155464172
0.865638673 -0.008807330 -0.500591815 -15.696319580 -0.020868994 0.998341620 -0.053651948 -2.686367512 0.500234306 0.056890044 0.864019334 41.075756073
0.864036262 -0.009054764 -0.503348053 -16.242874146 -0.019767303 0.998457015 -0.051893432 -2.745016098 0.503041267 0.054787647 0.862524092 42.012283325
0.861977756 -0.008684892 -0.506871641 -16.789682388 -0.018099744 0.998688519 -0.047891956 -2.809516191 0.506622851 0.050456055 0.860690176 42.925392151
0.859292507 -0.008584438 -0.511412323 -17.343811035 -0.016227135 0.998898327 -0.044032641 -2.870193958 0.511226892 0.046135679 0.858206630 43.840316772
0.855280697 -0.008889235 -0.518088818 -17.914916992 -0.014917173 0.999015987 -0.041766688 -2.938369751 0.517950416 0.043450657 0.854306459 44.759086609
0.849961758 -0.011208665 -0.526725113 -18.475929260 -0.014331223 0.998911798 -0.044382658 -2.997745514 0.526649415 0.045272175 0.848876238 45.665073395
0.843884528 -0.015712565 -0.536294639 -19.044612885 -0.011759454 0.998789310 -0.047766957 -3.054452896 0.536395907 0.046616331 0.842678130 46.559505463
0.837779284 -0.015069935 -0.545801044 -19.639982224 -0.012547676 0.998823702 -0.046838295 -3.123783588 0.545864761 0.046088688 0.836604714 47.458194733
0.832201719 -0.011925716 -0.554344773 -20.241239548 -0.013448388 0.999040425 -0.041681714 -3.181744099 0.554309905 0.042142641 0.831242681 48.335380554
0.826798499 -0.006697592 -0.562458336 -20.867893219 -0.017378630 0.999147594 -0.037443694 -3.237883568 0.562229633 0.040733140 0.825977325 49.244194031
0.822783947 -0.006769307 -0.568313897 -21.481832504 -0.018793760 0.999058247 -0.039108906 -3.290580273 0.568043411 0.042858940 0.821881831 50.117355347
0.819065511 -0.009289656 -0.573624790 -22.099725723 -0.018655026 0.998908937 -0.042814065 -3.351368904 0.573396623 0.045768511 0.817998469 51.006507874
0.816001236 -0.011443617 -0.577936888 -22.726768494 -0.021416016 0.998519242 -0.050009213 -3.409760475 0.577653229 0.053184688 0.814547658 51.878742218
0.812693477 -0.012645836 -0.582554221 -23.347499847 -0.021504844 0.998432398 -0.051673941 -3.467003345 0.582294405 0.054522812 0.811147571 52.745765686
0.809526086 -0.011181316 -0.586977541 -23.988033295 -0.020906975 0.998635411 -0.047856692 -3.529715776 0.586711526 0.051013164 0.808187544 53.603164673
0.806453526 -0.008392449 -0.591237962 -24.625711441 -0.020799287 0.998877883 -0.042549185 -3.588933706 0.590931475 0.046611276 0.805373967 54.445098877
0.803362846 -0.006247542 -0.595456839 -25.268989563 -0.021806795 0.998965740 -0.039901890 -3.638111830 0.595090151 0.045040712 0.802395761 55.319225311
0.800380349 -0.005944375 -0.599463046 -25.925407410 -0.022968777 0.998912632 -0.040572427 -3.689488649 0.599052310 0.046242300 0.799373448 56.175441742
0.796762347 -0.007042534 -0.604251683 -26.578960419 -0.023152698 0.998842120 -0.042170472 -3.744595051 0.603849053 0.047589894 0.795676768 57.019851685
0.792601705 -0.010027574 -0.609657347 -27.242427826 -0.022034166 0.998740673 -0.045073297 -3.799184322 0.609341562 0.049158458 0.791382551 57.881050110
0.788375080 -0.011058797 -0.615095496 -27.893947601 -0.021243531 0.998752654 -0.045184661 -3.859282017 0.614828050 0.048689250 0.787156820 58.708881378
0.783542693 -0.011295025 -0.621235311 -28.568767548 -0.020778131 0.998799205 -0.044366464 -3.918188810 0.620990515 0.047671128 0.782367051 59.556755066
0.778952837 -0.010293727 -0.626998067 -29.253269196 -0.021804105 0.998816013 -0.043486439 -3.978144407 0.626703382 0.047545016 0.777806103 60.376647949
0.773349941 -0.012502815 -0.633856118 -29.942350388 -0.020358529 0.998800039 -0.044540197 -4.037382126 0.633652449 0.047349539 0.772167444 61.232013702
0.767739832 -0.013871331 -0.640611649 -30.639209747 -0.020032832 0.998757303 -0.045634665 -4.096747398 0.640448630 0.047868811 0.766507804 62.070800781
0.762432098 -0.014802832 -0.646898866 -31.345970154 -0.020094426 0.998714387 -0.046536542 -4.159645081 0.646756053 0.048480023 0.761154532 62.894210815
0.756374657 -0.017484805 -0.653904915 -32.065803528 -0.017519059 0.998742700 -0.046969812 -4.229701042 0.653904021 0.046982579 0.755117357 63.729389191
0.750203669 -0.019067150 -0.660931885 -32.793750763 -0.016901875 0.998704553 -0.047996305 -4.291623116 0.660990834 0.047177996 0.748909533 64.558349609
0.744044423 -0.020494092 -0.667815685 -33.538364410 -0.015681241 0.998718441 -0.048120122 -4.359685898 0.667946100 0.046275686 0.742769599 65.374237061
0.737698495 -0.020249149 -0.674826503 -34.294734955 -0.014935742 0.998815954 -0.046298198 -4.426969528 0.674965143 0.044233140 0.736522734 66.198326111
0.731260777 -0.020678164 -0.681784511 -35.066474915 -0.014479179 0.998844564 -0.045824334 -4.482466698 0.681944311 0.043381222 0.730116427 67.009979248
0.724346340 -0.022705801 -0.689062417 -35.821346283 -0.013026051 0.998828411 -0.046606187 -4.547477245 0.689313293 0.042734779 0.723201811 67.815780640
0.717947304 -0.024504846 -0.695665956 -36.611183167 -0.012628207 0.998757303 -0.048213914 -4.611084461 0.695982873 0.043400057 0.716745615 68.625076294
0.712356091 -0.023686415 -0.701418400 -37.417144775 -0.013896182 0.998758376 -0.047840260 -4.677740574 0.701680660 0.043826330 0.711142421 69.415237427
0.706541061 -0.023271905 -0.707289279 -38.230010986 -0.014029253 0.998802066 -0.046877954 -4.742131233 0.707532942 0.043043945 0.705368221 70.224418640
0.701291323 -0.023184020 -0.712497771 -39.045944214 -0.014702404 0.998787940 -0.046970811 -4.802411079 0.712723136 0.043415643 0.700100601 71.026000977
0.696315348 -0.023686459 -0.717344940 -39.873336792 -0.015705971 0.998713076 -0.048222676 -4.863764763 0.717564046 0.044844784 0.695047319 71.822082520
0.691437066 -0.025550433 -0.721984744 -40.704353333 -0.015996218 0.998587906 -0.050658599 -4.941685200 0.722259581 0.046576262 0.690052032 72.599288940
0.686439455 -0.028797183 -0.726616621 -41.552337646 -0.014440430 0.998478711 -0.053213559 -5.006939888 0.727043688 0.047020551 0.684979320 73.390029907
0.680959821 -0.029017091 -0.731745601 -42.407730103 -0.015358015 0.998428941 -0.053884435 -5.078565121 0.732159674 0.047931302 0.679444551 74.187789917
0.676184595 -0.028422523 -0.736183763 -43.280586243 -0.015488815 0.998486280 -0.052775953 -5.148552895 0.736569345 0.047088891 0.674720764 74.977966309
0.671244144 -0.028492628 -0.740688503 -44.160682678 -0.014720002 0.998551488 -0.051751938 -5.220600605 0.741090178 0.045641113 0.669852376 75.762008667
0.665839970 -0.029829646 -0.745497942 -45.043258667 -0.014213633 0.998511910 -0.052648373 -5.289898872 0.745959222 0.045651626 0.664425254 76.551956177
0.660872519 -0.030895058 -0.749861956 -45.920249939 -0.013088874 0.998525918 -0.052675810 -5.360993385 0.750384092 0.044626839 0.659493923 77.325836182
0.657018840 -0.031380873 -0.753220677 -46.828338623 -0.012594454 0.998536885 -0.052587174 -5.437529564 0.753768861 0.044037167 0.655662417 78.086235046
0.652646124 -0.032267250 -0.756975532 -47.723102570 -0.011157381 0.998575032 -0.052185427 -5.512966156 0.757580757 0.042504478 0.651356161 78.863029480
0.648989618 -0.035306092 -0.759977758 -48.640968323 -0.008332419 0.998532772 -0.053504154 -5.588564396 0.760751605 0.041056082 0.647743344 79.632438660
0.644385457 -0.039683830 -0.763670504 -49.551837921 -0.005741575 0.998373330 -0.056724817 -5.662569046 0.764679253 0.040937316 0.643109441 80.400375366
0.640110731 -0.044232361 -0.767008305 -50.481163025 -0.001333817 0.998275816 -0.058682397 -5.733981609 0.768281519 0.038586281 0.638948083 81.166221619
0.633121014 -0.047516085 -0.772593021 -51.413452148 0.003647340 0.998286188 -0.058407776 -5.815208435 0.774044096 0.034161277 0.632209301 81.940658569
0.624946415 -0.051369999 -0.778975666 -52.338878632 0.008426673 0.998218417 -0.059067648 -5.901785851 0.780622125 0.030349936 0.624265909 82.678810120
0.615792990 -0.052153636 -0.786179900 -53.292190552 0.010888323 0.998274922 -0.057695080 -5.984326363 0.787832618 0.026968051 0.615298629 83.417106628
0.607086658 -0.050513010 -0.793028474 -54.257270813 0.011414949 0.998428941 -0.054857794 -6.069131374 0.794553638 0.024251049 0.606709480 84.152877808
0.597955108 -0.050723977 -0.799923003 -55.240547180 0.010873098 0.998417139 -0.055182889 -6.142781734 0.801455855 0.024299247 0.597560167 84.889694214
0.588622570 -0.052063949 -0.806729674 -56.240600586 0.010501268 0.998332202 -0.056767266 -6.225936890 0.808339715 0.024942812 0.588187635 85.594116211
0.578829646 -0.054246280 -0.813642144 -57.243728638 0.010782689 0.998206794 -0.058880508 -6.308136940 0.815377116 0.025308535 0.578376651 86.295196533
0.569122136 -0.056124821 -0.820335269 -58.275379181 0.011221570 0.998104930 -0.060502116 -6.386351109 0.822176456 0.025227644 0.568673432 87.005409241
0.557990909 -0.056319833 -0.827933729 -59.305671692 0.014213072 0.998196483 -0.058322899 -6.483491898 0.829725206 0.020776177 0.557785094 87.728111267
0.548512220 -0.056555230 -0.834227741 -60.335086823 0.015261061 0.998220801 -0.057638612 -6.563636780 0.836003304 0.018884286 0.548399389 88.376815796
0.538498044 -0.057547450 -0.840659440 -61.397762299 0.015672227 0.998176515 -0.058291212 -6.643303394 0.842481077 0.018214703 0.538418055 89.042587280
0.527779758 -0.058162421 -0.847387671 -62.467796326 0.014990006 0.998135149 -0.059173085 -6.736607552 0.849249065 0.018528001 0.527667284 89.708908081
0.517422199 -0.059218109 -0.853678823 -63.529903412 0.014247262 0.998060524 -0.060598213 -6.817509651 0.855611622 0.019192265 0.517262399 90.365890503
0.507632196 -0.060127966 -0.859473169 -64.613983154 0.013589801 0.997996569 -0.061792359 -6.909706116 0.861466706 0.019687723 0.507432342 90.997528076
0.497691274 -0.060127601 -0.865267575 -65.707908630 0.012747282 0.997993588 -0.062018670 -6.998657703 0.867260456 0.019836340 0.497459173 91.628158569
0.489046067 -0.058066949 -0.870323062 -66.824134827 0.012052718 0.998136401 -0.059821919 -7.087966442 0.872174680 0.018765917 0.488834471 92.247375488
0.481079787 -0.056648389 -0.874844730 -67.942535400 0.012629784 0.998254418 -0.057694316 -7.173750877 0.876585841 0.016706470 0.480955422 92.858833313
0.473478794 -0.056768656 -0.878974020 -69.049911499 0.012226489 0.998248279 -0.057885937 -7.262227058 0.880720317 0.016660996 0.473343492 93.452896118
0.465614170 -0.059762295 -0.882967651 -70.153785706 0.014222625 0.998093784 -0.060054425 -7.350185871 0.884873509 0.015404075 0.465576649 94.039611816
0.458443671 -0.063022822 -0.886485994 -71.292922974 0.016938277 0.997920871 -0.062185459 -7.442063808 0.888561964 0.013492985 0.458557993 94.627853394
0.452564836 -0.065904602 -0.889292777 -72.419128418 0.017801493 0.997734189 -0.064881846 -7.537503719 0.891553760 0.013532501 0.452712655 95.199172974
0.446674734 -0.069625579 -0.891983092 -73.559936523 0.019952608 0.997494698 -0.067869917 -7.635168076 0.894473851 0.012518389 0.446944833 95.779014587
0.442201495 -0.070529558 -0.894138396 -74.700004578 0.022910723 0.997466266 -0.067349456 -7.739721298 0.896623075 0.009296669 0.442696929 96.338676453
0.438119531 -0.068139829 -0.896330476 -75.848731995 0.024611546 0.997658193 -0.063812934 -7.837739468 0.898579657 0.005897615 0.438770652 96.898056030
0.434455991 -0.066727519 -0.898217976 -76.989631653 0.028246852 0.997770786 -0.060460567 -7.935944557 0.900250018 0.000895630 0.435372353 97.448371887
0.430721730 -0.065514334 -0.900103807 -78.137191772 0.028635684 0.997851551 -0.058926076 -8.030918121 0.902030289 -0.000394345 0.431672424 97.999420166
0.428285122 -0.065487370 -0.901267648 -79.270095825 0.030267637 0.997850597 -0.058121957 -8.121204376 0.903136551 -0.002386473 0.429346651 98.525825500
0.426329762 -0.064005420 -0.902300596 -80.410369873 0.031340197 0.997939765 -0.055981681 -8.220821381 0.904024720 -0.004411624 0.427457392 99.046539307
0.422987789 -0.063901573 -0.903879285 -81.543113708 0.034249552 0.997924984 -0.054522566 -8.295949936 0.905487895 -0.007895082 0.424298704 99.593566895
0.420690298 -0.065114737 -0.904864430 -82.673744202 0.036847398 0.997824132 -0.054673046 -8.379306793 0.906455755 -0.010341484 0.422174245 100.122848511
0.418061703 -0.065303855 -0.906068385 -83.774444580 0.038521249 0.997789979 -0.054140814 -8.462089539 0.907601535 -0.012268685 0.419653386 100.643081665
0.415639967 -0.064384766 -0.907247543 -84.878067017 0.041854855 0.997788489 -0.051635124 -8.544679642 0.908565700 -0.016511088 0.417415649 101.161911011
0.413629830 -0.064050332 -0.908189356 -85.991439819 0.043920893 0.997764707 -0.050364137 -8.624608040 0.909385145 -0.019056382 0.415518373 101.662979126
0.412052065 -0.065693513 -0.908788979 -87.085464478 0.046265539 0.997619390 -0.051137630 -8.701390266 0.909984887 -0.020974247 0.414110512 102.157402039
0.410445660 -0.066016555 -0.909492254 -88.161956787 0.047538377 0.997568965 -0.050956048 -8.798058510 0.910645008 -0.022321103 0.412586153 102.651626587
0.409982741 -0.067125455 -0.909619927 -89.228698730 0.047145348 0.997514665 -0.052362364 -8.878091812 0.910873950 -0.021416679 0.412128508 103.126815796
0.410015881 -0.067771636 -0.909556985 -90.281539917 0.047091808 0.997478545 -0.053094376 -8.964038849 0.910861850 -0.021063147 0.412173480 103.618988037
0.412301302 -0.067232884 -0.908563316 -91.325942993 0.044267159 0.997573793 -0.053731374 -9.046331406 0.909971476 -0.018066010 0.414277047 104.084991455
0.416831374 -0.067455105 -0.906477451 -92.360816956 0.042108584 0.997605085 -0.054873265 -9.125080109 0.908007979 -0.015297587 0.418673426 104.555397034
0.422241479 -0.067954764 -0.903932750 -93.401046753 0.040534068 0.997604132 -0.056062587 -9.207323074 0.905576825 -0.012968123 0.423984170 105.022033691
0.427656919 -0.067794397 -0.901395321 -94.416595459 0.040453389 0.997619927 -0.055838861 -9.292664528 0.903035462 -0.012584629 0.429381579 105.513015747
0.434462577 -0.066684835 -0.898217857 -95.422828674 0.039243098 0.997709930 -0.055089600 -9.369939804 0.899834573 -0.011314493 0.436084539 106.000579834
0.442810953 -0.064898029 -0.894263268 -96.440643311 0.037872639 0.997840703 -0.053661473 -9.451118469 0.895814717 -0.010106223 0.444312692 106.490539551
0.451982468 -0.064739041 -0.889674485 -97.417388916 0.037896175 0.997856081 -0.053358659 -9.529523849 0.891221464 -0.009598079 0.453466833 106.975517273
0.461441308 -0.064489655 -0.884823680 -98.402297974 0.036825705 0.997887254 -0.053525351 -9.599454880 0.886406124 -0.007885449 0.462841243 107.481719971
0.470914096 -0.064468555 -0.879820287 -99.375831604 0.035456695 0.997903466 -0.054143272 -9.684803963 0.881466210 -0.005698695 0.472212583 108.004364014
0.481174320 -0.066669688 -0.874086082 -100.334922791 0.034826949 0.997770429 -0.056931723 -9.753771782 0.875932872 -0.003047664 0.482423395 108.531707764
0.492694139 -0.068007261 -0.867541075 -101.291687012 0.033121724 0.997684717 -0.059398837 -9.824628830 0.869571984 0.000531008 0.493805915 109.069000244
0.505079389 -0.065744609 -0.860565245 -102.237747192 0.030795472 0.997832417 -0.058157071 -9.910081863 0.862523317 0.002872431 0.506009221 109.618255615
0.518014848 -0.063091561 -0.853041768 -103.172103882 0.029109789 0.997998714 -0.056135580 -9.988306999 0.854876101 0.004247195 0.518814623 110.169998169
0.530722857 -0.060634375 -0.845373809 -104.088989258 0.028400704 0.998149753 -0.053762354 -10.067545891 0.847069383 0.004523692 0.531462967 110.734298706
0.542458832 -0.060353290 -0.837911665 -104.990509033 0.028630352 0.998164773 -0.053360920 -10.137513161 0.839594364 0.004956392 0.543191195 111.315795898
0.554408133 -0.059912924 -0.830085456 -105.869323730 0.028492792 0.998187065 -0.053015828 -10.223921776 0.831757009 0.005740953 0.555110097 111.889251709
0.565830410 -0.061294228 -0.822240233 -106.746795654 0.028424874 0.998090267 -0.054842275 -10.288977623 0.824031532 0.007659348 0.566492140 112.480239868
0.575916588 -0.062886685 -0.815086126 -107.599449158 0.030905470 0.997999012 -0.055162117 -10.367016792 0.816924036 0.006578158 0.576707780 113.099601746
0.587775230 -0.062342893 -0.806618631 -108.455307007 0.031301647 0.998032391 -0.054327909 -10.451448441 0.808418512 0.006684106 0.588570118 113.704391479
0.598625839 -0.060116664 -0.798769712 -109.286689758 0.030529635 0.998167574 -0.052243695 -10.522193909 0.800446749 0.006888283 0.599364281 114.318161011
0.608525574 -0.056727365 -0.791504025 -110.092079163 0.030542256 0.998376846 -0.048072457 -10.598814964 0.792946279 0.005078999 0.609270334 114.936431885
0.618314862 -0.055157717 -0.783992350 -110.896804810 0.029292524 0.998458445 -0.047144193 -10.666152954 0.785384417 0.006184835 0.618977547 115.568145752
0.628337145 -0.055154670 -0.775983453 -111.679992676 0.027620254 0.998436272 -0.048601028 -10.726243973 0.777450621 0.009104972 0.628878117 116.199218750
0.637966335 -0.053949889 -0.768172026 -112.443374634 0.025374630 0.998473823 -0.049050726 -10.799522400 0.769646108 0.011800625 0.638361752 116.829727173
0.647464037 -0.054220978 -0.760164559 -113.231803894 0.026188362 0.998459697 -0.048912343 -10.860709190 0.761645734 0.011761517 0.647886753 117.474693298
0.656507134 -0.051789675 -0.752539754 -113.970855713 0.025613837 0.998595536 -0.046377972 -10.927838326 0.753884673 0.011172036 0.656911612 118.124137878
0.665421307 -0.050117102 -0.744783640 -114.703140259 0.025833623 0.998692095 -0.044121943 -10.990555763 0.746020794 0.010119217 0.665845692 118.768493652
0.673347235 -0.049946696 -0.737637281 -115.419425964 0.026472539 0.998704433 -0.043458723 -11.047675133 0.738852203 0.009735680 0.673797131 119.432449341
0.681082487 -0.049255088 -0.730548143 -116.119422913 0.025253003 0.998721480 -0.043792777 -11.099323273 0.731771052 0.011377960 0.681455553 120.085311890
0.688581288 -0.048081268 -0.723563373 -116.809967041 0.024823828 0.998777449 -0.042745762 -11.159665108 0.724734187 0.011472313 0.688933015 120.740219116
0.696094632 -0.045702081 -0.716494083 -117.493927002 0.024215244 0.998898625 -0.040189654 -11.213207245 0.717541575 0.010625722 0.696434498 121.387107849
0.703322470 -0.042931143 -0.709573448 -118.154449463 0.023216713 0.999029517 -0.037431836 -11.265426636 0.710491776 0.009852684 0.703636527 122.050384521
0.711299896 -0.041530512 -0.701660693 -118.813247681 0.022246404 0.999083042 -0.036582593 -11.315365791 0.702536583 0.010411766 0.711571455 122.697090149
0.718331516 -0.040481891 -0.694522083 -119.450714111 0.021736907 0.999124169 -0.035754260 -11.369824409 0.695361257 0.010586650 0.718582511 123.359573364
0.726418018 -0.037570864 -0.686225355 -120.076171875 0.018904010 0.999219060 -0.034696057 -11.411174774 0.686992943 0.012231436 0.726561069 124.011833191
0.735521138 -0.034735702 -0.676610708 -120.680778503 0.018154381 0.999336660 -0.031568713 -11.462003708 0.677258432 0.010936011 0.735663891 124.661170959
0.745008349 -0.030862654 -0.666340768 -121.267982483 0.016232641 0.999472022 -0.028143121 -11.503715515 0.666857600 0.010150390 0.745115995 125.315383911
0.754978359 -0.028625999 -0.655124545 -121.847488403 0.014302900 0.999527872 -0.027191935 -11.546505928 0.655593693 0.011159141 0.755031407 125.976287842
0.764773309 -0.027694929 -0.643703878 -122.398017883 0.012710284 0.999529779 -0.027903242 -11.583997726 0.644173980 0.013157994 0.764765739 126.632736206
0.774934411 -0.028940503 -0.631378710 -122.957138062 0.012985773 0.999469340 -0.029874338 -11.620165825 0.631908238 0.014951710 0.774898887 127.301353455
0.785043061 -0.027970033 -0.618809402 -123.482536316 0.012753209 0.999498129 -0.028997906 -11.662401199 0.619309902 0.014872798 0.785005689 127.971549988
0.795207918 -0.026713440 -0.605747998 -123.998748779 0.012475780 0.999538481 -0.027701728 -11.690690041 0.606208324 0.014471458 0.795174181 128.650131226
0.805422127 -0.024400512 -0.592199147 -124.503204346 0.012259281 0.999624312 -0.024514476 -11.729036331 0.592574835 0.012484565 0.805418611 129.331527710
0.815056503 -0.022667686 -0.578937829 -125.002281189 0.012204251 0.999684393 -0.021959826 -11.762644768 0.579252839 0.010832998 0.815075874 130.039108276
0.824241400 -0.021435501 -0.565832734 -125.462661743 0.013084793 0.999737501 -0.018812705 -11.799120903 0.566087365 0.008102410 0.824305475 130.705444336
0.832564056 -0.020651834 -0.553543746 -125.932853699 0.013724197 0.999767065 -0.016657673 -11.825423241 0.553758681 0.006271637 0.832653642 131.405883789
0.839941144 -0.021082366 -0.542267859 -126.387268066 0.015420954 0.999768853 -0.014982996 -11.853031158 0.542458296 0.004222549 0.840072155 132.111267090
0.846533060 -0.020635659 -0.531935990 -126.846366882 0.015124097 0.999777317 -0.014716079 -11.879503250 0.532121241 0.004412597 0.846656621 132.829727173
0.853057444 -0.020025693 -0.521432638 -127.283950806 0.014276079 0.999784946 -0.015041385 -11.897338867 0.521621704 0.005387153 0.853159845 133.555618286
0.859958172 -0.017754843 -0.510055661 -127.730644226 0.012378532 0.999826252 -0.013933271 -11.921059608 0.510214329 0.005668293 0.860028625 134.295532227
0.866524279 -0.016507955 -0.498861849 -128.150390625 0.011527898 0.999848127 -0.013062231 -11.954552650 0.499001771 0.005567912 0.866583109 135.012985229
0.872512400 -0.017098857 -0.488292634 -128.571289062 0.012274630 0.999839067 -0.013078918 -11.975018501 0.488437742 0.005417907 0.872581899 135.764068604
0.877485573 -0.018299291 -0.479253739 -128.978164673 0.013247939 0.999815285 -0.013919632 -11.998009682 0.479419917 0.005865153 0.877566040 136.518096924
0.881783485 -0.018795455 -0.471279830 -129.392196655 0.013687632 0.999804556 -0.014263825 -12.025642395 0.471455812 0.006126897 0.881868422 137.293838501
0.885308623 -0.018247372 -0.464645624 -129.800994873 0.013429019 0.999816239 -0.013677504 -12.043080330 0.464809805 0.005869078 0.885391116 138.069931030
0.888435900 -0.016502343 -0.458704174 -130.199829102 0.013254618 0.999859095 -0.010298888 -12.061138153 0.458809525 0.003069954 0.888529301 138.853088379
0.891439557 -0.012491455 -0.452967435 -130.605041504 0.010833506 0.999921799 -0.006254456 -12.073369026 0.453010112 0.000668244 0.891505063 139.658767700
0.894911706 -0.009526146 -0.446141541 -131.007873535 0.009115430 0.999953806 -0.003066738 -12.096195221 0.446150064 -0.001322312 0.894957125 140.456512451
0.898204982 -0.006769125 -0.439524651 -131.414932251 0.007100322 0.999974430 -0.000890524 -12.105947495 0.439519405 -0.002320894 0.898230076 141.280670166
0.901421130 -0.005348929 -0.432910174 -131.818878174 0.006525116 0.999977946 0.001231357 -12.112401009 0.432894021 -0.003934761 0.901436210 142.124069214
0.904858351 -0.003664932 -0.425696731 -132.232574463 0.005985766 0.999973595 0.004114280 -12.117811203 0.425670445 -0.006270962 0.904856563 142.978210449
0.908276439 -0.003745792 -0.418353915 -132.623443604 0.006972504 0.999956548 0.006184550 -12.128302574 0.418312550 -0.008534255 0.908263028 143.836013794
0.911765993 -0.004388385 -0.410686642 -133.037933350 0.007995184 0.999943078 0.007065244 -12.128012657 0.410632223 -0.009725365 0.911749125 144.753906250
0.915473342 -0.004770780 -0.402350396 -133.435485840 0.008331240 0.999940097 0.007099619 -12.133035660 0.402292401 -0.009851588 0.915458262 145.654769897
0.919430971 -0.007549686 -0.393179029 -133.827667236 0.010967973 0.999919057 0.006448003 -12.132511139 0.393098503 -0.010240871 0.919439256 146.567367554
0.923415005 -0.009284614 -0.383690655 -134.214050293 0.012155357 0.999913335 0.005057798 -12.133182526 0.383610427 -0.009334343 0.923447788 147.505187988
0.927869260 -0.010046673 -0.372770160 -134.606262207 0.012179250 0.999920189 0.003366363 -12.142501831 0.372706592 -0.007663604 0.927917600 148.483520508
0.933156788 -0.008009807 -0.359380424 -134.981231689 0.009590921 0.999950588 0.002616784 -12.143905640 0.359341770 -0.005888658 0.933187485 149.450805664
0.939196646 -0.004386485 -0.343351662 -135.345764160 0.006012749 0.999975145 0.003671973 -12.145884514 0.343327016 -0.005513191 0.939199865 150.435440063
0.945750415 -0.001060536 -0.324892431 -135.696212769 0.003438093 0.999971271 0.006743989 -12.149439812 0.324875981 -0.007495140 0.945726871 151.442840576
0.952375948 0.002382627 -0.304917008 -136.028717041 0.000314025 0.999961257 0.008794543 -12.161962509 0.304926187 -0.008471463 0.952338278 152.450286865
0.958919704 0.003985489 -0.283649772 -136.345977783 -0.001285192 0.999952078 0.009705286 -12.161763191 0.283674866 -0.008942044 0.958878756 153.489288330
0.964981854 0.005191887 -0.262265056 -136.638763428 -0.002267071 0.999931872 0.011453485 -12.168170929 0.262306690 -0.010457833 0.964927852 154.533676147
0.970576823 0.006031179 -0.240715742 -136.909423828 -0.002727730 0.999897480 0.014054289 -12.161141396 0.240775853 -0.012984158 0.970493913 155.611450195
0.975776613 0.008618189 -0.218599737 -137.149047852 -0.004826565 0.999828577 0.017873136 -12.168695450 0.218716308 -0.016385101 0.975650907 156.668624878
0.980486572 0.011492897 -0.196249962 -137.378311157 -0.007286423 0.999728262 0.022142846 -12.159200668 0.196451157 -0.020280801 0.980303824 157.770904541
0.984694302 0.012949587 -0.173808470 -137.586563110 -0.008648025 0.999637783 0.025483431 -12.146735191 0.174075514 -0.023590289 0.984449685 158.898651123
0.988322079 0.014664884 -0.151671663 -137.768386841 -0.010932912 0.999617338 0.025410362 -12.128513336 0.151986241 -0.023455411 0.988104284 160.048400879
0.991478264 0.014235896 -0.129491732 -137.925918579 -0.011292053 0.999661565 0.023439743 -12.117228508 0.129781559 -0.021777771 0.991303444 161.194168091
0.994007587 0.014848022 -0.108298257 -138.065155029 -0.012474242 0.999667585 0.022563607 -12.099814415 0.108597234 -0.021077458 0.993862391 162.367294312
0.996009052 0.013256852 -0.088262282 -138.159744263 -0.011134276 0.999637842 0.024497556 -12.090266228 0.088555098 -0.023417052 0.995796025 163.546676636
0.997567594 0.013100248 -0.068463825 -138.241928101 -0.011345236 0.999598622 0.025960404 -12.068977356 0.068776436 -0.025120523 0.997315824 164.749816895
0.998761714 0.014555437 -0.047572173 -138.309020996 -0.013259121 0.999535143 0.027452301 -12.068056107 0.047949638 -0.026787544 0.998490453 165.930343628
0.999499619 0.016492449 -0.026989818 -138.355407715 -0.015738556 0.999486506 0.027910434 -12.043254852 0.027436268 -0.027471688 0.999245942 167.171020508
0.999836206 0.016872611 -0.006540924 -138.374786377 -0.016676968 0.999443352 0.028892482 -12.032373428 0.007024775 -0.028778667 0.999561071 168.429458618
0.999726892 0.018908508 0.013734965 -138.364593506 -0.019289477 0.999417484 0.028155221 -12.007877350 -0.013194589 -0.028412472 0.999509215 169.681747437
0.999206781 0.020225666 0.034303494 -138.340896606 -0.021158760 0.999409914 0.027059779 -11.991764069 -0.033735946 -0.027764136 0.999045074 170.960128784
0.998342037 0.020195233 0.053901315 -138.283493042 -0.021530721 0.999472558 0.024311818 -11.965567589 -0.053381898 -0.025432043 0.998250246 172.247909546
0.997120023 0.022181215 0.072522432 -138.194961548 -0.023814131 0.999480247 0.021729356 -11.949996948 -0.072002761 -0.023393843 0.997130036 173.544921875
0.995550573 0.022313157 0.091548175 -138.083206177 -0.024270412 0.999498844 0.020322056 -11.942899704 -0.091048852 -0.022453552 0.995593190 174.846145630
0.993628502 0.022575989 0.110420913 -137.947494507 -0.024583867 0.999555647 0.016856162 -11.922223091 -0.109991319 -0.019463338 0.993741930 176.156555176
0.991333365 0.023623455 0.129228801 -137.791610718 -0.025365086 0.999608040 0.011847623 -11.926977158 -0.128898248 -0.015022841 0.991544008 177.484085083
0.988785923 0.025714474 0.147109270 -137.611145020 -0.026797207 0.999626458 0.005382642 -11.932448387 -0.146915928 -0.009264399 0.989105523 178.805801392
0.985962749 0.027874183 0.164622292 -137.403610229 -0.028287863 0.999599755 0.000168568 -11.939801216 -0.164551720 -0.004823015 0.986356616 180.135772705
0.982784748 0.030212207 0.182267293 -137.169692993 -0.029978482 0.999542296 -0.004037950 -11.956946373 -0.182305872 -0.001495661 0.983240724 181.485183716
0.979261339 0.032209482 0.200024322 -136.910034180 -0.031492818 0.999481082 -0.006764486 -11.979650497 -0.200138390 0.000324869 0.979767621 182.831146240
0.975582302 0.031525463 0.217359930 -136.619384766 -0.030868100 0.999502778 -0.006419831 -12.009275436 -0.217454255 -0.000446415 0.976070404 184.197723389
0.971658111 0.030807370 0.234374836 -136.303924561 -0.030001242 0.999525309 -0.007005007 -12.034726143 -0.234479383 -0.000225067 0.972121060 185.552200317
0.967443824 0.030875973 0.251195252 -135.956527710 -0.028791817 0.999513745 -0.011968738 -12.072520256 -0.251442552 0.004346715 0.967862427 186.915344238
0.962968946 0.032274026 0.267673612 -135.594635010 -0.028994899 0.999448240 -0.016195238 -12.105110168 -0.268048644 0.007834345 0.963373542 188.274688721
0.958074093 0.034377713 0.284450501 -135.200988770 -0.030972222 0.999384642 -0.016462881 -12.141202927 -0.284841388 0.006962595 0.958549380 189.654464722
0.952647924 0.036555361 0.301870286 -134.781234741 -0.032966170 0.999312282 -0.016977673 -12.183721542 -0.302283198 0.006222231 0.953197837 191.032287598
0.946740746 0.040137544 0.319485426 -134.344711304 -0.035530459 0.999163628 -0.020238310 -12.222754478 -0.320030600 0.007808969 0.947375059 192.412078857
0.940730274 0.040750273 0.336698711 -133.872711182 -0.034584336 0.999106467 -0.024292758 -12.271629333 -0.337387830 0.011208436 0.941299021 193.787948608
0.934340715 0.041622758 0.353942156 -133.374572754 -0.034525093 0.999056518 -0.026346928 -12.328807831 -0.354704708 0.012397120 0.934896171 195.160034180
0.927552581 0.042285088 0.371292621 -132.842300415 -0.032910299 0.998960137 -0.031552158 -12.390608788 -0.372240752 0.017046928 0.927979589 196.547363281
0.919503987 0.045640264 0.390422225 -132.287933350 -0.033521011 0.998722911 -0.037803371 -12.454414368 -0.391648889 0.021673007 0.919859469 197.923461914
0.909966767 0.049242243 0.411747038 -131.693695068 -0.035481554 0.998528838 -0.041002762 -12.532121658 -0.413160324 0.022701731 0.910375297 199.296661377
0.898491025 0.052490160 0.435842514 -131.084716797 -0.037820078 0.998390019 -0.042273641 -12.613910675 -0.437359720 0.021498887 0.899029613 200.646026611
