1.000000000 0.000000000 0.000000000 0.000000000 0.000000000 1.000000000 0.000000000 0.000000000 0.000000000 0.000000000 1.000000000 0.000000000
0.999873877 0.001486512 0.015813455 0.010610381 -0.001472038 0.999998510 -0.000926898 -0.003340653 -0.015814809 0.000903503 0.999874532 0.126496702
0.999292135 0.004311648 0.037371915 0.027194066 -0.004300206 0.999990702 -0.000386539 -0.005052513 -0.037373234 0.000225558 0.999301374 0.272636026
0.997895002 0.005978517 0.064573921 0.056312304 -0.006054003 0.999981225 0.000973379 -0.004808988 -0.064566888 -0.001362261 0.997912467 0.436249942
0.995131254 0.005588962 0.098401263 0.103221759 -0.005936377 0.999977112 0.003238155 -0.004255066 -0.098380931 -0.003806537 0.995141566 0.608204186
0.990631580 0.002538246 0.136538133 0.163985312 -0.003280800 0.999981046 0.005213674 -0.005177681 -0.136522338 -0.005612785 0.990621030 0.792744398
0.984348238 -0.000253117 0.176234961 0.237552956 -0.000719164 0.999984860 0.005453066 -0.004483746 -0.176233679 -0.005494458 0.984333038 0.988980889
0.975569010 -0.000435340 0.219692901 0.320714086 -0.001047016 0.999977410 0.006630920 -0.000640208 -0.219690844 -0.006698943 0.975546539 1.193553090
0.963429391 -0.000284549 0.267962366 0.413480669 -0.002338835 0.999952376 0.009470872 0.002488517 -0.267952323 -0.009751234 0.963382840 1.408310175
0.948942661 -0.003916860 0.315424591 0.528793931 -0.001417391 0.999859869 0.016680159 -0.002146496 -0.315445721 -0.016275594 0.948803961 1.619265556
0.932009041 -0.013158476 0.362196058 0.670693457 0.004519636 0.999684989 0.024688248 -0.007052220 -0.362406790 -0.021372680 0.931774855 1.826197505
0.910572231 -0.018364660 0.412941873 0.823966205 0.007054484 0.999557495 0.028897332 -0.004475549 -0.413289785 -0.023400016 0.910298824 2.051289082
0.885129213 -0.019768111 0.464925319 0.992406487 0.005093587 0.999449074 0.032798249 0.000160754 -0.465317488 -0.026662549 0.884742141 2.279952765
0.856719375 -0.021842612 0.515320122 1.168480992 0.002984364 0.999296129 0.037395149 0.002217092 -0.515774190 -0.030499242 0.856181502 2.488630533
0.824184835 -0.026241038 0.565712750 1.368225813 0.003368487 0.999135375 0.041438166 0.008929655 -0.566311002 -0.032247115 0.823560536 2.702687502
0.788106382 -0.031945109 0.614709377 1.600191355 0.005472479 0.998976469 0.044898480 0.010434195 -0.615514576 -0.032020796 0.787474632 2.916094780
0.749749124 -0.035812382 0.660752356 1.840418100 0.005850564 0.998854160 0.047498722 0.015505403 -0.661696374 -0.031746350 0.749099493 3.123307467
0.709558904 -0.038983081 0.703566968 2.109587669 0.006906262 0.998805285 0.048376501 0.030289903 -0.704612255 -0.029466962 0.708980441 3.329794407
0.667260587 -0.040748317 0.743708849 2.410422325 0.005815951 0.998756945 0.049504474 0.044753686 -0.744801521 -0.028707016 0.666668177 3.549990177
0.624161959 -0.040394451 0.780250072 2.729406118 0.000397210 0.998678744 0.051385019 0.064323768 -0.781294942 -0.031762648 0.623353362 3.770796776
0.582628310 -0.041159805 0.811695695 3.065033913 -0.002734381 0.998611867 0.052600753 0.073481560 -0.812734127 -0.032866165 0.581707120 3.966464043
0.542058706 -0.042270184 0.839276731 3.443140507 -0.004481322 0.998574555 0.053187542 0.095866412 -0.840328634 -0.032591850 0.541096628 4.174599648
0.502910554 -0.044289347 0.863202929 3.855085850 -0.006222755 0.998474836 0.054855350 0.116640821 -0.864315927 -0.032958832 0.501868129 4.387945175
0.466223210 -0.043951210 0.883574605 4.287354469 -0.009165384 0.998471558 0.054502640 0.134509712 -0.884619594 -0.033508699 0.465107828 4.580092430
0.429551691 -0.043294467 0.902003825 4.746767998 -0.010264643 0.998551428 0.052816797 0.154965147 -0.902983904 -0.031946298 0.428485096 4.772150040
0.396076083 -0.041867279 0.917262733 5.236423016 -0.009161339 0.998730004 0.049541648 0.177268937 -0.918172002 -0.028025620 0.395189524 4.953454971
0.366519749 -0.039765801 0.929560006 5.761410713 -0.006965334 0.998940945 0.045480240 0.203292355 -0.930384219 -0.023144100 0.365854561 5.135666370
0.341318637 -0.038100880 0.939175069 6.309090614 -0.005673395 0.999076366 0.042592827 0.226154506 -0.939930558 -0.019866040 0.340787202 5.310757637
0.321058005 -0.037708785 0.946308494 6.875937462 -0.004426134 0.999136269 0.041315556 0.247029334 -0.947049260 -0.017453177 0.320613772 5.490230560
0.305849135 -0.038255740 0.951310992 7.488999367 -0.003570225 0.999139190 0.041326921 0.270710051 -0.952073395 -0.016036196 0.305449277 5.689347744
0.294463068 -0.039350320 0.954852402 8.126626015 -0.002806061 0.999112010 0.042039655 0.296064466 -0.955658734 -0.015058499 0.294091105 5.879593849
0.283422381 -0.040760759 0.958128572 8.783814430 -0.004106515 0.999035537 0.043715764 0.327331126 -0.958986342 -0.016324593 0.282981575 6.073432922
0.272795320 -0.042883366 0.961115837 9.450466156 -0.005331375 0.998923361 0.046083488 0.348222792 -0.962057292 -0.017695427 0.272272974 6.262459755
0.262689680 -0.044535585 0.963851929 10.149797440 -0.006423779 0.998831332 0.047902577 0.375501633 -0.964858949 -0.018775087 0.262096584 6.454611778
0.252573699 -0.046555173 0.966456950 10.869758606 -0.007270456 0.998722196 0.050009470 0.403782785 -0.967550337 -0.019657662 0.251912504 6.638978481
0.242070869 -0.047978841 0.969071567 11.615817070 -0.007332421 0.998657584 0.051275253 0.436284006 -0.970230818 -0.019517887 0.241394132 6.827313423
0.231506780 -0.049298905 0.971583366 12.361830711 -0.007285393 0.998599291 0.052405663 0.467534572 -0.972806036 -0.019210629 0.230823278 7.005139351
0.221348673 -0.052249324 0.973793983 13.149829865 -0.009155430 0.998408318 0.055651102 0.496712089 -0.975151718 -0.021233801 0.220517993 7.178435326
0.209942117 -0.055354338 0.976145625 13.936277390 -0.010851516 0.998202562 0.058938999 0.538723707 -0.977653563 -0.022966435 0.208964080 7.350264549
0.198161602 -0.058950584 0.978394985 14.724287033 -0.011101640 0.997990787 0.062379777 0.577757001 -0.980106592 -0.023223063 0.197108999 7.503963947
0.184671551 -0.061352346 0.980883479 15.515010834 -0.011714167 0.997841299 0.064618468 0.614306450 -0.982730567 -0.023423424 0.183554187 7.654613018
0.169932112 -0.062107291 0.983496666 16.343843460 -0.013509690 0.997771382 0.065342963 0.647460282 -0.985363126 -0.024390606 0.168714359 7.812997818
0.155370682 -0.060820244 0.985982180 17.157754898 -0.015034426 0.997841656 0.063920915 0.689629197 -0.987741768 -0.024755113 0.154120922 7.942111969
0.139344722 -0.059975591 0.988426089 17.978294373 -0.015696466 0.997904956 0.062763594 0.723866284 -0.990119517 -0.024260571 0.138111398 8.047449112
0.119214743 -0.058644958 0.991135061 18.817214966 -0.018067086 0.997960567 0.061221950 0.757478237 -0.992704093 -0.025205478 0.117912114 8.143271446
0.093371622 -0.057081260 0.993993640 19.633193970 -0.022452483 0.997980595 0.059419300 0.794971526 -0.995378137 -0.027865702 0.091901422 8.222179413
0.062811412 -0.056649242 0.996416271 20.472347260 -0.026446892 0.997942686 0.058403153 0.830380082 -0.997674942 -0.030020500 0.061183978 8.271481514
0.030081064 -0.056393724 0.997955322 21.314880371 -0.028721046 0.997946143 0.057258938 0.863325953 -0.999134779 -0.030384725 0.028399572 8.284726143
-0.004619256 -0.055806741 0.998430908 22.154478073 -0.030167231 0.997994959 0.055642802 0.891594887 -0.999534190 -0.029862866 -0.006293543 8.276781082
-0.038855381 -0.054542694 0.997755170 23.022472382 -0.032054257 0.998063326 0.053311266 0.926196098 -0.998730540 -0.029910870 -0.040528469 8.244380951
-0.072042562 -0.052683212 0.996009231 23.842464447 -0.034288645 0.998144567 0.050316021 0.948274076 -0.996811986 -0.030526908 -0.073715344 8.182430267
-0.104979150 -0.049943835 0.993219495 24.693096161 -0.036618907 0.998254955 0.046326570 0.973451853 -0.993799984 -0.031507291 -0.106624834 8.092390060
-0.137182117 -0.045435969 0.989503264 25.531007767 -0.033189412 0.998597383 0.041252263 0.990932107 -0.989989638 -0.027181963 -0.138497695 7.961421967
-0.168589681 -0.039290320 0.984902918 26.351675034 -0.028183069 0.998988867 0.035028033 1.006676555 -0.985283315 -0.021852227 -0.169526547 7.802439213
-0.198574260 -0.032946654 0.979531944 27.169591904 -0.021745019 0.999336898 0.029204568 1.018512368 -0.979844570 -0.015500664 -0.199159011 7.620765686
-0.227380827 -0.027284712 0.973423541 27.994796753 -0.015635008 0.999580801 0.024365723 1.025038242 -0.973680377 -0.009679188 -0.227712110 7.408070087
-0.254985690 -0.021014007 0.966716468 28.804330826 -0.006919466 0.999777853 0.019907568 1.028894305 -0.966920078 -0.001613017 -0.255074471 7.175259590
-0.281242758 -0.010739090 0.959576607 29.609172821 -0.000773890 0.999939561 0.010963989 1.020209551 -0.959636331 0.002340937 -0.281234086 6.919483662
-0.306417227 0.004847575 0.951884985 30.393503189 0.003732557 0.999985456 -0.003891001 1.007866502 -0.951889992 0.002360695 -0.306430876 6.655905724
-0.331177205 0.022176076 0.943307936 31.168386459 0.005052261 0.999751151 -0.021729240 0.984288037 -0.943555117 -0.002430391 -0.331206828 6.373216629
-0.356386840 0.036934257 0.933608234 31.948261261 0.005029091 0.999279737 -0.037612513 0.954473853 -0.934324980 -0.008709405 -0.356315911 6.072290421
-0.380726576 0.047144216 0.923485160 32.709575653 0.008688099 0.998837829 -0.047409140 0.908790112 -0.924646854 -0.010026589 -0.380693734 5.746748924
-0.404014736 0.051420804 0.913306117 33.462524414 0.012232703 0.998633146 -0.050813556 0.856789708 -0.914670646 -0.009357223 -0.404091567 5.396362305
-0.426532954 0.051124528 0.903025985 34.209930420 0.015573650 0.998668373 -0.049183276 0.806593180 -0.904337883 -0.006914882 -0.426761150 5.038919449
-0.446813643 0.046826512 0.893400729 34.941745758 0.018642008 0.998899758 -0.043032747 0.754138947 -0.894432724 -0.002572834 -0.447194993 4.661020279
-0.464611232 0.045250650 0.884357810 35.663909912 0.025818510 0.998961270 -0.037550487 0.706666470 -0.885138214 0.005386424 -0.465296835 4.263586044
-0.477901399 0.045718838 0.877222955 36.367179871 0.028218077 0.998928308 -0.036688939 0.659321427 -0.877960026 0.007219850 -0.478679299 3.865946770
-0.489087254 0.050034251 0.870798647 37.064567566 0.032582950 0.998704612 -0.039083127 0.609794140 -0.871626079 0.009258124 -0.490083903 3.466932297
-0.499013841 0.052406590 0.865007997 37.752052307 0.033151422 0.998593569 -0.041375190 0.564466715 -0.865959644 0.008029453 -0.500049353 3.064145088
-0.509620488 0.051960565 0.858828902 38.448158264 0.027683664 0.998648226 -0.043992653 0.512216687 -0.859953821 0.001355974 -0.510370076 2.659172058
-0.520715296 0.050413355 0.852240562 39.134647369 0.027107669 0.998727977 -0.042515986 0.463255763 -0.853299975 0.000963533 -0.521419525 2.244865417
-0.529416800 0.051904026 0.846772552 39.802646637 0.029495770 0.998649359 -0.042772241 0.418088436 -0.847848952 0.002331866 -0.530232728 1.822313309
-0.536654234 0.054779541 0.842022181 40.494022369 0.031681623 0.998494864 -0.044767249 0.377820611 -0.843207181 0.002652096 -0.537582099 1.378290176
-0.540029109 0.057769522 0.839661360 41.184482574 0.033379897 0.998326659 -0.047217540 0.330623507 -0.840984106 0.002528965 -0.541053832 0.930856705
-0.540196478 0.059916712 0.839403212 41.890983582 0.032419536 0.998203337 -0.050388347 0.289540768 -0.840914249 -0.000006543 -0.541168451 0.490934372
-0.536621094 0.060066741 0.841682613 42.594905853 0.034927271 0.998189449 -0.048967712 0.233447552 -0.843100131 0.003120575 -0.537747502 0.032732010
-0.530853331 0.058896866 0.845414579 43.336071014 0.032743782 0.998262763 -0.048984714 0.180737734 -0.846830904 0.001678376 -0.531859517 -0.423254013
-0.523961008 0.057646520 0.849789202 44.097934723 0.030765472 0.998336911 -0.048754141 0.130647659 -0.851186454 0.000598895 -0.524863183 -0.883041382
-0.516802788 0.057182923 0.854192555 44.871852875 0.029355569 0.998363674 -0.049073610 0.074744821 -0.855600953 -0.000286073 -0.517635763 -1.346004486
-0.510338068 0.055875428 0.858156741 45.658859253 0.026611108 0.998435199 -0.049183704 0.020814180 -0.859562039 -0.002263814 -0.511026382 -1.811222076
-0.506576002 0.053458914 0.860536337 46.460342407 0.021949343 0.998552084 -0.049111817 -0.032041073 -0.861915767 -0.005990665 -0.507016063 -2.262996674
-0.504940331 0.050500780 0.861675680 47.287502289 0.017180748 0.998677254 -0.048462238 -0.084972382 -0.862983286 -0.009666308 -0.505140066 -2.738695145
-0.505492985 0.047926504 0.861498654 48.122535706 0.014777851 0.998790503 -0.046893209 -0.148294926 -0.862704158 -0.010973088 -0.505589843 -3.215913773
-0.506378651 0.046904292 0.861034632 48.964347839 0.013720036 0.998831391 -0.046341859 -0.204343915 -0.862202048 -0.011653104 -0.506430447 -3.705440521
-0.506909668 0.046029706 0.860769331 49.826145172 0.013311074 0.998872161 -0.045575839 -0.260157108 -0.861896396 -0.011645072 -0.506950676 -4.205064774
-0.507027447 0.045625165 0.860721588 50.693740845 0.013200814 0.998892009 -0.045173075 -0.314654112 -0.861828804 -0.011541764 -0.507067978 -4.713153839
-0.507222891 0.044504311 0.860665023 51.567825317 0.013165356 0.998949349 -0.043896042 -0.373037457 -0.861714363 -0.010934114 -0.507275879 -5.220724106
-0.507266581 0.044480301 0.860640466 52.453014374 0.013390403 0.998953283 -0.043736324 -0.431707025 -0.861685038 -0.010661651 -0.507331312 -5.738250732
-0.507262170 0.042908978 0.860722840 53.347618103 0.011412746 0.999006510 -0.043076690 -0.488783121 -0.861716151 -0.012027968 -0.507247984 -6.264371872
-0.507509053 0.041949123 0.860624611 54.240905762 0.010476432 0.999040782 -0.042517964 -0.551115990 -0.861582637 -0.012561979 -0.507461786 -6.779430389
-0.506962955 0.041274119 0.860979080 55.132953644 0.009295931 0.999056697 -0.042419713 -0.611236453 -0.861917675 -0.013501626 -0.506868422 -7.296676636
-0.505552292 0.039701685 0.861882031 56.013793945 0.009543125 0.999136925 -0.040426496 -0.673947215 -0.862743199 -0.012212659 -0.505494833 -7.812669754
-0.503381312 0.037468068 0.863251626 56.899673462 0.009572454 0.999239922 -0.037788510 -0.735018969 -0.864011347 -0.010758590 -0.503357351 -8.328481674
-0.501150548 0.035755936 0.864621103 57.781509399 0.010076403 0.999319315 -0.035485834 -0.796470046 -0.865301371 -0.009071475 -0.501169801 -8.833896637
-0.498720735 0.035909884 0.866018474 58.687767029 0.009909346 0.999312341 -0.035730399 -0.843756676 -0.866706073 -0.009237816 -0.498733580 -9.343484879
-0.496478677 0.036305651 0.867289364 59.570991516 0.009939647 0.999297261 -0.036141701 -0.897079587 -0.867991984 -0.009323034 -0.496490657 -9.847642899
-0.495351851 0.036794197 0.867912769 60.455894470 0.010525947 0.999283493 -0.036355939 -0.954983830 -0.868628681 -0.008873377 -0.495384157 -10.355161667
-0.496446282 0.038047984 0.867233217 61.336898804 0.009777710 0.999220669 -0.038241416 -1.014531851 -0.868012369 -0.010505254 -0.496431410 -10.848615646
-0.499342263 0.039671835 0.865496099 62.207332611 0.008572062 0.999128401 -0.040851563 -1.071758747 -0.866362453 -0.012979828 -0.499247104 -11.345752716
-0.504012287 0.040084183 0.862765908 63.073070526 0.007539394 0.999088585 -0.042013373 -1.135239363 -0.863663673 -0.014670521 -0.503855109 -11.842922211
-0.509071112 0.039110810 0.859835446 63.953418732 0.008372632 0.999144852 -0.040490430 -1.183752060 -0.860683739 -0.013413421 -0.508963227 -12.370309830
-0.514453530 0.036762711 0.856729865 64.807952881 0.009496951 0.999263644 -0.037176125 -1.243401527 -0.857465684 -0.010989070 -0.514423847 -12.883796692
-0.520395696 0.033907585 0.853251874 65.651992798 0.007206573 0.999350131 -0.035318166 -1.305490017 -0.853894830 -0.012230396 -0.520301878 -13.379158020
-0.524879873 0.037849396 0.850334287 66.522048950 0.009063882 0.999202728 -0.038880907 -1.350609779 -0.851128101 -0.012700479 -0.524804592 -13.914470673
-0.530160725 0.039732721 0.846965611 67.362403870 0.009627158 0.999119043 -0.040844370 -1.401405334 -0.847842455 -0.013500206 -0.530076206 -14.434265137
-0.534870028 0.040525850 0.843961895 68.183105469 0.008469285 0.999056041 -0.042605750 -1.462188959 -0.844891906 -0.015640790 -0.534708381 -14.941810608
-0.538342059 0.040319350 0.841761291 69.004745483 0.007294090 0.999040246 -0.043187957 -1.525335789 -0.842694879 -0.017110014 -0.538119614 -15.468124390
-0.541959286 0.039938714 0.839455187 69.824508667 0.008418215 0.999078035 -0.042098206 -1.579957724 -0.840362549 -0.015748797 -0.541795850 -15.984861374
-0.543711782 0.033053365 0.838620842 70.645027161 0.009436768 0.999401808 -0.033272125 -1.635171890 -0.839218855 -0.010176582 -0.543698490 -16.523963928
-0.546379983 0.024088608 0.837190866 71.473182678 0.008243332 0.999692678 -0.023384394 -1.684953094 -0.837496877 -0.005875523 -0.546410561 -17.049974442
-0.548631907 0.022931786 0.835749447 72.278541565 0.010087533 0.999732614 -0.020809233 -1.730537415 -0.836003125 -0.002985957 -0.548716486 -17.566871643
-0.549270511 0.027708944 0.835185051 73.090316772 0.009728289 0.999594510 -0.026765611 -1.763265133 -0.835587859 -0.006576642 -0.549317360 -18.106792450
-0.550640404 0.034315623 0.834036946 73.884986877 0.011591798 0.999372661 -0.033465162 -1.805564642 -0.834662139 -0.008759284 -0.550692737 -18.626598358
-0.551042974 0.037921425 0.833614826 74.673728943 0.017148241 0.999270558 -0.034121692 -1.853590965 -0.834300637 -0.004507488 -0.551291347 -19.151899338
-0.550414026 0.039261695 0.833968222 75.475921631 0.020707317 0.999228358 -0.033375140 -1.904536009 -0.834635079 -0.001100898 -0.550802231 -19.701385498
-0.550053060 0.035984680 0.834354043 76.270095825 0.018782111 0.999351501 -0.030718602 -1.940749407 -0.834918439 -0.001225929 -0.550372183 -20.223489761
-0.550204754 0.031163532 0.834447980 77.067169189 0.016608218 0.999514043 -0.026377285 -1.971620321 -0.834864616 -0.000654213 -0.550454915 -20.723711014
-0.549378455 0.024342436 0.835218966 77.856483459 0.013557198 0.999703586 -0.020218879 -2.014197111 -0.835463643 0.000215413 -0.549545646 -21.235010147
-0.549311280 0.018787254 0.835406542 78.651306152 0.005301786 0.999805510 -0.018998260 -2.055176497 -0.835600972 -0.006006811 -0.549304008 -21.732789993
-0.547641397 0.013809107 0.836599171 79.460121155 -0.002695282 0.999829531 -0.018267771 -2.077256680 -0.836708963 -0.012259059 -0.547510803 -22.243818283
-0.545072317 0.014511687 0.838263452 80.262939453 0.001117077 0.999861777 -0.016582847 -2.117846012 -0.838388264 -0.008102447 -0.545013249 -22.778781891
-0.542085350 0.017625507 0.840138674 81.050094604 0.005175063 0.999831080 -0.017636618 -2.156645775 -0.840307474 -0.005212783 -0.542084992 -23.288372040
-0.536501646 0.021174766 0.843633533 81.841842651 0.007671182 0.999766171 -0.020215191 -2.186876059 -0.843864381 -0.004373818 -0.536538661 -23.793029785
-0.529159188 0.023553126 0.848195612 82.648101807 0.012044844 0.999722421 -0.020246446 -2.216143131 -0.848437190 -0.000497207 -0.529296041 -24.294630051
-0.520282984 0.027020883 0.853566349 83.447364807 0.019936612 0.999611199 -0.019491984 -2.255210400 -0.853761137 0.006875871 -0.520619452 -24.804327011
-0.510587811 0.025718527 0.859440982 84.251693726 0.017073141 0.999658644 -0.019771473 -2.288454056 -0.859656155 0.004578280 -0.510852695 -25.276502609
-0.499767959 0.023525035 0.865839899 85.056632996 0.015442504 0.999714196 -0.018248921 -2.320699215 -0.866021633 0.004250505 -0.499988496 -25.732265472
-0.488962531 0.020095143 0.872073352 85.870491028 0.014657328 0.999782622 -0.014819734 -2.349992275 -0.872181714 0.005535970 -0.489150822 -26.169509888
-0.476843268 0.019379895 0.878774643 86.683868408 0.014231787 0.999796093 -0.014326325 -2.379749775 -0.878873110 0.005675124 -0.477021843 -26.623517990
-0.465234578 0.018868223 0.884986281 87.502464294 0.014664688 0.999799967 -0.013606908 -2.402121544 -0.885065913 0.006647642 -0.465418190 -27.044425964
-0.453774691 0.019868352 0.890894890 88.323089600 0.015764320 0.999773979 -0.014267015 -2.432254553 -0.890976906 0.007570342 -0.453985304 -27.451072693
-0.441141188 0.023921378 0.897118866 89.156974792 0.015511284 0.999698579 -0.019029256 -2.467640162 -0.897303581 0.005520876 -0.441379309 -27.865116119
-0.429743588 0.032778248 0.902355850 89.977050781 0.017598102 0.999455094 -0.027924370 -2.500762701 -0.902779460 0.003879432 -0.430086195 -28.251043320
-0.417258382 0.037311248 0.908021688 90.802963257 0.017019669 0.999302387 -0.033241089 -2.536117554 -0.908628404 0.001584105 -0.417602360 -28.622333527
-0.406301022 0.033990964 0.913106799 91.633605957 0.015734658 0.999419928 -0.030202642 -2.579596519 -0.913603783 0.002096059 -0.406600177 -28.975006104
-0.394689828 0.029900515 0.918327749 92.482955933 0.012818097 0.999552250 -0.027036056 -2.620426655 -0.918725014 0.001100360 -0.394896328 -29.334936142
-0.384190857 0.030397924 0.922753155 93.332412720 0.009020383 0.999533713 -0.029171616 -2.662476301 -0.923209608 -0.002883882 -0.384285927 -29.693782806
-0.377289295 0.034683518 0.925445676 94.169845581 0.004233619 0.999352574 -0.035727385 -2.710474014 -0.926085830 -0.009561578 -0.377191842 -30.021728516
-0.372487396 0.039893921 0.927179456 95.013023376 -0.001517360 0.999047995 -0.043595813 -2.753053188 -0.928035975 -0.017645754 -0.372072279 -30.342714310
-0.369150907 0.041793574 0.928429186 95.866508484 -0.004063693 0.998906195 -0.046581872 -2.810509920 -0.929360509 -0.020968594 -0.368577212 -30.677375793
-0.365101457 0.041734561 0.930031776 96.705703735 -0.004848513 0.998895884 -0.046728160 -2.867564201 -0.930955172 -0.021569790 -0.364495933 -31.003175735
-0.360853046 0.041574106 0.931695580 97.535591125 -0.007008205 0.998856843 -0.047285307 -2.918900490 -0.932596326 -0.023592561 -0.360149235 -31.307388306
-0.354978442 0.037358157 0.934127748 98.385589600 -0.009433428 0.999007165 -0.043537647 -2.972442865 -0.934826970 -0.024266955 -0.354273587 -31.627136230
-0.349560350 0.033519164 0.936313987 99.237205505 -0.009211310 0.999188542 -0.039208934 -3.028372765 -0.936868548 -0.022330567 -0.348967940 -31.937925339
-0.343993366 0.030474361 0.938477457 100.075767517 -0.011701670 0.999256372 -0.036737166 -3.077852488 -0.938899219 -0.023619091 -0.343381017 -32.233772278
-0.338421404 0.028539862 0.940561712 100.938415527 -0.020024978 0.999095201 -0.037521109 -3.130585909 -0.940781593 -0.031532675 -0.337543666 -32.523040771
-0.332101971 0.028775517 0.942804456 101.787490845 -0.026288794 0.998863995 -0.039746717 -3.179695129 -0.942877054 -0.037985161 -0.330968142 -32.807857513
-0.325543702 0.032820739 0.944957137 102.628158569 -0.024163432 0.998782158 -0.043014675 -3.231813431 -0.945218086 -0.036836561 -0.324354202 -33.089275360
-0.318671823 0.036220841 0.947172880 103.479431152 -0.023065818 0.998677433 -0.045950811 -3.280936241 -0.947584391 -0.036490537 -0.317414880 -33.371597290
-0.312116712 0.034537371 0.949415803 104.340393066 -0.024517680 0.998713374 -0.044390783 -3.331313133 -0.949727237 -0.037132572 -0.310868412 -33.644020081
-0.304726660 0.029593071 0.951979995 105.189048767 -0.025302507 0.998912871 -0.039151296 -3.382151604 -0.952103615 -0.036017928 -0.303646594 -33.916511536
-0.297792107 0.026833994 0.954253495 106.048957825 -0.026190694 0.998998940 -0.036265533 -3.435092688 -0.954271376 -0.035792153 -0.296791166 -34.175827026
-0.291464210 0.030124761 0.956107259 106.906135559 -0.028617308 0.998782039 -0.040193181 -3.479007959 -0.956153572 -0.039076082 -0.290247142 -34.424160004
-0.285050601 0.032837577 0.957949817 107.759910583 -0.028137175 0.998695552 -0.042606886 -3.531031609 -0.958099425 -0.039099116 -0.283754826 -34.672023773
-0.278067589 0.033332657 0.959982932 108.616012573 -0.030328654 0.998594761 -0.043458298 -3.580368996 -0.960082650 -0.041199341 -0.276665926 -34.910072327
-0.271351367 0.032820668 0.961920500 109.480018616 -0.030636406 0.998617411 -0.042715091 -3.635650158 -0.961992562 -0.041060597 -0.269970715 -35.149147034
-0.263049841 0.032582071 0.964231908 110.340248108 -0.026664339 0.998802423 -0.041024461 -3.687883615 -0.964413702 -0.036502086 -0.261866003 -35.385112762
-0.255605578 0.033743203 0.966192067 111.197952271 -0.023878587 0.998865485 -0.041201361 -3.738713264 -0.966486275 -0.033602592 -0.254509836 -35.608638763
-0.248820737 0.034421820 0.967937648 112.051818848 -0.022357315 0.998897851 -0.041270062 -3.787958622 -0.968291461 -0.031909328 -0.247776926 -35.824733734
-0.242258236 0.033266027 0.969641328 112.919082642 -0.028527809 0.998735607 -0.041391660 -3.836806774 -0.969792247 -0.037689216 -0.241002917 -36.024581909
-0.236420169 0.031371862 0.971144319 113.782081604 -0.033464339 0.998622775 -0.040406257 -3.885416508 -0.971074462 -0.042051557 -0.235044733 -36.223850250
-0.231926352 0.031316340 0.972229004 114.658340454 -0.031080730 0.998732686 -0.039584395 -3.936304569 -0.972236693 -0.039398257 -0.230659097 -36.426662445
-0.227607742 0.031381216 0.973247111 115.526084900 -0.029453311 0.998801351 -0.039093256 -3.989566565 -0.973307371 -0.037563283 -0.226410612 -36.618675232
-0.222365767 0.033466984 0.974388778 116.397994995 -0.028127896 0.998774350 -0.040723629 -4.034490108 -0.974557459 -0.036463052 -0.221151903 -36.820693970
-0.216474459 0.032028154 0.975762784 117.259765625 -0.021957429 0.999049187 -0.037663799 -4.085744858 -0.976041317 -0.029578494 -0.215565369 -37.012161255
-0.211135969 0.030994754 0.976965189 118.136207581 -0.014903816 0.999278843 -0.034923594 -4.129586220 -0.977343082 -0.021934137 -0.210521773 -37.208827972
-0.206216797 0.030535914 0.978029788 119.008346558 -0.012998928 0.999339223 -0.033942059 -4.176785946 -0.978419900 -0.019712761 -0.205683604 -37.388389587
-0.202247500 0.031887103 0.978815198 119.877021790 -0.015049411 0.999250531 -0.035662413 -4.221074104 -0.979218781 -0.021943223 -0.201616019 -37.559265137
-0.198497295 0.033479404 0.979529381 120.762191772 -0.016346512 0.999164224 -0.037463054 -4.270782948 -0.979965091 -0.023448205 -0.197784126 -37.735553741
-0.196608007 0.033021901 0.979925931 121.629325867 -0.019138986 0.999112964 -0.037508432 -4.315400600 -0.980295300 -0.026129244 -0.195801616 -37.901184082
-0.195963010 0.032117240 0.980085135 122.505851746 -0.019311348 0.999143243 -0.036602978 -4.358491898 -0.980421126 -0.026099596 -0.195174903 -38.063598633
-0.195003003 0.027006689 0.980430663 123.379791260 -0.018231949 0.999348223 -0.031154040 -4.409002781 -0.980633259 -0.023950294 -0.194383502 -38.235366821
-0.194294542 0.022568274 0.980683565 124.250633240 -0.019707177 0.999443710 -0.026904413 -4.445813656 -0.980745256 -0.024553882 -0.193741709 -38.400520325
-0.193566635 0.020825837 0.980866075 125.119178772 -0.019239958 0.999501765 -0.025018377 -4.485685349 -0.980898440 -0.023714546 -0.193069503 -38.566749573
-0.192224398 0.025366556 0.981023133 125.970703125 -0.019305911 0.999374568 -0.029623933 -4.528152943 -0.981161118 -0.024633985 -0.191614494 -38.731174469
-0.191997349 0.028586786 0.980978966 126.853614807 -0.019198840 0.999274969 -0.032877550 -4.573951721 -0.981207609 -0.025146060 -0.191309303 -38.902709961
-0.192244634 0.028107731 0.980944395 127.680221558 -0.022052370 0.999213576 -0.032953016 -4.609961510 -0.981099248 -0.027967190 -0.191473633 -39.051357269
-0.192098439 0.026651787 0.981013596 128.532135010 -0.024089092 0.999201834 -0.031862948 -4.658884048 -0.981080055 -0.029752553 -0.191303104 -39.206329346
-0.191053733 0.028036442 0.981179059 129.371765137 -0.019397665 0.999288976 -0.032331001 -4.700110435 -0.981387913 -0.025209546 -0.190374017 -39.375350952
-0.189478204 0.030438902 0.981413007 130.223419189 -0.021892469 0.999139905 -0.035215415 -4.739826202 -0.981640875 -0.028158110 -0.188648880 -39.544029236
-0.190124646 0.031586945 0.981251717 131.061462402 -0.028116316 0.998897135 -0.037602700 -4.789631367 -0.981357276 -0.034738380 -0.189026833 -39.685729980
-0.189248800 0.032662276 0.981385887 131.896301270 -0.034145892 0.998623312 -0.039820604 -4.838582516 -0.981335223 -0.041046303 -0.187872991 -39.835891724
-0.188953057 0.036654819 0.981301844 132.722778320 -0.030473974 0.998602867 -0.043168940 -4.886413574 -0.981513083 -0.038061064 -0.187572062 -39.990119934
-0.188615948 0.037779246 0.981323957 133.542617798 -0.028585481 0.998625159 -0.043939598 -4.938894749 -0.981634796 -0.036339324 -0.187276691 -40.144153595
-0.186761320 0.038698193 0.981642783 134.363174438 -0.030033337 0.998532057 -0.045077946 -4.986984253 -0.981946111 -0.037900828 -0.185324892 -40.295589447
-0.184817582 0.038375851 0.982023299 135.185928345 -0.020158919 0.998879015 -0.042828478 -5.039063454 -0.982565999 -0.027711989 -0.183836788 -40.456611633
-0.180959031 0.035259109 0.982858419 136.003082275 -0.013942018 0.999164760 -0.038411021 -5.089602470 -0.983391821 -0.020653851 -0.180316314 -40.618663788
-0.179244623 0.030188113 0.983341277 136.817016602 -0.010633905 0.999411285 -0.032619815 -5.137895584 -0.983747065 -0.016303686 -0.178818092 -40.765975952
-0.175158009 0.030068070 0.984081089 137.626754761 -0.008235239 0.999453783 -0.032003578 -5.179141521 -0.984505892 -0.013709825 -0.174814716 -40.914550781
-0.169840723 0.035084359 0.984846771 138.428527832 -0.006821962 0.999300301 -0.036775723 -5.225863934 -0.985447884 -0.012964604 -0.169482544 -41.056941986
-0.163528860 0.038118679 0.985801756 139.223190308 -0.006284770 0.999192715 -0.039679021 -5.269017220 -0.986518443 -0.012684205 -0.163157269 -41.182277679
-0.155618668 0.039169040 0.987040341 140.022994995 -0.006208272 0.999155045 -0.040628601 -5.306056976 -0.987797678 -0.012450385 -0.155243978 -41.300468445
-0.146013066 0.034743600 0.988672316 140.821517944 -0.004846341 0.999345899 -0.035834424 -5.348666668 -0.989270747 -0.010023739 -0.145749226 -41.415100098
-0.134179562 0.033345908 0.990395844 141.614913940 -0.001595755 0.999425113 -0.033866107 -5.392942429 -0.990955770 -0.006124570 -0.134049237 -41.520912170
-0.120049484 0.036066461 0.992112577 142.405715942 0.002829091 0.999348164 -0.035987165 -5.432708740 -0.992763817 -0.001513464 -0.120073281 -41.619388580
-0.105978183 0.037170663 0.993673503 143.192504883 0.002231678 0.999307454 -0.037143398 -5.472507000 -0.994365990 -0.001718831 -0.105987735 -41.697906494
-0.092041790 0.037109807 0.995063424 143.979965210 0.003203342 0.999311268 -0.036971908 -5.515268326 -0.995750010 -0.000215433 -0.092097260 -41.767993927
-0.078493521 0.038790427 0.996159673 144.760620117 0.004179971 0.999246716 -0.038581267 -5.559923649 -0.996905804 0.001135539 -0.078596532 -41.825199127
-0.064917006 0.044781629 0.996885359 145.529647827 0.001236316 0.998995423 -0.044795904 -5.612968445 -0.997889876 -0.001675550 -0.064907148 -41.864017487
-0.052189276 0.054016344 0.997175276 146.293533325 -0.005898568 0.998501956 -0.054396920 -5.659419060 -0.998619735 -0.008720841 -0.051792465 -41.888126373
-0.038644884 0.061926987 0.997332215 147.059204102 -0.009985871 0.998004019 -0.062355630 -5.709828854 -0.999203086 -0.012368957 -0.037949342 -41.901298523
-0.025560677 0.062606312 0.997710943 147.824081421 -0.010839566 0.997960985 -0.062899709 -5.762967110 -0.999614477 -0.012422511 -0.024829930 -41.912849426
-0.013427987 0.058980741 0.998168826 148.596908569 -0.014542067 0.998141587 -0.059174784 -5.818381310 -0.999804020 -0.015310035 -0.012545330 -41.914405823
-0.002784899 0.056402773 0.998404264 149.360748291 -0.018419504 0.998235703 -0.056444641 -5.879564285 -0.999826431 -0.018547302 -0.001741073 -41.902225494
0.005771775 0.062930837 0.998001218 150.114334106 -0.023022773 0.997761667 -0.062782571 -5.940030575 -0.999718308 -0.022614388 0.007207698 -41.883651733
0.012512010 0.070927501 0.997403026 150.860671997 -0.026120981 0.997163892 -0.070582815 -5.995469093 -0.999580503 -0.025170010 0.014329221 -41.863948822
0.015700655 0.073727697 0.997154772 151.613235474 -0.029075563 0.996889651 -0.073250279 -6.053071976 -0.999453843 -0.027842762 0.017795496 -41.846767426
0.015522859 0.069173247 0.997483909 152.367553711 -0.031408880 0.997145474 -0.068660997 -6.114758492 -0.999386013 -0.030264037 0.017651204 -41.826309204
0.014152940 0.064750470 0.997801125 153.123596191 -0.033359718 0.997376084 -0.064249709 -6.184685230 -0.999343157 -0.032377042 0.016275860 -41.812801361
0.010815405 0.061943330 0.998021185 153.880691528 -0.032873534 0.997561991 -0.061558597 -6.237256527 -0.999400973 -0.032142706 0.012825335 -41.801166534
0.008252889 0.062306989 0.998022914 154.624984741 -0.031008339 0.997592986 -0.062023729 -6.290933609 -0.999485016 -0.030435158 0.010165061 -41.797878265
0.004047380 0.062206995 0.998055100 155.367019653 -0.029636016 0.997632384 -0.062060457 -6.350070000 -0.999552548 -0.029327195 0.005881366 -41.787899017
0.000215174 0.061221838 0.998124123 156.109359741 -0.028591769 0.997716606 -0.061190665 -6.406668186 -0.999591172 -0.028524972 0.001965124 -41.790836334
-0.004990306 0.061443578 0.998098016 156.847152710 -0.029330755 0.997672081 -0.061563998 -6.458960533 -0.999557316 -0.029582195 -0.003176502 -41.791526794
-0.011163497 0.059707467 0.998153508 157.585891724 -0.030781936 0.997722030 -0.060025927 -6.512200832 -0.999463797 -0.031395197 -0.009300156 -41.791339874
-0.016719097 0.056923777 0.998238504 158.337615967 -0.028421251 0.997947574 -0.057383202 -6.574243546 -0.999456346 -0.029330578 -0.015066939 -41.811794281
-0.022167979 0.056794476 0.998139739 159.069931030 -0.029165052 0.997923434 -0.057429906 -6.626345634 -0.999328792 -0.030383902 -0.020465532 -41.825126648
-0.027745165 0.058528569 0.997900009 159.790985107 -0.031270273 0.997744918 -0.059388902 -6.675318718 -0.999125838 -0.032852363 -0.025852397 -41.833339691
-0.031111885 0.060652036 0.997673988 160.524078369 -0.030695662 0.997628331 -0.061606485 -6.736900330 -0.999044478 -0.032540955 -0.029176341 -41.859649658
-0.033574097 0.062630326 0.997471869 161.241638184 -0.030359540 0.997510016 -0.063654594 -6.794821262 -0.998974919 -0.032419931 -0.031589068 -41.882995605
-0.034526650 0.064106487 0.997345626 161.961395264 -0.027505599 0.997501612 -0.065068707 -6.850791454 -0.999025226 -0.029679196 -0.032677103 -41.915012360
-0.034173105 0.062596068 0.997453690 162.689926147 -0.024434729 0.997685909 -0.063447781 -6.906873226 -0.999117136 -0.026540719 -0.032564510 -41.937454224
-0.029962199 0.058925122 0.997812629 163.411727905 -0.021056755 0.998002112 -0.059568591 -6.963906288 -0.999329209 -0.022795502 -0.028661566 -41.963562012
-0.022292804 0.058564596 0.998034656 164.112243652 -0.020160772 0.998053372 -0.059016019 -7.021728039 -0.999548197 -0.021436784 -0.021068702 -41.976673126
-0.011181151 0.059738193 0.998151422 164.808578491 -0.017801713 0.998043656 -0.059931166 -7.072542667 -0.999779046 -0.018438904 -0.010095837 -41.977024078
0.003009489 0.059650563 0.998214722 165.500289917 -0.015815122 0.998097301 -0.059595857 -7.125854969 -0.999870300 -0.015607533 0.003947139 -41.969417572
0.018399755 0.057442222 0.998179257 166.179733276 -0.016161039 0.998235047 -0.057147514 -7.175737858 -0.999700010 -0.015080110 0.019295607 -41.952091217
0.034131199 0.052624278 0.998030901 166.862121582 -0.021248391 0.998425305 -0.051918402 -7.223944187 -0.999191403 -0.019434508 0.035195637 -41.908905029
0.050591562 0.045834512 0.997667134 167.545700073 -0.022403654 0.998747110 -0.044748038 -7.270054817 -0.998468101 -0.020087510 0.051555034 -41.862579346
0.067829520 0.039028689 0.996933281 168.223495483 -0.023026947 0.999029577 -0.037544053 -7.306210041 -0.997431159 -0.020409731 0.068662412 -41.808547974
0.085300379 0.031524137 0.995856464 168.894760132 -0.023345765 0.999288082 -0.029633084 -7.341925621 -0.996081710 -0.020721314 0.085975610 -41.739723206
0.102392629 0.025856175 0.994408011 169.556030273 -0.025143918 0.999410033 -0.023397207 -7.374738693 -0.994426191 -0.022607608 0.102982372 -41.658157349
0.120441407 0.023503007 0.992442191 170.197830200 -0.026684741 0.999435067 -0.020430192 -7.408051968 -0.992361724 -0.024022423 0.121000543 -41.569183350
0.138001233 0.021979099 0.990188062 170.841110229 -0.025311394 0.999505460 -0.018658299 -7.433420658 -0.990108609 -0.022488179 0.138489321 -41.467224121
0.155487150 0.021631861 0.987601101 171.483154297 -0.026267948 0.999497235 -0.017756823 -7.453270912 -0.987488568 -0.023181295 0.155977190 -41.352600098
0.171506450 0.020747511 0.984964490 172.098876953 -0.032298099 0.999359190 -0.015426829 -7.478410721 -0.984653354 -0.029166685 0.172066674 -41.229633331
0.186124548 0.017017806 0.982378781 172.725921631 -0.034347359 0.999351501 -0.010804264 -7.499584675 -0.981925607 -0.031731173 0.186588377 -41.096218109
0.197806910 0.013491678 0.980148077 173.347152710 -0.031168776 0.999486268 -0.007467590 -7.516027451 -0.979745328 -0.029072884 0.198125809 -40.963115692
0.208897531 0.012270674 0.977860510 173.964172363 -0.029043747 0.999558032 -0.006338412 -7.533161163 -0.977506220 -0.027076660 0.209161580 -40.828632355
0.218675613 0.016323382 0.975660980 174.565399170 -0.033806328 0.999386549 -0.009143285 -7.551996231 -0.975211799 -0.030984104 0.219093293 -40.680553436
0.227754161 0.023226757 0.973441601 175.156585693 -0.037770431 0.999173760 -0.015003665 -7.572656155 -0.972985804 -0.033350170 0.228443235 -40.526805878
0.236817777 0.033051949 0.970991671 175.737396240 -0.037838858 0.998976588 -0.024775924 -7.594174385 -0.970816970 -0.030873839 0.237826049 -40.381294250
0.244969875 0.038425986 0.968768895 176.333374023 -0.032072287 0.998988569 -0.031514592 -7.617402077 -0.968999982 -0.023350507 0.245954543 -40.230583191
0.250959009 0.036485754 0.967309833 176.935531616 -0.032126777 0.999052823 -0.029348075 -7.638046265 -0.967464328 -0.023711383 0.251893550 -40.062664032
0.257190466 0.029340314 0.965915203 177.537384033 -0.035026193 0.999165237 -0.021024007 -7.655277252 -0.965725660 -0.028425163 0.258003473 -39.894588470
0.261337876 0.018652430 0.965067148 178.153869629 -0.039412178 0.999185681 -0.008639140 -7.680572510 -0.964442432 -0.035777658 0.261860192 -39.715164185
0.263450235 0.010688588 0.964613676 178.759780884 -0.039370459 0.999224544 -0.000319446 -7.699331284 -0.963869214 -0.037893131 0.263666719 -39.545074463
0.264692038 0.009906105 0.964282095 179.363616943 -0.036223464 0.999343753 -0.000323082 -7.716928005 -0.963652492 -0.034844123 0.264877141 -39.383476257
0.265455872 0.012111083 0.964046955 179.968109131 -0.032842763 0.999454379 -0.003512454 -7.724908829 -0.963563442 -0.030729564 0.265708745 -39.214179993
0.267427742 0.011689641 0.963506997 180.575729370 -0.029294234 0.999562919 -0.003996276 -7.730724812 -0.963132501 -0.027156491 0.267653227 -39.049285889
0.269336164 0.009370289 0.963000715 181.182189941 -0.031539720 0.999502242 -0.000904292 -7.736952782 -0.962529540 -0.030129220 0.269497633 -38.876674652
0.271516621 0.005839630 0.962415993 181.791854858 -0.031728420 0.999492347 0.002886621 -7.745501041 -0.961910546 -0.031319708 0.271564126 -38.691082001
0.274715215 0.000616180 0.961525440 182.391723633 -0.031085575 0.999482751 0.008240883 -7.758856773 -0.961023033 -0.032153461 0.274592280 -38.518043518
0.279333174 -0.002232652 0.960191667 183.013595581 -0.029578263 0.999502778 0.010928789 -7.762261391 -0.959738612 -0.031453576 0.279128253 -38.338371277
0.285590291 -0.004391300 0.958341718 183.622817993 -0.027710339 0.999533594 0.012837857 -7.760413647 -0.957951069 -0.030222343 0.285335362 -38.150127411
0.293305218 -0.007341393 0.955990613 184.247940063 -0.026501488 0.999523759 0.015806558 -7.763486862 -0.955651522 -0.029971322 0.292970955 -37.951904297
0.303306907 -0.009526577 0.952845275 184.868316650 -0.023676861 0.999565959 0.017530439 -7.769804001 -0.952598691 -0.027877489 0.302949756 -37.760532379
0.314322293 -0.007131435 0.949289501 185.481338501 -0.025361331 0.999551833 0.015906496 -7.769857407 -0.948977470 -0.029075017 0.314000547 -37.545890808
0.325770378 -0.003632365 0.945442021 186.093948364 -0.026437962 0.999566615 0.012950027 -7.773087978 -0.945079207 -0.029214295 0.325533181 -37.323184967
0.337776005 -0.000720195 0.941226244 186.705932617 -0.027274255 0.999572277 0.010552697 -7.773952484 -0.940831304 -0.029235693 0.337611824 -37.098438263
0.349519134 -0.000604957 0.936928988 187.322540283 -0.025709325 0.999617040 0.010236236 -7.772456169 -0.936576486 -0.027665572 0.349369705 -36.865161896
0.361488491 -0.003391649 0.932370424 187.961242676 -0.024770796 0.999605477 0.013240092 -7.768665791 -0.932047427 -0.027881697 0.361261904 -36.622795105
