1.000000000 0.000000000 0.000000000 0.000000000 0.000000000 1.000000000 0.000000000 0.000000000 0.000000000 0.000000000 1.000000000 0.000000000
0.999799013 -0.000123997 0.020048717 0.037200905 0.000128789 0.999999940 -0.000237745 -0.020327905 -0.020048687 0.000240279 0.999798954 0.223192587
0.998983860 0.005824310 0.044692088 0.070445068 -0.005897325 0.999981463 0.001502065 -0.040701769 -0.044682510 -0.001764102 0.998999655 0.465801567
0.997561514 0.012736538 0.068621092 0.120248519 -0.013115791 0.999901056 0.005079038 -0.062504053 -0.068549618 -0.005966673 0.997629881 0.734500110
0.995344520 0.014115384 0.095341563 0.185104027 -0.014867048 0.999863625 0.007178138 -0.083838940 -0.095227234 -0.008562167 0.995418727 0.996629775
0.992063284 0.013707536 0.124989949 0.261806875 -0.015060582 0.999837637 0.009886710 -0.104947269 -0.124834135 -0.011690665 0.992108643 1.275871634
0.987763405 0.009258670 0.155684590 0.360725462 -0.010709773 0.999906600 0.008484552 -0.133917898 -0.155591473 -0.010048076 0.987770379 1.560871482
0.981991470 0.003055996 0.188900292 0.479563296 -0.004685120 0.999955654 0.008178325 -0.158764914 -0.188866943 -0.008916070 0.981962204 1.852838993
0.974520385 -0.004071821 0.224262476 0.611810327 0.001965031 0.999951839 0.009616703 -0.186612338 -0.224290863 -0.008930990 0.974481344 2.153539896
0.965089977 -0.008428904 0.261782974 0.758007586 0.005328063 0.999907017 0.012552605 -0.213058084 -0.261864483 -0.010719597 0.965045154 2.457165241
0.953297138 -0.012180757 0.301788688 0.919930279 0.007468393 0.999831498 0.016763750 -0.230898976 -0.301942080 -0.013726956 0.953227460 2.773950815
0.938860595 -0.015269539 0.343958527 1.100820661 0.008334445 0.999731243 0.021632118 -0.249602646 -0.344196409 -0.017442843 0.938735604 3.074972868
0.921693206 -0.025375208 0.387088835 1.309185743 0.014851959 0.999434948 0.030153070 -0.269715101 -0.387635231 -0.022042852 0.921549261 3.384985685
0.903012931 -0.037590943 0.427965552 1.542757511 0.023189249 0.998977184 0.038816925 -0.291145086 -0.428986996 -0.025127988 0.902961075 3.688448191
0.881097198 -0.048599094 0.470431417 1.789268970 0.029473331 0.998415291 0.047941528 -0.309494287 -0.472015768 -0.028375974 0.881133378 3.979767561
0.856518745 -0.055908967 0.513078928 2.051164150 0.032009270 0.997956038 0.055309545 -0.327623636 -0.515122354 -0.030950380 0.856557548 4.261471748
0.829518795 -0.061951850 0.555032015 2.332869768 0.034524925 0.997615874 0.059753455 -0.335307062 -0.557410657 -0.030404171 0.829680026 4.544208050
0.799759269 -0.072324812 0.595948100 2.646054268 0.041640449 0.997008622 0.065116584 -0.349273503 -0.598874927 -0.027262045 0.800378382 4.815191746
0.766997755 -0.082369447 0.636340857 2.973513842 0.048121478 0.996317446 0.070963614 -0.360113502 -0.639842749 -0.023807280 0.768136978 5.078016281
0.732411504 -0.090847902 0.674773932 3.325662136 0.054144725 0.995691001 0.075284764 -0.365003437 -0.678705633 -0.018603984 0.734174550 5.328788757
0.695927083 -0.095300913 0.711760700 3.690622807 0.056433935 0.995347500 0.078093134 -0.366439581 -0.715891540 -0.014179666 0.698067486 5.567411900
0.658645988 -0.098321848 0.746001363 4.084087372 0.056475427 0.995089233 0.081288978 -0.366466165 -0.750330567 -0.011409905 0.660964370 5.800167084
0.620136440 -0.101958029 0.777840257 4.486198902 0.055990197 0.994742095 0.085750759 -0.368074596 -0.782493353 -0.009625747 0.622584403 6.040258408
0.582368791 -0.106889173 0.805866718 4.916391850 0.056412127 0.994241893 0.091108158 -0.366746962 -0.810964882 -0.007597899 0.585045457 6.260959625
0.545696616 -0.111285448 0.830560505 5.372713566 0.057216357 0.993777692 0.095562249 -0.363603771 -0.836027205 -0.004626344 0.548668444 6.465897083
0.508874774 -0.113547578 0.853319108 5.845458984 0.058103871 0.993532538 0.097555101 -0.364099383 -0.858877420 -0.000062176 0.512181222 6.660792351
0.472323895 -0.114404663 0.873968899 6.324917793 0.059012495 0.993420601 0.098148718 -0.360562682 -0.879447281 0.005217104 0.475967526 6.840374947
0.436227888 -0.113700643 0.892623901 6.832347393 0.060233284 0.993449569 0.097107418 -0.356205463 -0.897818029 0.011404696 0.440218985 7.012206554
0.401393205 -0.113061994 0.908900678 7.356016159 0.060927998 0.993449688 0.096672058 -0.348239660 -0.913877070 0.016573986 0.405652612 7.165593147
0.367652506 -0.112974472 0.923075557 7.896773338 0.061400630 0.993376553 0.097123250 -0.345477939 -0.927934110 0.020969812 0.372154027 7.317652702
0.336994767 -0.114707001 0.934492886 8.459638596 0.063415453 0.993061960 0.099027500 -0.341127515 -0.939368427 0.025889536 0.341930926 7.455182076
0.310168535 -0.116403848 0.943528235 9.044775009 0.065970898 0.992718518 0.100785710 -0.337950826 -0.948389888 0.030984867 0.315589279 7.583044052
0.287111878 -0.119118862 0.950461686 9.641600609 0.068636045 0.992245734 0.103622228 -0.332777858 -0.955434978 0.035484783 0.293061286 7.706707001
0.266721755 -0.122096233 0.956008375 10.248034477 0.069538623 0.991795599 0.107265837 -0.328414083 -0.961261630 0.037869368 0.273023844 7.831217766
0.251124948 -0.124295242 0.959941149 10.872925758 0.071154706 0.991408467 0.109755315 -0.313861370 -0.965335846 0.040742029 0.257811576 7.948400497
0.238502756 -0.125800848 0.962959349 11.501096725 0.071465716 0.991159320 0.111784488 -0.299396992 -0.968508661 0.042157661 0.245384663 8.070956230
0.228446171 -0.128018647 0.965102911 12.156018257 0.071372561 0.990851402 0.114539802 -0.286416054 -0.970936894 0.042715684 0.235493183 8.187376976
0.219596028 -0.129434481 0.966966569 12.828347206 0.072017200 0.990606308 0.116243862 -0.275467277 -0.972929120 0.044111531 0.226854727 8.301908493
0.211237192 -0.130546451 0.968677759 13.503923416 0.071816184 0.990434885 0.117817864 -0.258264661 -0.974792957 0.044679213 0.218592048 8.409482002
0.202112481 -0.133081645 0.970278263 14.193090439 0.071262084 0.990096629 0.120955765 -0.239095926 -0.976766229 0.044697382 0.209594592 8.519644737
0.192119256 -0.135303050 0.971999645 14.889684677 0.070183754 0.989808321 0.123909973 -0.211224318 -0.978858709 0.044413090 0.199657351 8.635471344
0.182957694 -0.137081578 0.973516881 15.601219177 0.068713814 0.989592612 0.126431495 -0.188627481 -0.980716527 0.043762438 0.190472975 8.728161812
0.172973216 -0.139971331 0.974929869 16.310571671 0.069421083 0.989121199 0.129692003 -0.170609713 -0.982477009 0.045247447 0.180808395 8.814037323
0.161524802 -0.141061738 0.976734996 17.032499313 0.069076605 0.988920152 0.131398171 -0.151699066 -0.984448195 0.046245482 0.169479191 8.896358490
0.147898763 -0.140666336 0.978947937 17.749046326 0.066587016 0.989003837 0.132051364 -0.125927687 -0.986758411 0.045654979 0.155638993 8.983029366
0.132811248 -0.140708670 0.981102586 18.482830048 0.064475864 0.989001334 0.133113459 -0.108078718 -0.989041984 0.045578472 0.140422836 9.018350601
0.114293061 -0.139599904 0.983589888 19.216964722 0.063656226 0.989072204 0.132981181 -0.081738234 -0.991405547 0.047412794 0.121930495 9.055981636
0.094306141 -0.139498383 0.985721350 19.960592270 0.065320134 0.988867581 0.133694336 -0.057735920 -0.993397951 0.051779274 0.102368355 9.084706306
0.074475929 -0.138070568 0.987618327 20.703807831 0.066990159 0.988824368 0.133187443 -0.036874056 -0.994970143 0.056241445 0.082892992 9.093395233
0.054934088 -0.137185499 0.989020884 21.444198608 0.066749826 0.988805413 0.133448035 -0.005847931 -0.996256292 0.058686126 0.063476235 9.089800835
0.034624234 -0.137550220 0.989889383 22.195320129 0.065478049 0.988667428 0.135090113 0.020656347 -0.997253120 0.060138654 0.043238379 9.069639206
0.011734191 -0.136484101 0.990572810 22.950769424 0.063416563 0.988748193 0.135481507 0.053323269 -0.997918129 0.061228953 0.020257516 9.037263870
-0.012153156 -0.136428878 0.990575373 23.697681427 0.061561733 0.988667130 0.136921331 0.072363138 -0.998029292 0.062645562 -0.003616627 8.981934547
-0.035628788 -0.135404244 0.990149736 24.462028503 0.059517130 0.988732576 0.137352079 0.096767902 -0.997591197 0.063824572 -0.027168479 8.908997536
-0.059406348 -0.133431166 0.989275992 25.211368561 0.056900140 0.988962352 0.136805728 0.125001192 -0.996610940 0.064417087 -0.051158398 8.816989899
-0.084817506 -0.132020429 0.987611592 25.967433929 0.053611215 0.989142895 0.136829317 0.148544788 -0.994953215 0.064552575 -0.076818869 8.703582764
-0.111125559 -0.127479181 0.985596359 26.723148346 0.054071639 0.989494205 0.134079903 0.174143791 -0.992334306 0.068192512 -0.103065088 8.563645363
-0.139348581 -0.121939339 0.982706904 27.468690872 0.056917235 0.989762187 0.130885750 0.197962999 -0.988606393 0.074171700 -0.130981505 8.404599190
-0.166090801 -0.115529127 0.979319632 28.206279755 0.061677501 0.989951968 0.127243802 0.211184025 -0.984179735 0.081536017 -0.157296360 8.210403442
-0.193169281 -0.109274372 0.975061417 28.957490921 0.065056264 0.990165353 0.123855352 0.229238033 -0.979006290 0.087358914 -0.184160560 8.010703087
-0.219746247 -0.103421472 0.970059633 29.687984467 0.068775624 0.990248263 0.121153533 0.246591806 -0.973129749 0.093339495 -0.210490480 7.784478664
-0.246649578 -0.094787665 0.964458108 30.423280716 0.072834164 0.990577340 0.115981236 0.257290125 -0.966363966 0.098852225 -0.237421721 7.534989834
-0.273368657 -0.083174050 0.958306670 31.164377213 0.074685529 0.991411924 0.107352324 0.263443232 -0.959005475 0.100918412 -0.264809102 7.262997627
-0.299701691 -0.068428449 0.951575816 31.893421173 0.076451160 0.992494166 0.095449448 0.266513109 -0.950964868 0.101355433 -0.292220652 6.974314690
-0.324765861 -0.053491019 0.944280565 32.629016876 0.077353694 0.993552268 0.082886323 0.260368824 -0.942625880 0.099962234 -0.318534076 6.657457352
-0.350094020 -0.039908294 0.935864031 33.357448578 0.075156793 0.994674206 0.070531271 0.247350097 -0.933694601 0.095029108 -0.345230043 6.334585190
-0.375480920 -0.028299078 0.926397979 34.102252960 0.076075569 0.995219886 0.061235819 0.219806314 -0.923702657 0.093469143 -0.371533304 5.969975471
-0.400671214 -0.020277821 0.915997446 34.840385437 0.078292482 0.995340526 0.056280598 0.195011854 -0.912870586 0.094265744 -0.397216737 5.579187393
-0.425329119 -0.017078832 0.904877543 35.579952240 0.081691645 0.995016158 0.057178505 0.169941425 -0.901344299 0.098240629 -0.421814144 5.172344208
-0.447357088 -0.019031705 0.894152939 36.328979492 0.085772730 0.994252145 0.064075559 0.148892760 -0.890233099 0.105358601 -0.443153232 4.725519180
-0.466535658 -0.020198619 0.884271741 37.072761536 0.092639670 0.993124843 0.071561120 0.125596046 -0.879637599 0.115304448 -0.461457014 4.258120537
-0.482392490 -0.017962625 0.875770986 37.810756683 0.099347174 0.992216766 0.075073473 0.105949402 -0.870303154 0.123220257 -0.476853460 3.776242256
-0.496105134 -0.015368102 0.868126452 38.563400269 0.100802466 0.992062807 0.075167336 0.101218939 -0.862391174 0.124800190 -0.490618348 3.276894569
-0.508189797 -0.011694914 0.861165822 39.306350708 0.102412648 0.991992533 0.073907167 0.086869240 -0.855134368 0.125753105 -0.502922893 2.774766922
-0.518455386 -0.009280705 0.855054379 40.066856384 0.104324549 0.991784871 0.074021123 0.072302818 -0.848717034 0.127579808 -0.513227940 2.254283905
-0.526813328 -0.009910414 0.849923134 40.841899872 0.101818129 0.991996109 0.074677616 0.056070566 -0.843860626 0.125878751 -0.521587670 1.727167130
-0.533211112 -0.011439235 0.845904768 41.601196289 0.100398250 0.991986454 0.076700151 0.042008162 -0.840003610 0.125824735 -0.527789712 1.192909241
-0.539434075 -0.012003496 0.841942132 42.383918762 0.100318909 0.991860449 0.078415401 0.027444601 -0.836030424 0.126762673 -0.533839226 0.659759521
-0.542906940 -0.016063664 0.839639246 43.170490265 0.098297074 0.991728902 0.082531832 0.007601261 -0.834020257 0.127341181 -0.536837459 0.085170746
-0.545565069 -0.018124601 0.837872505 43.952011108 0.095776387 0.991867602 0.083818793 -0.003019571 -0.832577646 0.125977010 -0.539392471 -0.470781326
-0.547646701 -0.020514343 0.836458147 44.746829987 0.093093738 0.991998553 0.085279427 -0.015098810 -0.831514716 0.124572001 -0.541354835 -1.029548645
-0.548789144 -0.020703999 0.835704386 45.551132202 0.091743633 0.992163122 0.084826231 -0.017427206 -0.830911338 0.123222262 -0.542588770 -1.610416412
-0.550216496 -0.020968914 0.834758699 46.368534088 0.091179870 0.992198110 0.085023358 -0.026399136 -0.830028832 0.122894458 -0.544011950 -2.196695328
-0.550502181 -0.022369245 0.834533989 47.165851593 0.089288794 0.992329299 0.085498407 -0.038982630 -0.830045044 0.121581599 -0.544282138 -2.780986786
-0.551517248 -0.023150565 0.833842158 47.987297058 0.086860821 0.992586970 0.085009120 -0.044466972 -0.829628766 0.119312227 -0.545417905 -3.367233276
-0.551520646 -0.024926864 0.833788753 48.801490784 0.085355021 0.992620528 0.086134493 -0.053371191 -0.829782665 0.118673004 -0.545323133 -3.943202972
-0.551055789 -0.026215957 0.834056497 49.623710632 0.084307060 0.992643237 0.086901776 -0.064175606 -0.830198646 0.118204579 -0.544791579 -4.540184021
-0.550946951 -0.025280112 0.834157228 50.448432922 0.085645497 0.992550731 0.086647823 -0.077689171 -0.830133915 0.119180180 -0.544677675 -5.131891251
-0.549464822 -0.024172351 0.835167110 51.278728485 0.085468613 0.992711604 0.084962845 -0.081663847 -0.831133842 0.118064664 -0.543394208 -5.735237122
-0.548271179 -0.025466362 0.835912764 52.113433838 0.084769443 0.992695928 0.085842676 -0.092786789 -0.831993282 0.117924906 -0.542107821 -6.334640503
-0.547261178 -0.025200032 0.836582422 52.952629089 0.084993660 0.992706060 0.085502580 -0.100385666 -0.832635164 0.117896415 -0.541127622 -6.935735703
-0.546654761 -0.025859946 0.836958647 53.802181244 0.082887247 0.992942989 0.084816813 -0.110651970 -0.833245635 0.115738705 -0.540653527 -7.534538269
-0.546074510 -0.025780166 0.837339818 54.656425476 0.081094205 0.993205547 0.083464898 -0.122333050 -0.833802342 0.113481455 -0.540273607 -8.145673752
-0.545599878 -0.025011092 0.837672532 55.509544373 0.080122605 0.993419051 0.081847481 -0.139808655 -0.834206939 0.111772478 -0.540005326 -8.745971680
-0.544995546 -0.026448634 0.838021576 56.372573853 0.078337163 0.993524015 0.082301870 -0.152450085 -0.834771335 0.110502407 -0.539394140 -9.356445312
-0.545003891 -0.028127914 0.837961555 57.244201660 0.077896453 0.993415594 0.084009305 -0.165909767 -0.834807098 0.111059643 -0.539224327 -9.972064972
-0.545345724 -0.030100457 0.837670684 58.115886688 0.077953316 0.993202627 0.086438939 -0.177991390 -0.834578514 0.112438306 -0.539292455 -10.592876434
-0.545909703 -0.030650938 0.837283134 58.989631653 0.078423873 0.993073940 0.087486520 -0.190550327 -0.834165573 0.113422737 -0.539724946 -11.214252472
-0.545800030 -0.029801644 0.837385297 59.867404938 0.080418654 0.992890894 0.087752081 -0.199938297 -0.834047318 0.115236491 -0.539523363 -11.847158432
-0.545852602 -0.027904686 0.837416351 60.749164581 0.082624264 0.992781401 0.086938739 -0.209497929 -0.833797455 0.116646640 -0.539606631 -12.479146957
-0.545682430 -0.025444917 0.837605655 61.636917114 0.084218651 0.992813051 0.085026488 -0.223171711 -0.833749294 0.116939478 -0.539617717 -13.118513107
-0.545424938 -0.023168199 0.837839484 62.521839142 0.085960232 0.992800713 0.083412468 -0.238541126 -0.833739996 0.117516108 -0.539506733 -13.754358292
-0.545547426 -0.023220101 0.837758183 63.419277191 0.086010545 0.992786705 0.083527021 -0.251518250 -0.833654583 0.117624000 -0.539615095 -14.400789261
-0.545957685 -0.024826128 0.837444782 64.305839539 0.089748994 0.992076159 0.087920472 -0.263608456 -0.832991779 0.123160675 -0.539403498 -15.037183762
-0.546494067 -0.027346674 0.837016344 65.201911926 0.088579945 0.991972566 0.090243824 -0.274060249 -0.832765162 0.123460561 -0.539684772 -15.676618576
-0.547695816 -0.030691613 0.836114347 66.086486816 0.083559141 0.992324293 0.091160990 -0.283149719 -0.832494497 0.119793504 -0.540927291 -16.303688049
-0.548691034 -0.026640121 0.835600615 67.002532959 0.085354961 0.992484272 0.087689504 -0.295639515 -0.831656575 0.119437113 -0.542293370 -16.952251434
-0.549847424 -0.026458448 0.834845841 67.887168884 0.083228648 0.992788255 0.086280219 -0.307509422 -0.831108153 0.116924077 -0.543680012 -17.588470459
-0.551017344 -0.026153959 0.834083796 68.777633667 0.082161047 0.992952228 0.085413240 -0.322727680 -0.830439210 0.115593389 -0.544985116 -18.239879608
-0.552068889 -0.026347289 0.833382130 69.651763916 0.081342816 0.993031085 0.085279621 -0.332433701 -0.829821229 0.114869878 -0.546078384 -18.864801407
-0.552253604 -0.032442410 0.833044708 70.556838989 0.081974223 0.992286980 0.092987508 -0.337788105 -0.829636216 0.119640887 -0.545334637 -19.525876999
-0.552720666 -0.041127667 0.832351208 71.428588867 0.081609376 0.991309762 0.103174537 -0.337529182 -0.829361081 0.124954365 -0.544561028 -20.165060043
-0.552566230 -0.044528730 0.832278669 72.308181763 0.082614169 0.990728140 0.107855290 -0.328569412 -0.829364538 0.128355205 -0.543764174 -20.809633255
-0.553360224 -0.040015064 0.831980348 73.190994263 0.083248980 0.991187036 0.103042208 -0.323517323 -0.828771412 0.126280963 -0.545152307 -21.447793961
-0.553252637 -0.034716260 0.832289755 74.047828674 0.085046977 0.991556287 0.097893290 -0.325423717 -0.828660667 0.124943458 -0.545628607 -22.070793152
-0.552438498 -0.028176896 0.833077312 74.916313171 0.090729564 0.991457701 0.093699239 -0.323106289 -0.828601241 0.127347767 -0.545162916 -22.707815170
-0.551303983 -0.029191894 0.833793640 75.805114746 0.090036727 0.991469324 0.094244495 -0.321364880 -0.829432070 0.127029404 -0.543972552 -23.349887848
-0.550436080 -0.034245994 0.834174752 76.684989929 0.088482581 0.991138220 0.099075779 -0.312077522 -0.830175340 0.128344804 -0.542527974 -23.981309891
-0.549670875 -0.042017486 0.834323943 77.563064575 0.085732557 0.990623593 0.106371395 -0.304952621 -0.830970407 0.129997984 -0.540914655 -24.605033875
-0.549028575 -0.049176987 0.834355593 78.463386536 0.076982506 0.991048694 0.109069072 -0.289654732 -0.832250714 0.124112792 -0.540328264 -25.220308304
-0.546366692 -0.056998838 0.835604429 79.321365356 0.070767649 0.990972102 0.113868944 -0.283328056 -0.834550917 0.121347919 -0.537400603 -25.838209152
-0.543351710 -0.056309070 0.837614655 80.187713623 0.073616110 0.990708649 0.114354894 -0.275347710 -0.836271167 0.123796865 -0.534157991 -26.451524734
-0.538290501 -0.052097153 0.841147661 81.065338135 0.077271797 0.990832210 0.110817902 -0.264384270 -0.839209437 0.124649204 -0.529329836 -27.064596176
-0.532089472 -0.047637593 0.845346928 81.959953308 0.082873628 0.990691662 0.107991569 -0.249325752 -0.842622459 0.127518147 -0.523188710 -27.650482178
-0.520737231 -0.043383360 0.852613926 82.815887451 0.091270059 0.990155160 0.106125377 -0.251316071 -0.848824203 0.133081555 -0.511651158 -28.248985291
-0.511085749 -0.041288044 0.858537614 83.707870483 0.094635293 0.990070045 0.103949785 -0.242915154 -0.854304135 0.134375185 -0.502103269 -28.824398041
-0.500236630 -0.044904593 0.864723682 84.607116699 0.092419319 0.990180850 0.104883447 -0.239512444 -0.860942543 0.132383689 -0.491174638 -29.389701843
-0.489890158 -0.048028756 0.870460153 85.529357910 0.091293313 0.990165055 0.106012985 -0.220147133 -0.866990864 0.131401896 -0.480687350 -29.950122833
-0.478229135 -0.051977780 0.876695633 86.447685242 0.090054899 0.990082800 0.107824415 -0.209944725 -0.873605728 0.130515501 -0.468805611 -30.497421265
-0.466016144 -0.053569220 0.883153081 87.376869202 0.093623400 0.989575922 0.109427042 -0.191652298 -0.879808843 0.133678541 -0.456143022 -31.025558472
-0.453468323 -0.055092778 0.889568031 88.324707031 0.091435634 0.989945889 0.107919827 -0.196304321 -0.886569798 0.130276442 -0.443871647 -31.546579361
-0.440559030 -0.045802064 0.896554530 89.264793396 0.091428056 0.991215527 0.095564947 -0.200817108 -0.893055856 0.124072231 -0.432501376 -32.051010132
-0.428476393 -0.035778258 0.902844310 90.213363647 0.091413058 0.992372334 0.082709387 -0.206151962 -0.898916900 0.117970772 -0.421937555 -32.536098480
-0.415084302 -0.036715645 0.909041703 91.176605225 0.090198599 0.992601693 0.081276834 -0.231184483 -0.905300617 0.115731046 -0.408701748 -33.037418365
-0.402992487 -0.041736856 0.914251089 92.150596619 0.089154541 0.992418110 0.084603690 -0.247496605 -0.910850406 0.115604296 -0.396215975 -33.508609772
-0.390963137 -0.043622978 0.919372141 93.125785828 0.085724369 0.992808521 0.083561741 -0.267601013 -0.916405559 0.111482151 -0.384411931 -33.963909149
-0.380721569 -0.038952753 0.923868895 94.102020264 0.083751895 0.993553281 0.076404542 -0.285977840 -0.920889020 0.106464617 -0.375004709 -34.410717010
-0.373066097 -0.036881596 0.927071452 95.090797424 0.081782781 0.994012952 0.072455227 -0.310513496 -0.924193263 0.102849051 -0.367816240 -34.850212097
-0.367080927 -0.036709432 0.929464340 96.076393127 0.075722717 0.994725347 0.069192722 -0.340527058 -0.927101731 0.095780894 -0.362364978 -35.278388977
-0.361547351 -0.036425542 0.931641936 97.068023682 0.071724348 0.995188951 0.066744573 -0.374512672 -0.929590821 0.090952747 -0.357195288 -35.703884125
-0.356944948 -0.041332263 0.933210492 98.064865112 0.068651743 0.995158195 0.070334658 -0.400651932 -0.931599319 0.089172132 -0.352379173 -36.124347687
-0.354536325 -0.047137540 0.933853269 99.082244873 0.064930290 0.995076478 0.074878559 -0.416324615 -0.932785094 0.087182529 -0.349730015 -36.545177460
-0.353203833 -0.055658460 0.933889270 100.087509155 0.057557896 0.995045006 0.081072070 -0.434450150 -0.933774054 0.082387671 -0.348250091 -36.957714081
-0.351852894 -0.057032835 0.934316218 101.105934143 0.052706376 0.995351434 0.080607191 -0.458065033 -0.934570253 0.077606291 -0.347211331 -37.376731873
-0.349297494 -0.052265447 0.935553014 102.105361938 0.051504210 0.995862722 0.074864276 -0.483849525 -0.935595274 0.074334823 -0.345160395 -37.791450500
-0.344352812 -0.046279702 0.937699080 103.111679077 0.053506006 0.996193528 0.068815783 -0.518019676 -0.937314391 0.073869430 -0.340565830 -38.209774017
-0.339149743 -0.044298407 0.939688921 104.115043640 0.056293558 0.996144950 0.067277141 -0.548823833 -0.939046621 0.075715445 -0.335348576 -38.615703583
-0.333238721 -0.049833875 0.941524625 105.124961853 0.056389283 0.995761275 0.072662719 -0.584634781 -0.941154778 0.077305920 -0.329016119 -39.023521423
-0.326394051 -0.050439250 0.943887174 106.154167175 0.057546075 0.995662570 0.073105335 -0.604395866 -0.943480372 0.078178138 -0.322075903 -39.416515350
-0.320499539 -0.048546214 0.946003854 107.172157288 0.059756145 0.995660543 0.071339421 -0.635401726 -0.945361972 0.079393797 -0.316207796 -39.803577423
-0.313510090 -0.042849150 0.948617637 108.200057983 0.058698736 0.996196449 0.064397715 -0.671704769 -0.947768807 0.075871997 -0.309802443 -40.185005188
-0.306138456 -0.042564657 0.951035023 109.224052429 0.060084838 0.996144354 0.063924909 -0.709650517 -0.950088918 0.076712668 -0.302400619 -40.558410645
-0.297262460 -0.043627601 0.953798532 110.251419067 0.061970457 0.995967627 0.064870268 -0.752001286 -0.952782631 0.078390829 -0.293360174 -40.935157776
-0.288276136 -0.045818370 0.956450462 111.291084290 0.061862297 0.995876849 0.066352487 -0.787055016 -0.955546916 0.078296073 -0.284253061 -41.291355133
-0.278904706 -0.048287798 0.959103942 112.335556030 0.059213247 0.995969832 0.067362919 -0.821637154 -0.958491504 0.075579487 -0.274921447 -41.637916565
-0.270394593 -0.049707327 0.961465478 113.384201050 0.060711414 0.995798230 0.068556279 -0.862646103 -0.960833430 0.076909184 -0.266240716 -41.971843719
-0.261285216 -0.049610745 0.963985860 114.428245544 0.062051214 0.995749354 0.068064205 -0.899368286 -0.963265181 0.077600665 -0.257096142 -42.307521820
-0.252022445 -0.049219910 0.966468871 115.489082336 0.063521303 0.995710492 0.067273326 -0.924629211 -0.965634286 0.078345746 -0.247814909 -42.633964539
-0.243358538 -0.048188005 0.968738616 116.535720825 0.071494587 0.995157003 0.067462422 -0.961886406 -0.967297852 0.085677125 -0.238734752 -42.953231812
-0.234843016 -0.050775371 0.970706224 117.595916748 0.075118259 0.994700313 0.070203811 -0.993524551 -0.969126403 0.089404635 -0.229784220 -43.278285980
-0.228249863 -0.051306531 0.972249806 118.651077271 0.074918725 0.994724035 0.070080787 -1.026171684 -0.970715761 0.088835649 -0.223201752 -43.558967590
-0.222346216 -0.051216532 0.973621666 119.692008972 0.075762711 0.994692028 0.069626868 -1.063317299 -0.972019672 0.089245476 -0.217285663 -43.842819214
-0.216489911 -0.051928345 0.974902868 120.731559753 0.072172701 0.995000899 0.069025762 -1.098923683 -0.973613501 0.085304752 -0.211659804 -44.113433838
-0.211293444 -0.055305138 0.975856900 121.765869141 0.071430452 0.994854689 0.071847998 -1.134588242 -0.974809110 0.084886909 -0.206255838 -44.372226715
-0.207192928 -0.062026534 0.976331890 122.787857056 0.067743205 0.994682908 0.077568546 -1.161778450 -0.975951910 0.082211502 -0.201889366 -44.623474121
-0.203133479 -0.064903520 0.976997733 123.793006897 0.066848874 0.994553268 0.079968736 -1.191438675 -0.976866424 0.081555501 -0.197688371 -44.885906219
-0.201843783 -0.061787505 0.977466822 124.817451477 0.064341411 0.995015860 0.076183103 -1.213602066 -0.977302015 0.078268684 -0.196862236 -45.119716644
-0.199784026 -0.058052354 0.978118718 125.813591003 0.064030342 0.995336294 0.072152637 -1.239494324 -0.977745593 0.077044234 -0.195135117 -45.368041992
-0.199033126 -0.056296162 0.978374422 126.818466187 0.061665200 0.995650709 0.069834962 -1.269392014 -0.978050709 0.074231118 -0.194696009 -45.610168457
-0.198210433 -0.056132302 0.978550792 127.807113647 0.060320746 0.995767891 0.069338188 -1.302195549 -0.978301585 0.072770461 -0.193985671 -45.849590302
-0.198435307 -0.054585114 0.978592753 128.799255371 0.058089681 0.996037781 0.067337379 -1.326051712 -0.978391051 0.070208274 -0.194478244 -46.082962036
-0.197870880 -0.056591973 0.978593111 129.776428223 0.052544434 0.996284246 0.068239510 -1.359197617 -0.978818774 0.064922243 -0.194162071 -46.318061829
-0.198353127 -0.054589462 0.978609383 130.752456665 0.051122803 0.996512413 0.065950178 -1.388443947 -0.978796482 0.063110672 -0.194870591 -46.552265167
-0.198823795 -0.053314749 0.978583992 131.713027954 0.051738221 0.996555626 0.064805791 -1.427224159 -0.978668571 0.063515142 -0.195380613 -46.788726807
-0.199091345 -0.047776937 0.978815556 132.672134399 0.050696407 0.996971250 0.058974795 -1.468975067 -0.978668869 0.061363801 -0.196066231 -47.020248413
-0.197729498 -0.046485677 0.979153693 133.623901367 0.054805253 0.996788323 0.058390215 -1.506534576 -0.978723347 0.065208241 -0.194546819 -47.255023956
-0.193701848 -0.046384063 0.979963303 134.572204590 0.059874579 0.996460795 0.058999870 -1.549327850 -0.979231715 0.070103288 -0.190239042 -47.492134094
-0.188289359 -0.054193117 0.980617285 135.533233643 0.062960930 0.995756507 0.067118965 -1.583572388 -0.980093360 0.074378364 -0.184078336 -47.714294434
-0.181379735 -0.052016363 0.982036471 136.474945068 0.066584013 0.995658994 0.065035820 -1.619930267 -0.981156468 0.077184103 -0.177128896 -47.928150177
-0.172593191 -0.051891897 0.983625352 137.415786743 0.067130439 0.995669663 0.064306438 -1.655903816 -0.982702971 0.077130042 -0.168362319 -48.131088257
-0.163243935 -0.048332334 0.985401154 138.361145020 0.066175155 0.996013522 0.059815586 -1.690892220 -0.984363854 0.074973591 -0.159394771 -48.320243835
-0.153627917 -0.049185582 0.986903846 139.308242798 0.068113573 0.995857596 0.060234822 -1.728023529 -0.985778391 0.076475315 -0.149641320 -48.494472504
-0.142679855 -0.049302831 0.988540173 140.251464844 0.070188694 0.995740116 0.059792530 -1.770468712 -0.987277091 0.077915542 -0.138611540 -48.671043396
-0.132155344 -0.047100104 0.990109384 141.208145142 0.072653964 0.995723307 0.057064693 -1.814352989 -0.988562763 0.079476781 -0.128168121 -48.828922272
-0.120222054 -0.046883531 0.991639316 142.152053833 0.077542268 0.995388985 0.056461696 -1.854401588 -0.989713967 0.083681896 -0.116032258 -48.987960815
-0.109371088 -0.045033015 0.992980361 143.104171753 0.081631072 0.995191872 0.054124504 -1.898217201 -0.990643322 0.086977698 -0.105169117 -49.130455017
-0.098689809 -0.039873566 0.994319081 144.044860840 0.078632407 0.995760262 0.047735903 -1.951707840 -0.992006660 0.082896754 -0.095136009 -49.255249023
-0.087692879 -0.028065972 0.995752215 144.982467651 0.073410720 0.996702969 0.034557827 -2.008779526 -0.993438840 0.076129355 -0.085343413 -49.367214203
-0.077955127 -0.020992627 0.996735811 145.927642822 0.067931093 0.997342825 0.026318334 -2.068377256 -0.994639814 0.069761001 -0.076321930 -49.472385406
-0.069870658 -0.022214714 0.997308671 146.871612549 0.063476041 0.997626960 0.026668889 -2.134201527 -0.995534420 0.065168597 -0.068294749 -49.568416595
-0.062790900 -0.025539070 0.997699857 147.826400757 0.059171118 0.997818768 0.029266087 -2.199935436 -0.996271014 0.060872659 -0.061142772 -49.658763885
-0.056559242 -0.019980380 0.998199224 148.762603760 0.055926967 0.998166442 0.023148619 -2.273411512 -0.996831596 0.057135522 -0.055338107 -49.744266510
-0.052614540 -0.015428920 0.998495698 149.712066650 0.052700456 0.998444378 0.018205116 -2.342677116 -0.997223318 0.053579025 -0.051719580 -49.832180023
-0.051318437 -0.015285552 0.998565376 150.655273438 0.053778604 0.998389781 0.018046666 -2.413068056 -0.997233331 0.054627582 -0.050413765 -49.919410706
-0.050769601 -0.019642323 0.998517215 151.610260010 0.051221114 0.998439491 0.022245135 -2.485037565 -0.997396052 0.052274536 -0.049684275 -50.007049561
-0.050819635 -0.023188297 0.998438597 152.552780151 0.053895872 0.998209953 0.025926236 -2.552093029 -0.997252464 0.055129271 -0.049478911 -50.093315125
-0.049857195 -0.024157079 0.998464167 153.495666504 0.055924203 0.998071492 0.026940091 -2.616996288 -0.997189403 0.057181478 -0.048410080 -50.181293488
-0.047240391 -0.025906250 0.998547494 154.432968140 0.058715228 0.997863173 0.028666260 -2.686800957 -0.997156322 0.059984151 -0.045618355 -50.270145416
-0.041750260 -0.025708126 0.998797297 155.371063232 0.061352354 0.997716367 0.028244866 -2.749101162 -0.997242570 0.062457785 -0.040077671 -50.353946686
-0.035292398 -0.026449479 0.999026954 156.304153442 0.060778204 0.997742534 0.028562572 -2.812305450 -0.997527242 0.061727103 -0.033605177 -50.418663025
-0.026619092 -0.029319614 0.999215543 157.245605469 0.060220256 0.997707367 0.030879620 -2.882200241 -0.997830093 0.060995009 -0.024792427 -50.487068176
-0.018566202 -0.028535716 0.999420285 158.183532715 0.054861888 0.998057663 0.029515970 -2.945460796 -0.998321295 0.055378091 -0.016964618 -50.535263062
-0.010390356 -0.027263176 0.999574304 159.113845825 0.052281942 0.998246193 0.027770411 -3.016896725 -0.998578310 0.052548230 -0.008946761 -50.572330475
-0.001619965 -0.024256220 0.999704421 160.042663574 0.049957361 0.998455524 0.024306871 -3.080743074 -0.998750091 0.049981967 -0.000405686 -50.598491669
0.008520501 -0.025519803 0.999638140 160.983978271 0.054065697 0.998223782 0.025022870 -3.147833824 -0.998501122 0.053832918 0.009885115 -50.637878418
0.019464105 -0.030266613 0.999352336 161.916717529 0.057716787 0.997908771 0.029098762 -3.218213081 -0.998143196 0.057113022 0.021170296 -50.657939911
0.031844735 -0.033399880 0.998934627 162.854339600 0.061377138 0.997620583 0.031399336 -3.278900146 -0.997606516 0.060311839 0.033818953 -50.668411255
0.045681059 -0.035120361 0.998338580 163.778182983 0.066313706 0.997283995 0.032048952 -3.344278812 -0.996752501 0.064739503 0.047885951 -50.667270660
0.059075240 -0.035356853 0.997627199 164.706207275 0.064938627 0.997391880 0.031503126 -3.402215958 -0.996139050 0.062923476 0.061217193 -50.653011322
0.071678966 -0.036266100 0.996768177 165.616104126 0.061117716 0.997620702 0.031902052 -3.463745117 -0.995553613 0.058633499 0.073724911 -50.617267609
0.084477939 -0.041462392 0.995562315 166.523010254 0.060754701 0.997489214 0.036387336 -3.517977715 -0.994571447 0.057411168 0.086784877 -50.573184967
0.097347811 -0.051971555 0.993892550 167.420318604 0.054986358 0.997391164 0.046768807 -3.567663193 -0.993730366 0.050097689 0.099951565 -50.513874054
0.108662367 -0.058726318 0.992342532 168.327407837 0.050415464 0.997294426 0.053498838 -3.613412857 -0.992799461 0.044216100 0.111329086 -50.432098389
0.121276937 -0.064255089 0.990536869 169.216110229 0.049222283 0.997064173 0.058651958 -3.650578499 -0.991397560 0.041643348 0.124083675 -50.352336884
0.134527311 -0.065675467 0.988731086 170.110977173 0.050565917 0.996956170 0.059341788 -3.689702988 -0.989618838 0.042013004 0.137438774 -50.266773224
0.147017047 -0.068220586 0.986778617 170.985687256 0.049393639 0.996880412 0.061559971 -3.726469994 -0.987899899 0.039690215 0.149928063 -50.164276123
0.157861590 -0.072182797 0.984819412 171.856201172 0.051704805 0.996560693 0.064755358 -3.756272316 -0.986106634 0.040697508 0.161050871 -50.049072266
0.169190958 -0.071000122 0.983022571 172.719009399 0.049215440 0.996766150 0.063522168 -3.788652420 -0.984353840 0.037632506 0.172138110 -49.931167603
0.179733962 -0.063935637 0.981635332 173.569259644 0.044252750 0.997400999 0.056859966 -3.836814880 -0.982719421 0.033220395 0.182096183 -49.797706604
0.191048950 -0.049038846 0.980354905 174.411834717 0.045117985 0.998134375 0.041135725 -3.876416683 -0.980543017 0.036372688 0.192905128 -49.657085419
0.202822968 -0.044666216 0.978196204 175.251434326 0.045631208 0.998305023 0.036123067 -3.917658806 -0.978151619 0.037309699 0.204517394 -49.517444611
0.212619901 -0.053109955 0.975690603 176.104721069 0.046395980 0.997944355 0.044210810 -3.960349560 -0.976032972 0.035868023 0.214646935 -49.352920532
0.224100336 -0.069764905 0.972065747 176.942901611 0.044803765 0.997117341 0.061233789 -4.002680779 -0.973535657 0.029829696 0.226580054 -49.186241150
0.236126423 -0.080706045 0.968365073 177.770874023 0.048348542 0.996286511 0.071243778 -4.034170151 -0.970518827 0.029996505 0.239151597 -49.020633698
0.247283384 -0.081817798 0.965482771 178.590774536 0.050674550 0.996156931 0.071438260 -4.066474915 -0.967617214 0.031259909 0.250479162 -48.837631226
0.257864982 -0.081836715 0.962708831 179.389343262 0.052428402 0.996123433 0.070634060 -4.089201927 -0.964757502 0.032259241 0.261155963 -48.657222748
0.268431693 -0.082126744 0.959791422 180.191909790 0.051731028 0.996150374 0.070769913 -4.116551399 -0.961908698 0.030654114 0.271646827 -48.462493896
0.278538018 -0.085685663 0.956595242 180.978195190 0.049998779 0.995955467 0.074652836 -4.138970375 -0.959122837 0.027034940 0.281695634 -48.256706238
0.288891137 -0.088640511 0.953249514 181.747497559 0.049279537 0.995761395 0.077658966 -4.160704613 -0.956092715 0.024540707 0.292034775 -48.046138763
0.299608797 -0.092455320 0.949571788 182.517959595 0.051316012 0.995414376 0.080727585 -4.182972908 -0.952681065 0.024541544 0.302979320 -47.829704285
0.310936689 -0.095822915 0.945587814 183.274765015 0.055848040 0.995027602 0.082468547 -4.204644203 -0.948788285 0.027166735 0.314742059 -47.612991333
0.323582768 -0.093397066 0.941579163 184.036209106 0.053041600 0.995342135 0.080501668 -4.221365929 -0.944712043 0.023893908 0.327029467 -47.377151489
0.335239530 -0.088166118 0.937998533 184.772735596 0.050959267 0.995851040 0.075391106 -4.243800163 -0.940753758 0.022525635 0.338341504 -47.126079559
0.347644717 -0.082777359 0.933965206 185.504669189 0.049989130 0.996315062 0.069696233 -4.263082504 -0.936292827 0.022458579 0.350501567 -46.879035950
0.359245539 -0.081449687 0.929681957 186.240417480 0.049114108 0.996453762 0.068321012 -4.290196419 -0.931949854 0.021116486 0.361971885 -46.618366241
0.369035035 -0.084250510 0.925589025 186.964843750 0.046755858 0.996304810 0.072045632 -4.317313194 -0.928238690 0.016689345 0.371610582 -46.345424652
0.377468348 -0.086919673 0.921934187 187.685546875 0.042159952 0.996165872 0.076656640 -4.334598541 -0.925062239 0.009933256 0.379685581 -46.073764801
0.383106589 -0.092334345 0.919077575 188.402923584 0.039455403 0.995719075 0.083587550 -4.349235535 -0.922861159 0.004239632 0.385109574 -45.791397095
0.386217326 -0.094939791 0.917508900 189.113815308 0.038173907 0.995481908 0.086939134 -4.364054680 -0.921617508 0.001447501 0.388096601 -45.523590088
0.387987524 -0.098388247 0.916398168 189.809982300 0.041329246 0.995142877 0.089344509 -4.380450249 -0.920737565 0.003209490 0.390169352 -45.264328003
0.389337778 -0.095915169 0.916087508 190.499816895 0.045215540 0.995354772 0.084997863 -4.395079613 -0.919984639 0.008328518 0.391866028 -45.007232666
0.389484107 -0.093886137 0.916235507 191.167495728 0.048440497 0.995502293 0.081416905 -4.414128304 -0.919758499 0.012672313 0.392280221 -44.761627197
0.388773680 -0.091491938 0.916779220 191.823928833 0.046072777 0.995742738 0.079834446 -4.428671837 -0.920180619 0.011201034 0.391333878 -44.515407562
0.386619210 -0.091578558 0.917681277 192.488739014 0.046440054 0.995728493 0.079801925 -4.443359375 -0.921069443 0.011764205 0.389220744 -44.268829346
0.383573353 -0.094472237 0.918665528 193.151290894 0.047168586 0.995459676 0.082675003 -4.455476761 -0.922305048 0.011620222 0.386287957 -44.028156281
0.378834456 -0.096934922 0.920373917 193.811309814 0.048093468 0.995217741 0.085021853 -4.466463089 -0.924214005 0.012054766 0.381684631 -43.796710968
0.371746868 -0.097623229 0.923186958 194.468261719 0.046067435 0.995170057 0.086684838 -4.480083466 -0.927190423 0.010304033 0.374448627 -43.570148468
0.361245334 -0.097132079 0.927398086 195.129531860 0.043594934 0.995231569 0.087255366 -4.487668991 -0.931451201 0.008909271 0.363757193 -43.351402283
0.350229591 -0.099221841 0.931393743 195.786849976 0.042804401 0.995030046 0.089905441 -4.492753983 -0.935685337 0.008380209 0.352736115 -43.144866943
0.338900149 -0.100677416 0.935420156 196.450241089 0.045314427 0.994850814 0.090656526 -4.501706123 -0.939730525 0.011664515 0.341717243 -42.948440552
0.327836186 -0.099938743 0.939433694 197.106796265 0.045384653 0.994906962 0.090002112 -4.514523506 -0.943643749 0.013129931 0.330702215 -42.761314392
0.317691654 -0.095251068 0.943397582 197.764038086 0.046203811 0.995314777 0.084933668 -4.528586388 -0.947067678 0.016605850 0.320604205 -42.579288483
0.308629781 -0.090593114 0.946858227 198.410446167 0.048112992 0.995666802 0.079580478 -4.535980225 -0.949964643 0.020995283 0.311651081 -42.405937195
0.301910341 -0.089756757 0.949101567 199.069503784 0.049422160 0.995692909 0.078441672 -4.549167633 -0.952054381 0.023224292 0.305045933 -42.240863800
0.294584095 -0.092050806 0.951181829 199.726211548 0.051107861 0.995443046 0.080505922 -4.558656693 -0.954257905 0.024897104 0.297946185 -42.068767548
0.289388686 -0.097277276 0.952255905 200.399917603 0.052957255 0.994926095 0.085542627 -4.564230919 -0.955745578 0.025673786 0.293071985 -41.904224396
0.285800934 -0.098220907 0.953242064 201.048706055 0.051912203 0.994859695 0.086944804 -4.579523087 -0.956881940 0.024635993 0.289430678 -41.743938446
0.282428980 -0.098797388 0.954186976 201.706756592 0.051495448 0.994809508 0.087761395 -4.588878632 -0.957905114 0.024349930 0.286050707 -41.578277588
0.281143606 -0.100082502 0.954432726 202.371810913 0.050614886 0.994709194 0.089396507 -4.595941544 -0.958330035 0.023175260 0.284721792 -41.416534424
0.279827386 -0.102512188 0.954561651 203.024063110 0.054552726 0.994374216 0.090795740 -4.598581314 -0.958499134 0.026666811 0.283845484 -41.259113312
0.279222190 -0.103095040 0.954676092 203.672561646 0.057104617 0.994242847 0.090665936 -4.612203598 -0.958527029 0.029200472 0.283501804 -41.105850220
0.278995216 -0.101578623 0.954904854 204.324783325 0.061001644 0.994255960 0.087941743 -4.632472992 -0.958352983 0.033715434 0.283589095 -40.940307617
0.281020075 -0.096907631 0.954796553 204.960205078 0.059489675 0.994734526 0.083451875 -4.638259888 -0.957856238 0.033348892 0.285305351 -40.786041260
0.283583581 -0.095902659 0.954139948 205.600479126 0.058120508 0.994876325 0.082722947 -4.642837524 -0.957184613 0.031996228 0.287704468 -40.621166229
0.287053555 -0.101876564 0.952481747 206.256088257 0.061538015 0.994235814 0.087796561 -4.652229309 -0.955935836 0.033411518 0.291668206 -40.441692352
