1.000000000 0.000000000 0.000000000 0.000000000 0.000000000 1.000000000 0.000000000 0.000000000 0.000000000 0.000000000 1.000000000 0.000000000
0.999791503 0.000920272 -0.020399820 -0.025719831 -0.000918430 0.999999583 0.000099677 -0.019788167 0.020399902 -0.000080920 0.999791920 0.197652012
0.999122918 0.001608155 -0.041843325 -0.052100729 -0.001625280 0.999998629 -0.000375251 -0.037869606 0.041842666 0.000442929 0.999124110 0.413816541
0.997936785 0.002890594 -0.064139172 -0.093293086 -0.002939222 0.999995470 -0.000663815 -0.063361600 0.064136967 0.000850964 0.997940719 0.637470961
0.996161938 0.006384999 -0.087295875 -0.136581957 -0.006522695 0.999977887 -0.001292190 -0.086160637 0.087285697 0.001856635 0.996181607 0.877712727
0.993933558 0.011937561 -0.109332167 -0.192419097 -0.012216745 0.999923587 -0.001884014 -0.109632283 0.109301329 0.003208268 0.994003475 1.145258904
0.991290450 0.015754903 -0.130747631 -0.240848452 -0.016227983 0.999864995 -0.002553551 -0.133451134 0.130689785 0.004653081 0.991412401 1.423847675
0.988582075 0.018052956 -0.149597734 -0.303646415 -0.018684294 0.999821424 -0.002815713 -0.161144048 0.149520174 0.005578692 0.988742948 1.719234109
0.985881209 0.019081661 -0.166355699 -0.364938259 -0.019872759 0.999797702 -0.003092033 -0.188309282 0.166263059 0.006354324 0.986061037 2.042045593
0.983458221 0.019569397 -0.180075347 -0.436149925 -0.020592131 0.999780655 -0.003811704 -0.221345484 0.179961279 0.007456786 0.983645439 2.385658741
0.981277049 0.018965980 -0.191665277 -0.504373193 -0.020044951 0.999792278 -0.003691893 -0.258449793 0.191555455 0.007464691 0.981453359 2.755999327
0.979527831 0.018611705 -0.200446367 -0.578854620 -0.019482233 0.999807477 -0.002371045 -0.291557074 0.200363636 0.006227649 0.979701698 3.141269684
0.978324711 0.018092070 -0.206284449 -0.658117175 -0.018532407 0.999828219 -0.000202400 -0.333130866 0.206245378 0.004020962 0.978492022 3.549194098
0.977563620 0.019413371 -0.209743425 -0.742708087 -0.019491931 0.999808609 0.001692786 -0.373590946 0.209736168 0.002433500 0.977754891 3.978651285
0.977232099 0.020732343 -0.211157843 -0.822459698 -0.020481993 0.999784529 0.003372915 -0.408778310 0.211182252 0.001028812 0.977446139 4.423649311
0.977069616 0.021494038 -0.211832523 -0.903500557 -0.020540658 0.999766588 0.006700427 -0.448618889 0.211927101 -0.002195604 0.977283001 4.879216194
0.976962447 0.020166477 -0.212456495 -0.983285546 -0.018589798 0.999782801 0.009416355 -0.486778498 0.212600231 -0.005249901 0.977125168 5.344958782
0.976829529 0.017322317 -0.213316381 -1.071340203 -0.015305026 0.999821126 0.011104726 -0.527197838 0.213470608 -0.007582614 0.976920009 5.830111504
0.976661265 0.015116279 -0.214252576 -1.157374740 -0.013089056 0.999855101 0.010877416 -0.567004144 0.214385957 -0.007819189 0.976717651 6.312211037
0.976361215 0.015316823 -0.215601727 -1.232584476 -0.013046070 0.999843419 0.011951440 -0.607530594 0.215751052 -0.008856168 0.976408184 6.819014072
0.976246655 0.014634012 -0.216167182 -1.333229780 -0.012285804 0.999849975 0.012202784 -0.651441753 0.216313317 -0.009257142 0.976280093 7.322582245
0.976365983 0.013548720 -0.215698197 -1.446484327 -0.011192485 0.999863565 0.012141538 -0.693514347 0.215833306 -0.009440386 0.976384580 7.856232166
0.976233721 0.008454914 -0.216555297 -1.533556223 -0.006186638 0.999918640 0.011150138 -0.740280211 0.216631979 -0.009545391 0.976206601 8.401951790
0.976304650 0.005524991 -0.216330007 -1.639344454 -0.003563112 0.999948978 0.009457891 -0.790459335 0.216371223 -0.008462974 0.976274490 8.953226089
0.976401806 0.004787767 -0.215908334 -1.749747992 -0.003001704 0.999958515 0.008599479 -0.837585032 0.215940565 -0.007748452 0.976375759 9.530295372
0.976495028 0.006666306 -0.215436623 -1.860153675 -0.004926363 0.999950767 0.008612314 -0.881929338 0.215483457 -0.007348564 0.976479828 10.128962517
0.976446152 0.005638870 -0.215687320 -1.971812248 -0.004011971 0.999960124 0.007979939 -0.939331830 0.215723738 -0.006926650 0.976429820 10.722624779
0.976213217 0.003939956 -0.216777042 -2.061877728 -0.002814628 0.999980867 0.005499677 -0.997383118 0.216794610 -0.004758711 0.976205647 11.321745872
0.976158619 0.000979477 -0.217056245 -2.168238640 -0.000254380 0.999994278 0.003368510 -1.060157895 0.217058331 -0.003232985 0.976153314 11.952379227
0.976218641 0.001610891 -0.216782123 -2.284713507 -0.001377375 0.999998271 0.001228283 -1.117914200 0.216783747 -0.000900481 0.976219237 12.590416908
0.976303518 0.002607648 -0.216389880 -2.408224106 -0.002476883 0.999996543 0.000875502 -1.173364997 0.216391414 -0.000318782 0.976306677 13.239673615
0.976332963 0.002280323 -0.216260627 -2.529957294 -0.002394297 0.999997139 -0.000265027 -1.237390876 0.216259435 0.000776547 0.976335645 13.905364037
0.976385951 0.000024415 -0.216033533 -2.649308205 -0.001000648 0.999989808 -0.004409518 -1.314805508 0.216031224 0.004521564 0.976375937 14.582241058
0.976618528 -0.001214664 -0.214976311 -2.769603014 -0.000746582 0.999958813 -0.009041650 -1.389278173 0.214978427 0.008990739 0.976577401 15.266658783
0.976837337 -0.003779714 -0.213949770 -2.890267134 0.000747288 0.999898195 -0.014252646 -1.453642368 0.213981852 0.013762634 0.976740718 15.955512047
0.977000952 -0.003542163 -0.213205472 -3.018022537 0.000893120 0.999921262 -0.012519868 -1.524266005 0.213232994 0.012041505 0.976927221 16.667587280
0.977328598 -0.002733828 -0.211710423 -3.145354271 0.001389957 0.999977946 -0.006496244 -1.596612453 0.211723506 0.006054697 0.977310836 17.404224396
0.977591395 -0.000979478 -0.210509151 -3.275638580 0.000376145 0.999995708 -0.002906085 -1.675642848 0.210511059 0.002761781 0.977587581 18.151145935
0.977849007 -0.001142584 -0.209308237 -3.400551319 0.000718047 0.999997556 -0.002104263 -1.748426795 0.209310099 0.001907358 0.977847457 18.887081146
0.978214622 0.000055749 -0.207596421 -3.533499956 -0.000671905 0.999995649 -0.002897540 -1.818761706 0.207595304 0.002973900 0.978210390 19.637199402
0.978561878 -0.000346939 -0.205952570 -3.667790890 -0.000209403 0.999996424 -0.002679506 -1.896767139 0.205952719 0.002665189 0.978558362 20.404178619
0.978620470 -0.000018252 -0.205674395 -3.793059587 -0.000262793 0.999999046 -0.001339137 -1.970953941 0.205674216 0.001364557 0.978619635 21.186975479
0.979151189 0.001547990 -0.203127086 -3.920203209 -0.001389605 0.999998629 0.000922351 -2.045168877 0.203128248 -0.000620854 0.979151964 21.984504700
0.979433358 0.003760199 -0.201733142 -4.050449848 -0.003759740 0.999992907 0.000385450 -2.120727062 0.201733202 0.000380941 0.979440391 22.774074554
0.979843616 0.006022129 -0.199675962 -4.188422680 -0.005945090 0.999981940 0.000985405 -2.196701765 0.199678317 0.000221549 0.979861498 23.579931259
0.980028629 0.004783703 -0.198799223 -4.320190430 -0.005101271 0.999986470 -0.001085279 -2.278143167 0.198791310 0.002077733 0.980039656 24.389596939
0.980395198 0.009330015 -0.196820527 -4.454596043 -0.009444110 0.999955297 0.000358904 -2.352659464 0.196815073 0.001506927 0.980439484 25.224578857
0.980733037 0.010921773 -0.195047319 -4.592623711 -0.011091938 0.999938488 0.000219802 -2.431505919 0.195037708 0.001947886 0.980793834 26.051431656
0.980903149 0.010991096 -0.194186404 -4.720762253 -0.011530319 0.999932170 -0.001646741 -2.519467831 0.194155112 0.003854324 0.980963290 26.885042191
0.981145322 0.011899753 -0.192904755 -4.863583565 -0.013331790 0.999892414 -0.006127129 -2.610606909 0.192811042 0.008583369 0.981198370 27.730381012
0.981263041 0.010262715 -0.192398921 -4.996313572 -0.012268878 0.999882042 -0.009238587 -2.680941582 0.192281425 0.011426003 0.981273293 28.610233307
0.981248796 0.007570497 -0.192596108 -5.118419170 -0.009350204 0.999921560 -0.008333371 -2.774306774 0.192517936 0.009977923 0.981242716 29.465595245
0.981050253 0.008749622 -0.193555787 -5.253212929 -0.010177447 0.999927878 -0.006383667 -2.863374710 0.193485975 0.008232602 0.981068432 30.330076218
0.981092095 0.008889528 -0.193336874 -5.397729874 -0.009851287 0.999943495 -0.004013701 -2.959315538 0.193290278 0.005842428 0.981124163 31.193416595
0.980998218 0.008190802 -0.193843499 -5.527978897 -0.009018868 0.999953568 -0.003389709 -3.049952984 0.193806753 0.005073546 0.981026590 32.100658417
0.981196463 0.007503597 -0.192865759 -5.683641911 -0.008402815 0.999957323 -0.003844828 -3.139415026 0.192828685 0.005393148 0.981217623 33.006652832
0.981127262 0.008183683 -0.193189964 -5.820144176 -0.009009643 0.999953687 -0.003397177 -3.233042479 0.193153217 0.005073636 0.981155455 33.885105133
0.981112659 0.007907456 -0.193275496 -5.965508938 -0.008678796 0.999957442 -0.003144512 -3.324219942 0.193242401 0.004762519 0.981139421 34.778820038
0.980922997 0.006201959 -0.194297999 -6.084026337 -0.007000410 0.999969661 -0.003423054 -3.412654877 0.194270864 0.004717918 0.980936527 35.666767120
0.981113970 0.006673994 -0.193314806 -6.250290871 -0.007549265 0.999964237 -0.003791398 -3.504628181 0.193282619 0.005179179 0.981129348 36.592437744
0.981061161 0.009095087 -0.193484306 -6.393377304 -0.010030537 0.999942243 -0.003855651 -3.594660044 0.193438098 0.005723381 0.981095731 37.498203278
0.981006563 0.009849560 -0.193724349 -6.532703400 -0.011129371 0.999922812 -0.005519114 -3.684554815 0.193655059 0.007570317 0.981040418 38.410579681
0.981171310 0.010263488 -0.192866758 -6.691136360 -0.011602714 0.999915719 -0.005815543 -3.787248135 0.192790851 0.007943822 0.981207728 39.350296021
0.981226444 0.011177454 -0.192534983 -6.836335659 -0.012606638 0.999901295 -0.006199473 -3.882816553 0.192446694 0.008510306 0.981270492 40.291786194
0.981205523 0.012176318 -0.192580998 -6.981350899 -0.013255354 0.999902785 -0.004315539 -3.979326725 0.192509785 0.006787159 0.981271565 41.227478027
0.981038392 0.013479357 -0.193343878 -7.124578476 -0.014092219 0.999899030 -0.001794792 -4.076221943 0.193300173 0.004485402 0.981129408 42.174777985
0.981295168 0.014600690 -0.191954255 -7.293579578 -0.014716058 0.999891400 0.000824700 -4.155659199 0.191945463 0.002015536 0.981403530 43.138408661
0.981351852 0.016297240 -0.191527635 -7.449976444 -0.016058059 0.999867260 0.002801004 -4.244328022 0.191547841 0.000326791 0.981483281 44.093433380
0.981227756 0.017994180 -0.192010954 -7.594063759 -0.017675860 0.999838054 0.003370767 -4.336163998 0.192040518 0.000086467 0.981387019 45.051059723
0.981493592 0.021118093 -0.190326944 -7.760727406 -0.020950500 0.999776363 0.002892841 -4.422295570 0.190345436 0.001148140 0.981716454 46.026302338
0.981725395 0.022901583 -0.188919663 -7.911401749 -0.022952924 0.999734759 0.001916366 -4.512008667 0.188913420 0.002454913 0.981990576 46.994094849
0.981924355 0.026389612 -0.187424928 -8.066322327 -0.026411148 0.999648392 0.002382732 -4.608260155 0.187421903 0.002610445 0.982275963 47.966178894
0.982150137 0.027133530 -0.186131388 -8.217023849 -0.026997929 0.999630153 0.003263687 -4.700466156 0.186151117 0.001819731 0.982519448 48.958728790
0.982546091 0.022584608 -0.184643060 -8.354217529 -0.021927189 0.999743879 0.005601868 -4.789467812 0.184722289 -0.001455390 0.982789695 49.940746307
0.983239472 0.027378518 -0.180250898 -8.510565758 -0.027253268 0.999623537 0.003171791 -4.881790161 0.180269882 0.001793795 0.983615577 50.922714233
0.984019816 0.026873628 -0.176019162 -8.651044846 -0.027423885 0.999623597 -0.000693827 -4.975435257 0.175934270 0.005509868 0.984386504 51.896736145
0.984619796 0.023141108 -0.173171610 -8.786544800 -0.024071602 0.999704897 -0.003274760 -5.074552059 0.173044682 0.007392911 0.984886229 52.897418976
0.985181689 0.023172265 -0.169941545 -8.919650078 -0.023418542 0.999725699 0.000555404 -5.167710304 0.169907734 0.003432609 0.985454023 53.891757965
0.985678554 0.026165517 -0.166591719 -9.053076744 -0.025654983 0.999657094 0.005216185 -5.264631271 0.166671112 -0.000867574 0.986012161 54.896350861
0.986384451 0.026956128 -0.162230670 -9.179565430 -0.026322689 0.999635100 0.006053084 -5.357732773 0.162334621 -0.001700321 0.986734271 55.904346466
0.987106204 0.028409630 -0.157525435 -9.300608635 -0.028147819 0.999596179 0.003893158 -5.450002670 0.157572433 0.000591038 0.987507224 56.925636292
0.988020003 0.027988102 -0.151767001 -9.419404030 -0.027445696 0.999607205 0.005667978 -5.537547112 0.151866049 -0.001434723 0.988399982 57.942108154
0.989047706 0.025746888 -0.145333171 -9.541518211 -0.024689425 0.999653995 0.009075416 -5.634887218 0.145516559 -0.005387827 0.989341140 58.965583801
0.990046978 0.023362270 -0.138784483 -9.644346237 -0.022172356 0.999702990 0.010113966 -5.732313156 0.138979569 -0.006936123 0.990270972 59.977718353
0.990908265 0.020773334 -0.132925451 -9.735959053 -0.019512719 0.999751508 0.010779412 -5.824142456 0.133116335 -0.008087674 0.991067410 60.983486176
0.991694689 0.017706821 -0.127389640 -9.823885918 -0.016365213 0.999799132 0.011570552 -5.914947987 0.127568990 -0.009389698 0.991785288 62.001644135
0.992275715 0.015607413 -0.123065606 -9.893962860 -0.013933445 0.999798477 0.014451192 -6.006343365 0.123266347 -0.012624839 0.992293298 63.000198364
0.992991626 0.015779242 -0.117126867 -9.984311104 -0.013976186 0.999771237 0.016199486 -6.086284637 0.117355675 -0.014448969 0.992984831 63.984634399
0.993480742 0.014972726 -0.113012448 -10.053272247 -0.012784521 0.999717057 0.020062512 -6.169589043 0.113280840 -0.018486911 0.993391037 64.962562561
0.993817329 0.014190987 -0.110116988 -10.115934372 -0.011473387 0.999614716 0.025273770 -6.257140636 0.110433221 -0.023854095 0.993597269 65.930801392
0.994430065 0.011125898 -0.104810350 -10.208353043 -0.008393925 0.999614298 0.026471049 -6.323755741 0.105064429 -0.025443833 0.994139910 66.923942566
0.994636178 0.006050346 -0.103257723 -10.244655609 -0.003535730 0.999693096 0.024518501 -6.413793564 0.103374362 -0.024021897 0.994352400 67.893302917
0.994816065 0.003949037 -0.101613052 -10.306406021 -0.001940296 0.999800861 0.019859789 -6.489094734 0.101671234 -0.019559678 0.994625688 68.830635071
0.994885325 -0.000365180 -0.101009637 -10.362981796 0.002096219 0.999852717 0.017031748 -6.569920063 0.100988545 -0.017156372 0.994739592 69.756553650
0.994936228 -0.003043321 -0.100462086 -10.411790848 0.004890881 0.999823272 0.018149454 -6.645524979 0.100389086 -0.018548898 0.994775355 70.700729370
0.995110750 -0.003954156 -0.098686300 -10.472022057 0.006147111 0.999740601 0.021927316 -6.723208427 0.098573983 -0.022426741 0.994876981 71.634407043
0.995172739 -0.004439048 -0.098038964 -10.522605896 0.006932430 0.999660730 0.025106587 -6.798717022 0.097894244 -0.025665034 0.994865775 72.540344238
0.995298624 -0.005551783 -0.096693508 -10.581214905 0.008130123 0.999621272 0.026291536 -6.864059925 0.096510924 -0.026954060 0.994966924 73.434829712
0.995232880 -0.005264529 -0.097384669 -10.620502472 0.008028246 0.999575436 0.028009351 -6.933362961 0.097195871 -0.028657660 0.994852602 74.328422546
0.995199442 -0.004743316 -0.097752266 -10.666800499 0.007687076 0.999527574 0.029759917 -6.992163658 0.097564928 -0.030368485 0.994765759 75.200363159
0.995237708 -0.004755728 -0.097361296 -10.722995758 0.007697765 0.999524236 0.029864442 -7.059254169 0.097172953 -0.030471677 0.994800985 76.067100525
0.995176136 -0.006173423 -0.097909957 -10.777263641 0.009105894 0.999522388 0.029532164 -7.134517670 0.097680882 -0.030281261 0.994756937 76.922554016
0.995117843 -0.007725142 -0.098391101 -10.827100754 0.010485802 0.999564767 0.027571879 -7.198640823 0.098135278 -0.028468978 0.994765759 77.755775452
0.995015800 -0.009699628 -0.099244557 -10.872423172 0.012273211 0.999603271 0.025354136 -7.257537842 0.098959252 -0.026445817 0.994739950 78.594421387
0.994871736 -0.011608433 -0.100475654 -10.918764114 0.014213860 0.999580026 0.025254011 -7.323778629 0.100140303 -0.026552655 0.994618952 79.422340393
0.994787931 -0.011974603 -0.101259381 -10.964090347 0.014797200 0.999521315 0.027169921 -7.384494781 0.100885555 -0.028526666 0.994489014 80.216453552
0.994693875 -0.012469744 -0.102120653 -11.012886047 0.015742728 0.999385774 0.031307161 -7.447003841 0.101667538 -0.032748699 0.994279206 81.015998840
0.994572282 -0.013346171 -0.103188075 -11.058631897 0.017138094 0.999206603 0.035948861 -7.499889374 0.102626443 -0.037522186 0.994011998 81.782539368
0.994471192 -0.011746324 -0.104350932 -11.107440948 0.016082089 0.999037623 0.040806096 -7.551805496 0.103771210 -0.042258672 0.993703067 82.518974304
0.994354188 -0.009355460 -0.105698898 -11.155246735 0.013788188 0.999052286 0.041284714 -7.601250648 0.105212495 -0.042509027 0.993540823 83.232589722
0.994226754 -0.004009768 -0.107225254 -11.212731361 0.008389657 0.999147236 0.040427722 -7.650492191 0.106971711 -0.041093901 0.993412495 83.900550842
0.993966162 0.000521087 -0.109685220 -11.263875008 0.004025348 0.999141812 0.041224346 -7.690753937 0.109612577 -0.041417122 0.993111074 84.554512024
0.993553817 0.004004859 -0.113290906 -11.315450668 0.000722674 0.999131739 0.041657344 -7.728992462 0.113359377 -0.041470680 0.992688179 85.158592224
0.992918730 0.008133687 -0.118516669 -11.380372047 -0.003039118 0.999065936 0.043103591 -7.775006771 0.118756577 -0.042438172 0.992016017 85.739440918
0.991859198 0.013822285 -0.126586750 -11.441695213 -0.008026919 0.998900950 0.046177980 -7.811801910 0.127085939 -0.044785954 0.990880013 86.292129517
0.990551233 0.019840134 -0.135700405 -11.523884773 -0.013533681 0.998791873 0.047239088 -7.841512203 0.136473715 -0.044956196 0.989623070 86.818618774
0.988776445 0.025751529 -0.147166207 -11.597012520 -0.018812863 0.998653412 0.048347607 -7.871499538 0.148213074 -0.045036357 0.987929463 87.304901123
0.986580074 0.030409977 -0.160421401 -11.677529335 -0.022631837 0.998488128 0.050092340 -7.897988319 0.161702186 -0.045789473 0.985776603 87.776817322
0.983911574 0.035096716 -0.175174966 -11.774496078 -0.026460746 0.998327732 0.051394321 -7.924174786 0.176685780 -0.045932204 0.983195007 88.225471497
0.980548680 0.038216814 -0.192519397 -11.864988327 -0.028405229 0.998165369 0.053469863 -7.943706036 0.194209635 -0.046961248 0.979835272 88.654296875
0.976254582 0.041005865 -0.212709695 -11.958277702 -0.029907973 0.998031020 0.055133004 -7.976945400 0.214551672 -0.047462132 0.975558758 89.080650330
0.970705032 0.041960862 -0.236581981 -12.068801880 -0.029708080 0.998037636 0.055121414 -7.998221874 0.238430679 -0.046478238 0.970046639 89.473297119
0.963793635 0.042729907 -0.263203263 -12.205632210 -0.029296238 0.998069942 0.054755799 -8.016477585 0.265034974 -0.045062426 0.963185251 89.860046387
0.954889715 0.043907974 -0.293696523 -12.341963768 -0.028614076 0.998010933 0.056171458 -8.032066345 0.295578748 -0.045233689 0.954246879 90.229812622
0.944505095 0.049056761 -0.324813157 -12.506750107 -0.031258460 0.997721314 0.059791934 -8.049835205 0.327006161 -0.046320625 0.943886280 90.591239929
0.932752609 0.055573855 -0.356208026 -12.652894974 -0.035075266 0.997349024 0.063754819 -8.068293571 0.358806849 -0.046973385 0.932229161 90.946083069
0.920427263 0.063181385 -0.385774374 -12.826847076 -0.040379651 0.996940017 0.066934273 -8.074495316 0.388822883 -0.046030708 0.920162022 91.281761169
0.907054484 0.069000207 -0.415320545 -13.011053085 -0.043880869 0.996599853 0.069737121 -8.084852219 0.418720216 -0.045030754 0.906998217 91.600395203
0.892634213 0.073227420 -0.444794357 -13.211669922 -0.045368884 0.996301353 0.072974786 -8.095341682 0.448492974 -0.044959977 0.892654836 91.917594910
0.877038181 0.077426203 -0.474140584 -13.404190063 -0.046306241 0.995956481 0.076983064 -8.114626884 0.478183925 -0.045561422 0.877077162 92.219024658
0.860535979 0.080443084 -0.502997518 -13.623687744 -0.046819612 0.995762527 0.079149984 -8.106601715 0.507233202 -0.044561274 0.860656023 92.513038635
0.841750681 0.083452418 -0.533377230 -13.835145950 -0.046542607 0.995519578 0.082308032 -8.115169525 0.537856400 -0.044458091 0.841863394 92.803558350
0.822393358 0.086002655 -0.562381208 -14.076004028 -0.046293601 0.995346069 0.084517114 -8.114121437 0.567032814 -0.043471660 0.822547376 93.089988708
0.801733911 0.090065472 -0.590855896 -14.341384888 -0.047011852 0.995020807 0.087882705 -8.110534668 0.595829248 -0.042681329 0.801976323 93.366729736
0.778317869 0.096527889 -0.620405972 -14.601482391 -0.049284536 0.994455397 0.092896625 -8.118883133 0.625933230 -0.041726682 0.778759718 93.654724121
0.754034758 0.101970650 -0.648871005 -14.888385773 -0.050385877 0.993944824 0.097647324 -8.113265991 0.654899120 -0.040935535 0.754606843 93.932571411
0.727681577 0.106810354 -0.677547753 -15.189460754 -0.051532630 0.993522823 0.101275802 -8.113267899 0.683976412 -0.038780730 0.728472590 94.209091187
0.699252367 0.108903438 -0.706531048 -15.511211395 -0.050723940 0.993395627 0.102918841 -8.114707947 0.713073075 -0.036128208 0.700158298 94.471969604
0.668538451 0.108657546 -0.735696912 -15.852279663 -0.047998894 0.993510365 0.103117585 -8.103380203 0.742126942 -0.033625439 0.669415414 94.744613647
0.636086583 0.107542858 -0.764086664 -16.210781097 -0.043323252 0.993655443 0.103788249 -8.104268074 0.770400584 -0.032915603 0.636710048 95.011802673
0.601572692 0.103367455 -0.792101979 -16.610115051 -0.037319273 0.994146466 0.101391166 -8.081995964 0.797945857 -0.031433482 0.601908863 95.277328491
0.564443350 0.102173418 -0.819124162 -17.023212433 -0.033240739 0.994318664 0.101120725 -8.076996803 0.824802279 -0.029848622 0.564632773 95.524696350
0.525924206 0.106545508 -0.843831658 -17.475547791 -0.034604296 0.993981719 0.103936672 -8.071372986 0.849827230 -0.025462596 0.526445925 95.751770020
0.486016363 0.110299617 -0.866961479 -17.943450928 -0.037708081 0.993726671 0.105288342 -8.050668716 0.873135865 -0.018480387 0.487126440 95.966842651
0.445057929 0.111184180 -0.888572812 -18.443302155 -0.037481114 0.993705690 0.105566040 -8.039798737 0.894717038 -0.013678291 0.446423769 96.174118042
0.402885139 0.111797750 -0.908396840 -18.970119476 -0.034902204 0.993666530 0.106812462 -8.034944534 0.914584756 -0.011328080 0.404235363 96.382110596
0.359615952 0.112831511 -0.926253438 -19.513885498 -0.030617127 0.993554473 0.109142743 -8.018533707 0.932597995 -0.010890249 0.360752642 96.565574646
0.315234065 0.115164287 -0.942000389 -20.086290359 -0.027019959 0.993296385 0.112393424 -8.005319595 0.948629260 -0.009977427 0.316232562 96.730384827
0.270433217 0.116850294 -0.955621183 -20.695516586 -0.025582645 0.993128717 0.114196889 -7.991823196 0.962398827 -0.006435312 0.271564275 96.878173828
0.227196395 0.118529938 -0.966608763 -21.320974350 -0.025112856 0.992948413 0.115857162 -7.981016636 0.973525167 -0.002048016 0.228570893 97.004074097
0.185755804 0.120294213 -0.975204647 -21.959655762 -0.025828784 0.992732644 0.117536500 -7.972185612 0.982256532 0.003355268 0.187512800 97.111839294
0.148174345 0.121517062 -0.981467307 -22.606285095 -0.028365968 0.992536306 0.118605055 -7.943811417 0.988554358 0.010266040 0.150515363 97.166595459
0.113161422 0.123645902 -0.985853016 -23.288202286 -0.029675854 0.992204368 0.121036157 -7.942929745 0.993133307 0.015559409 0.115948558 97.237655640
0.082420066 0.124636710 -0.988773286 -23.964361191 -0.029595479 0.992017388 0.122578688 -7.923104286 0.996158063 0.019160282 0.085450813 97.288215637
0.056180932 0.126053050 -0.990431428 -24.654060364 -0.029543433 0.991773665 0.124548070 -7.902709007 0.997983336 0.022263518 0.059442811 97.315826416
0.032622054 0.128344208 -0.991193056 -25.363153458 -0.028527200 0.991436422 0.127436846 -7.886814594 0.999060571 0.024118710 0.036003985 97.345367432
0.012397833 0.129492447 -0.991502941 -26.075189590 -0.028167203 0.991230905 0.129104733 -7.867033005 0.999526203 0.026327245 0.015936561 97.365959167
-0.005308236 0.129640996 -0.991546690 -26.817447662 -0.026328912 0.991198897 0.129736468 -7.850318909 0.999639273 0.026795020 -0.001848209 97.380416870
-0.020372434 0.127636701 -0.991611600 -27.552612305 -0.022769000 0.991501153 0.128090248 -7.828778267 0.999533176 0.025187518 -0.017293131 97.380867004
-0.033370480 0.124854587 -0.991613686 -28.292835236 -0.021562727 0.991845429 0.125609383 -7.814947605 0.999210358 0.025573542 -0.030406153 97.368774414
-0.045964960 0.123335548 -0.991299927 -29.051517487 -0.018588016 0.992071390 0.124293409 -7.792452812 0.998770058 0.024139440 -0.043307956 97.364715576
-0.055181775 0.124084227 -0.990736067 -29.833354950 -0.017162468 0.991983473 0.125196368 -7.772029400 0.998328865 0.023912035 -0.052609820 97.322448730
-0.063518621 0.126545131 -0.989925086 -30.618473053 -0.016437905 0.991660893 0.127821743 -7.751866341 0.997845173 0.024391359 -0.060908791 97.323913574
-0.068032429 0.128018722 -0.989435613 -31.399633408 -0.015932513 0.991467476 0.129377142 -7.728831291 0.997555733 0.024566036 -0.065412283 97.297676086
-0.071390249 0.127164558 -0.989309132 -32.193008423 -0.016602198 0.991551101 0.128650755 -7.707684517 0.997310221 0.025609119 -0.068675868 97.268615723
-0.073469281 0.127222940 -0.989149392 -32.999561310 -0.016782766 0.991531730 0.128775865 -7.687097549 0.997156262 0.026061730 -0.070711970 97.239639282
-0.074789256 0.126693308 -0.989118457 -33.822441101 -0.017449958 0.991578341 0.128327787 -7.649313927 0.997046590 0.026857616 -0.071948610 97.204002380
-0.076419786 0.128117070 -0.988810420 -34.658592224 -0.016147736 0.991421342 0.129703343 -7.634429455 0.996944964 0.025878949 -0.073695406 97.166618347
-0.078226663 0.129317969 -0.988512754 -35.468254089 -0.015978791 0.991261184 0.130942032 -7.613796711 0.996807575 0.026038388 -0.075476706 97.133819580
-0.080389291 0.130307585 -0.988209248 -36.285778046 -0.015585209 0.991132438 0.131960869 -7.592772484 0.996641636 0.026009688 -0.077645563 97.106452942
-0.081877664 0.130928725 -0.988004982 -37.113403320 -0.014628233 0.991068840 0.132547021 -7.569942474 0.996535003 0.025305405 -0.079231143 97.061614990
-0.083041549 0.130025044 -0.988027096 -37.925170898 -0.013665467 0.991209686 0.131592438 -7.547930717 0.996452451 0.024429491 -0.080534749 97.010673523
-0.084438503 0.127711460 -0.988210559 -38.753395081 -0.012908840 0.991528809 0.129243314 -7.528952599 0.996345043 0.023669763 -0.082074605 96.965309143
-0.086499073 0.125637770 -0.988298059 -39.564193726 -0.011433551 0.991825640 0.127086923 -7.507683754 0.996186256 0.022292653 -0.084355511 96.932212830
-0.088337459 0.125695661 -0.988128126 -40.379447937 -0.011482957 0.991811812 0.127190784 -7.490298271 0.996024370 0.022582343 -0.086170785 96.886207581
-0.089904524 0.126024127 -0.987944901 -41.194805145 -0.010111363 0.991795361 0.127435461 -7.469693661 0.995899022 0.021446491 -0.087892607 96.833168030
-0.090527594 0.124782659 -0.988045573 -41.996765137 -0.011144058 0.991930246 0.126294300 -7.447721481 0.995831549 0.022443954 -0.088406488 96.780822754
-0.090619579 0.124808624 -0.988033831 -42.793975830 -0.012692572 0.991890490 0.126459897 -7.429219723 0.995804667 0.024000434 -0.088300548 96.733078003
-0.089834057 0.122521579 -0.988391876 -43.581615448 -0.014697514 0.992133200 0.124321207 -7.416675568 0.995848179 0.025695179 -0.087326579 96.685157776
-0.087943032 0.120512985 -0.988808811 -44.351509094 -0.016300712 0.992347717 0.122394055 -7.411322594 0.995992064 0.026881993 -0.085305624 96.641815186
-0.086184666 0.115668342 -0.989541829 -45.113487244 -0.017110027 0.992919207 0.117553346 -7.392922878 0.996132255 0.027062388 -0.083595321 96.612632751
-0.083320357 0.113145426 -0.990078688 -45.858791351 -0.017567303 0.993212163 0.114981905 -7.384719372 0.996367931 0.026973344 -0.080767132 96.581550598
-0.081092365 0.112637505 -0.990321636 -46.593494415 -0.017968366 0.993267357 0.114443868 -7.374398232 0.996544600 0.027074985 -0.078522481 96.552947998
-0.079138130 0.111391000 -0.990620673 -47.309028625 -0.019020777 0.993387640 0.113221675 -7.381974697 0.996682167 0.027802520 -0.076496109 96.529129028
-0.076581344 0.107411474 -0.991260827 -48.005931854 -0.021959007 0.993757606 0.109378487 -7.383784771 0.996821404 0.030143455 -0.073744640 96.500885010
-0.073236845 0.101300538 -0.992156565 -48.687744141 -0.026673730 0.994273305 0.103485607 -7.386211395 0.996957839 0.034043472 -0.070115365 96.470458984
-0.069257230 0.094188899 -0.993142426 -49.344993591 -0.031521391 0.994829237 0.096547022 -7.387783527 0.997100711 0.037991811 -0.065930136 96.449394226
-0.063897625 0.091460839 -0.993756473 -50.009757996 -0.037411906 0.994871914 0.093969032 -7.407898426 0.997254968 0.043182719 -0.060148232 96.430168152
-0.057039276 0.091476962 -0.994172215 -50.650627136 -0.041974805 0.994693279 0.093933150 -7.407839775 0.997489274 0.047088068 -0.052896865 96.412666321
-0.048960324 0.095177725 -0.994255543 -51.269363403 -0.046048678 0.994175732 0.097437665 -7.420094490 0.997738719 0.050554734 -0.044292368 96.406829834
-0.039973788 0.095370084 -0.994638920 -51.874603271 -0.052149329 0.993878782 0.097393043 -7.426190376 0.997838914 0.055762917 -0.034755625 96.408454895
-0.029250093 0.092667982 -0.995267391 -52.447036743 -0.061037127 0.993669629 0.094313063 -7.436830997 0.997706890 0.063506924 -0.023408763 96.411743164
-0.016541295 0.085879005 -0.996168256 -53.008213043 -0.071326919 0.993664861 0.086847574 -7.431335449 0.997315884 0.072490178 -0.010311030 96.438293457
-0.003582246 0.082781792 -0.996561289 -53.481655121 -0.078507759 0.993468463 0.082807094 -7.483829975 0.996907055 0.078534409 0.002940165 96.476570129
0.013316730 0.080315642 -0.996680617 -53.986511230 -0.082350411 0.993470907 0.078956723 -7.491081715 0.996514499 0.081025593 0.019843807 96.504531860
0.030788846 0.081713714 -0.996180177 -54.478092194 -0.082501896 0.993459523 0.078940682 -7.496500015 0.996115148 0.079756252 0.037329007 96.558311462
0.048546541 0.085630000 -0.995143592 -54.954761505 -0.084793299 0.993075013 0.081315510 -7.514822960 0.995215297 0.080433927 0.055471208 96.621315002
0.066516012 0.089479901 -0.993765056 -55.393493652 -0.086982787 0.992699087 0.083561890 -7.523914814 0.993986785 0.080882244 0.073813587 96.687713623
0.085950941 0.095709532 -0.991691589 -55.814529419 -0.091118932 0.991958559 0.087837949 -7.542663097 0.992123902 0.082812108 0.093980730 96.750442505
0.105890341 0.098700427 -0.989467323 -56.228046417 -0.095149852 0.991501510 0.088720649 -7.553158283 0.989814997 0.084753014 0.114381753 96.848793030
0.129288927 0.101532929 -0.986395121 -56.622634888 -0.099077500 0.991088867 0.089029782 -7.585149288 0.986644745 0.086219005 0.138196483 96.934097290
0.154236510 0.100956917 -0.982862532 -57.014827728 -0.098140396 0.991411865 0.086434320 -7.593360901 0.983147740 0.083127186 0.162819907 97.040306091
0.180984855 0.102768816 -0.978101790 -57.403942108 -0.095307387 0.991677344 0.086559832 -7.602863312 0.978856981 0.077554308 0.189273193 97.164733887
0.208395466 0.105069824 -0.972384512 -57.781517029 -0.091680206 0.991933763 0.087533854 -7.609915257 0.973738134 0.070906758 0.216347337 97.302093506
0.237893552 0.105056882 -0.965592921 -58.158008575 -0.088898733 0.992315590 0.086062297 -7.620701790 0.967214346 0.065366305 0.245404929 97.432289124
0.266020894 0.102943964 -0.958454788 -58.500339508 -0.086018816 0.992849886 0.082763545 -7.642715931 0.960121632 0.060428310 0.272973984 97.588897705
0.294577181 0.101315439 -0.950241864 -58.845016479 -0.086145312 0.993130922 0.079183064 -7.656828880 0.951736927 0.058533352 0.301281571 97.756195068
0.325559974 0.102181710 -0.939983845 -59.183349609 -0.087577075 0.993128538 0.077626854 -7.681200981 0.941456854 0.057048846 0.332271665 97.910644531
0.353220582 0.102686428 -0.929887474 -59.491683960 -0.091364801 0.992992818 0.074949920 -7.697939396 0.931068003 0.058485128 0.360127479 98.110092163
0.382531226 0.092912115 -0.919259071 -59.809173584 -0.086313598 0.994173586 0.064566262 -7.684729576 0.919902086 0.054645929 0.388321996 98.317871094
0.412315786 0.086108357 -0.906962574 -60.104755402 -0.082133926 0.994982719 0.057126090 -7.701544285 0.907331169 0.050938416 0.417319447 98.520507812
0.441631049 0.078393146 -0.893765390 -60.393924713 -0.075957492 0.995865881 0.049816068 -7.723362923 0.893975735 0.045887861 0.445759833 98.735244751
0.471690834 0.074216835 -0.878635108 -60.692314148 -0.070716843 0.996425748 0.046202462 -7.742940426 0.878923774 0.040341016 0.475253314 98.959518433
0.500270665 0.072395816 -0.862837195 -60.978569031 -0.067760356 0.996715784 0.044341560 -7.764764786 0.863213718 0.036283374 0.503533185 99.213935852
0.529808164 0.070712596 -0.845164478 -61.274063110 -0.066821776 0.996900678 0.041519403 -7.780765057 0.845481038 0.034478080 0.532891273 99.469779968
0.559524179 0.070914835 -0.825774670 -61.555290222 -0.068126366 0.996896446 0.039449528 -7.804178715 0.826009393 0.034184068 0.562618792 99.731552124
0.593639553 0.075600721 -0.801172018 -61.897701263 -0.072088450 0.996570587 0.040624108 -7.845683098 0.801495552 0.033639174 0.597053647 99.983833313
0.623351097 0.075835779 -0.778256059 -62.177795410 -0.071329646 0.996650994 0.039984792 -7.873302460 0.778681934 0.030588172 0.626672745 100.286178589
0.654511571 0.075511336 -0.752271712 -62.452957153 -0.070191823 0.996771514 0.038983505 -7.902701378 0.752786696 0.027288184 0.657698631 100.609481812
0.686526418 0.073534608 -0.723376870 -62.727737427 -0.068982966 0.996972442 0.035878047 -7.925477028 0.723825097 0.025269475 0.689520597 100.954124451
0.718280077 0.068838857 -0.692340374 -62.985824585 -0.064885616 0.997384191 0.031852461 -7.955941200 0.692722023 0.022043956 0.720867693 101.322174072
0.749713778 0.065424174 -0.658520281 -63.237415314 -0.061483327 0.997683108 0.029122410 -7.990675926 0.658899844 0.018654544 0.751999319 101.706939697
0.780461907 0.062267493 -0.622094750 -63.473365784 -0.058088347 0.997945964 0.027011687 -8.026695251 0.622498810 0.015054865 0.782475829 102.120597839
0.810411334 0.061057437 -0.582670867 -63.711135864 -0.056690689 0.998059988 0.025737008 -8.058897972 0.583111882 0.012174449 0.812300563 102.558456421
0.838994741 0.059255149 -0.540903509 -63.923969269 -0.054794684 0.998200536 0.024359353 -8.096628189 0.541373551 0.009201269 0.840731800 103.016929626
0.865492165 0.056539182 -0.497721374 -64.104804993 -0.052143522 0.998380721 0.022739246 -8.129886627 0.498201162 0.006272313 0.867038786 103.497856140
0.889866292 0.053238191 -0.453104287 -64.281646729 -0.047903124 0.998581409 0.023251330 -8.173126221 0.453699380 0.001014535 0.891154170 104.008293152
0.910854816 0.046336692 -0.410117596 -64.430595398 -0.040622599 0.998918056 0.022640511 -8.207406998 0.410723001 -0.003962177 0.911751568 104.542655945
0.928581238 0.040966146 -0.368861198 -64.575363159 -0.034411777 0.999111593 0.024333287 -8.258253098 0.369530350 -0.009902259 0.929165840 105.092887878
0.943154931 0.036029670 -0.330394596 -64.709342957 -0.029103827 0.999241054 0.025886975 -8.301814079 0.331076592 -0.014799684 0.943487763 105.672897339
0.954682589 0.031720042 -0.295930445 -64.822723389 -0.024907364 0.999331355 0.026763745 -8.340724945 0.296581596 -0.018180039 0.954834461 106.266677856
0.964277208 0.028936805 -0.263310015 -64.932594299 -0.022518616 0.999371946 0.027361089 -8.390041351 0.263936371 -0.020454297 0.964323163 106.871086121
0.972133279 0.024875898 -0.233105361 -65.030708313 -0.019077046 0.999450684 0.027098503 -8.435445786 0.233651429 -0.021896394 0.972073853 107.500427246
0.978324890 0.019648906 -0.206141695 -65.109764099 -0.014509516 0.999545753 0.026413698 -8.477307320 0.206567094 -0.022850160 0.978165567 108.154182434
0.983157873 0.015000840 -0.182141647 -65.176132202 -0.010523084 0.999618828 0.025525572 -8.521503448 0.182455137 -0.023178976 0.982940912 108.814651489
0.986859858 0.009727637 -0.161285490 -65.242706299 -0.005699165 0.999660492 0.025421131 -8.566023827 0.161478043 -0.024167905 0.986580312 109.496704102
0.989345729 0.004846841 -0.145504564 -65.285140991 -0.001208073 0.999684513 0.025085876 -8.611676216 0.145580277 -0.024642823 0.989039421 110.197517395
0.990938902 0.000154011 -0.134313226 -65.329803467 0.003267067 0.999675751 0.025250120 -8.658725739 0.134273589 -0.025460131 0.990617156 110.897895813
0.992043495 -0.003383245 -0.125850916 -65.387527466 0.006826732 0.999613643 0.026940430 -8.707255363 0.125711158 -0.027585225 0.991683304 111.625076294
0.992669404 -0.006802946 -0.120669931 -65.435173035 0.010503786 0.999493062 0.030059604 -8.755201340 0.120404251 -0.031106750 0.992237449 112.383338928
0.992953002 -0.010856582 -0.118010357 -65.481216431 0.014544958 0.999430835 0.030438475 -8.804486275 0.117612727 -0.031940434 0.992545724 113.135406494
0.993070781 -0.013133552 -0.116781086 -65.542243958 0.016557466 0.999459743 0.028397424 -8.856996536 0.116345033 -0.030134255 0.992751598 113.901733398
0.992979944 -0.013552605 -0.117503911 -65.602302551 0.016354935 0.999603570 0.022917466 -8.914435387 0.117146738 -0.024678357 0.992807984 114.669525146
0.992715299 -0.014627358 -0.119592525 -65.665702820 0.016722981 0.999723434 0.016538229 -8.968236923 0.119317532 -0.018417703 0.992685318 115.468421936
0.992485404 -0.016214527 -0.121284276 -65.742301941 0.018228188 0.999713421 0.015511736 -9.023181915 0.120998017 -0.017605962 0.992496610 116.279754639
0.992312312 -0.016693581 -0.122627527 -65.811111450 0.019366693 0.999599397 0.020639038 -9.079118729 0.122233875 -0.022855263 0.992238104 117.116348267
0.992204309 -0.015505198 -0.123653732 -65.886291504 0.019220302 0.999397278 0.028908275 -9.136995316 0.123130940 -0.031059569 0.991904259 117.955284119
0.992006540 -0.016044907 -0.125163019 -65.961677551 0.020286262 0.999259770 0.032685958 -9.192626953 0.124545902 -0.034963772 0.991597593 118.822105408
0.991649806 -0.018880120 -0.127570271 -66.035324097 0.023161132 0.999214411 0.032158330 -9.249868393 0.126862898 -0.034844480 0.991308033 119.679725647
0.991084278 -0.023454882 -0.131155670 -66.115417480 0.027359597 0.999232054 0.028049082 -9.311393738 0.130397066 -0.031387363 0.990964949 120.564773560
0.990344644 -0.026681792 -0.136034429 -66.197128296 0.030085279 0.999282122 0.023024745 -9.370325089 0.135322452 -0.026895065 0.990436614 121.453010559
0.989783287 -0.024992861 -0.140372008 -66.295158386 0.027876154 0.999438047 0.018611534 -9.434764862 0.139827952 -0.022334410 0.989923894 122.359695435
0.989318609 -0.020824900 -0.144273698 -66.401351929 0.023457756 0.999587417 0.016571900 -9.501730919 0.143869087 -0.019779222 0.989399135 123.273056030
0.988678396 -0.020008687 -0.148710087 -66.499114990 0.023094347 0.999551654 0.019051572 -9.558685303 0.148262233 -0.022270236 0.988697290 124.212814331
0.987951577 -0.017986553 -0.153714910 -66.606262207 0.021853065 0.999484837 0.023501161 -9.632385254 0.153213039 -0.026577147 0.987835705 125.154838562
0.987254739 -0.017171310 -0.158219025 -66.727783203 0.021993369 0.999343812 0.028776638 -9.694938660 0.157621101 -0.031889640 0.986984611 126.093421936
0.986575961 -0.019567138 -0.162127152 -66.855529785 0.024779640 0.999237001 0.030191038 -9.762178421 0.161412701 -0.033803202 0.986307919 127.076408386
0.985708594 -0.019408222 -0.167337790 -66.975860596 0.025135655 0.999166071 0.032176774 -9.825923920 0.166573763 -0.035923071 0.985374451 128.042953491
0.985229075 -0.019649677 -0.170110270 -67.111450195 0.025081903 0.999239922 0.029843464 -9.888156891 0.169394523 -0.033669341 0.984973073 129.017028809
0.984737396 -0.019463381 -0.172954962 -67.235275269 0.024911651 0.999257684 0.029386252 -9.949724197 0.172254637 -0.033246342 0.984491229 130.017105103
0.984813333 -0.018373048 -0.172641560 -67.386962891 0.023678757 0.999307096 0.028723342 -10.018620491 0.171994165 -0.032375075 0.984565794 131.014358521
0.984907627 -0.016837480 -0.172259346 -67.526954651 0.021855270 0.999389172 0.027274176 -10.080608368 0.171694875 -0.030627325 0.984673917 132.018112183
0.984909415 -0.015161819 -0.172404885 -67.663696289 0.019743079 0.999495327 0.024888957 -10.154824257 0.171940476 -0.027917176 0.984711647 133.019912720
0.985060394 -0.015032557 -0.171551675 -67.809173584 0.019540928 0.999505758 0.024621561 -10.225967407 0.171096742 -0.027606001 0.984867394 134.061798096
0.985105634 -0.016593628 -0.171147496 -67.939498901 0.021582348 0.999393463 0.027329255 -10.296268463 0.170590177 -0.030615967 0.984866261 135.101165771
