1.000000000 0.000000000 0.000000000 0.000000000 0.000000000 1.000000000 0.000000000 0.000000000 0.000000000 0.000000000 1.000000000 0.000000000
0.999346375 0.008611621 -0.035109714 -0.054599691 -0.008667655 0.999961376 -0.001444070 -0.019659214 0.035095923 0.001747445 0.999382436 0.198893771
0.997448146 0.016961401 -0.069351003 -0.117722757 -0.017134797 0.999851346 -0.001906105 -0.036864713 0.069308363 0.003089556 0.997590482 0.409090579
0.994555652 0.019849420 -0.102298751 -0.178155392 -0.020038087 0.999798894 -0.000816877 -0.056434367 0.102261961 0.002862301 0.994753361 0.635366142
0.990740538 0.022009861 -0.133973077 -0.242412418 -0.021914093 0.999757469 0.002189561 -0.080183215 0.133988768 0.000766612 0.990982533 0.869886518
0.986272037 0.024901289 -0.163240403 -0.317654133 -0.024697747 0.999689579 0.003276536 -0.101197295 0.163271323 0.000800114 0.986580908 1.115435839
0.981271744 0.028852556 -0.190455094 -0.392037928 -0.028615087 0.999582529 0.003997424 -0.122533329 0.190490901 0.001527331 0.981687784 1.356266022
0.976204693 0.027893525 -0.215049684 -0.470087677 -0.027883958 0.999606550 0.003078784 -0.146658987 0.215050936 0.002990913 0.976598203 1.619306326
0.971327364 0.028507641 -0.236030594 -0.546270251 -0.028566644 0.999586940 0.003170321 -0.168488353 0.236023456 0.003663184 0.971740425 1.893519878
0.967137873 0.031055883 -0.252348840 -0.639469326 -0.030906713 0.999511898 0.004555882 -0.191544518 0.252367109 0.003393106 0.967625618 2.176287174
0.963457644 0.037720863 -0.265191495 -0.735228240 -0.036844250 0.999286652 0.008281117 -0.217513591 0.265314728 0.001792275 0.964160204 2.476762295
0.960305870 0.043724183 -0.275500566 -0.835824788 -0.042082075 0.999043643 0.011871845 -0.248761192 0.275756150 0.000193031 0.961227596 2.783552170
0.957915962 0.047273699 -0.283129066 -0.933705509 -0.045576036 0.998881638 0.012583728 -0.273272574 0.283407271 0.000849745 0.958999276 3.099497318
0.956627369 0.049875174 -0.287012786 -1.031724691 -0.048193473 0.998754442 0.012925712 -0.299971282 0.287299871 0.001467052 0.957839489 3.433965445
0.956173301 0.050817240 -0.288357615 -1.126225591 -0.048672512 0.998708010 0.014607646 -0.328944564 0.288727343 0.000067649 0.957411349 3.781742096
0.956283987 0.049568392 -0.288207948 -1.223819256 -0.047134172 0.998770118 0.015383946 -0.363808781 0.288616061 -0.001126975 0.957444251 4.141761303
0.957111180 0.047126040 -0.285862476 -1.314752102 -0.044748299 0.998887956 0.014848170 -0.400773376 0.286244363 -0.001419487 0.958155572 4.514159679
0.958306551 0.045876738 -0.282035619 -1.407410264 -0.043234009 0.998943269 0.015589613 -0.433737099 0.282452792 -0.002746092 0.959277272 4.904370785
0.959853292 0.045155905 -0.276843786 -1.500182509 -0.042418856 0.998973906 0.015870633 -0.466725022 0.277276367 -0.003490082 0.960783899 5.310921192
0.962005913 0.044862073 -0.269317627 -1.597863317 -0.041910041 0.998981655 0.016703987 -0.503230214 0.269792765 -0.004782218 0.962906539 5.734268188
0.964408994 0.046668794 -0.260263979 -1.688904285 -0.043523200 0.998893082 0.017839462 -0.538812995 0.260808438 -0.005877014 0.965372741 6.167959690
0.967180312 0.045043360 -0.250066429 -1.776607394 -0.041802727 0.998958945 0.018257925 -0.574551344 0.250628561 -0.007205245 0.968056500 6.620825768
0.970124781 0.045368847 -0.238326147 -1.867514610 -0.041914999 0.998930037 0.019542605 -0.612153947 0.238957763 -0.008969324 0.970988572 7.089177608
0.973074555 0.044541534 -0.226145878 -1.948206425 -0.040848192 0.998944938 0.020987354 -0.647199214 0.226842090 -0.011184606 0.973867297 7.565797329
0.975932837 0.039864998 -0.214396626 -2.017098665 -0.036100131 0.999117970 0.021448731 -0.687026381 0.215062574 -0.013192773 0.976511180 8.057038307
0.978639603 0.036165606 -0.202377319 -2.085184336 -0.032511409 0.999243259 0.021352610 -0.730214357 0.202996403 -0.014316935 0.979074717 8.561135292
0.981270730 0.031782225 -0.189993829 -2.145521641 -0.028602574 0.999401569 0.019455068 -0.773215771 0.190498412 -0.013656377 0.981592476 9.082622528
0.983689070 0.028035866 -0.177679211 -2.205084562 -0.025308710 0.999524772 0.017597167 -0.817956626 0.178088129 -0.012813308 0.983931124 9.616727829
0.985679090 0.022361334 -0.167142674 -2.263534069 -0.019714711 0.999652982 0.017477235 -0.863274574 0.167475477 -0.013931777 0.985777795 10.162678719
0.986947596 0.015242361 -0.160318866 -2.314993382 -0.012480675 0.999756098 0.018219136 -0.907171667 0.160557494 -0.015980447 0.986897111 10.715212822
0.987510264 0.007938453 -0.157354191 -2.366771460 -0.005062273 0.999812901 0.018670743 -0.955271661 0.157472968 -0.017640982 0.987365782 11.283898354
0.987729609 0.000380722 -0.156173334 -2.426187754 0.002724363 0.999802828 0.019667774 -1.013726115 0.156149969 -0.019851914 0.987533808 11.873524666
0.987574399 -0.004494408 -0.157087997 -2.487087965 0.007873253 0.999750674 0.020893613 -1.061655998 0.156954914 -0.021870786 0.987363577 12.459311485
0.987045705 -0.009873980 -0.160135210 -2.556893349 0.013344663 0.999698520 0.020612521 -1.108603716 0.159883410 -0.022482447 0.986879885 13.066939354
0.985948801 -0.013691062 -0.166485950 -2.634461641 0.017276319 0.999648571 0.020105664 -1.164663553 0.166152179 -0.022699416 0.985838830 13.673346519
0.984319091 -0.015647510 -0.175701886 -2.722781897 0.019277306 0.999634206 0.018970955 -1.216871381 0.175340727 -0.022060534 0.984260678 14.288555145
0.982757688 -0.019263759 -0.183892295 -2.816258907 0.022431396 0.999633372 0.015160644 -1.276294947 0.183532819 -0.019024201 0.982829452 14.922215462
0.981520176 -0.020878453 -0.190216124 -2.914313555 0.023411147 0.999664545 0.011077211 -1.325157881 0.189921051 -0.015325688 0.981679738 15.555915833
0.980304122 -0.019575756 -0.196521223 -3.022506237 0.022064764 0.999701560 0.010483681 -1.380612850 0.196257323 -0.014613388 0.980443537 16.199502945
0.978961945 -0.019246178 -0.203132659 -3.135958195 0.022036443 0.999691129 0.011483174 -1.433452845 0.202848926 -0.015717911 0.979083896 16.855220795
0.977619231 -0.018415838 -0.209574357 -3.257265806 0.021928120 0.999655187 0.014447708 -1.493310452 0.209235996 -0.018719930 0.977685928 17.519886017
0.976433218 -0.016680095 -0.215174407 -3.376254082 0.020181078 0.999697149 0.014083593 -1.556096792 0.214874327 -0.018094139 0.976474106 18.187891006
0.975877643 -0.010853888 -0.218048364 -3.512813807 0.013995837 0.999819279 0.012870077 -1.617684007 0.217869237 -0.015611392 0.975853086 18.864040375
0.975355268 -0.007625484 -0.220508859 -3.649855375 0.009837602 0.999911785 0.008935445 -1.671126008 0.220421240 -0.010884511 0.975344062 19.544527054
0.974925160 -0.006142231 -0.222448200 -3.775896072 0.007783739 0.999948561 0.006503311 -1.732008457 0.222396761 -0.008071720 0.974922836 20.224046707
0.974838197 -0.005073621 -0.222855777 -3.904588699 0.007143131 0.999938548 0.008481219 -1.791627407 0.222799063 -0.009859703 0.974814475 20.916088104
0.974786937 -0.000847025 -0.223136187 -4.048877239 0.003316921 0.999937296 0.010694448 -1.858068347 0.223113179 -0.011164931 0.974728584 21.622257233
0.974529147 0.005129642 -0.224202767 -4.190485954 -0.001713334 0.999879539 0.015429470 -1.919775367 0.224254906 -0.014652332 0.974420369 22.326421738
0.974127173 0.004971028 -0.225945830 -4.325140476 -0.001252756 0.999861479 0.016596880 -1.981371164 0.225997046 -0.015884414 0.973998427 23.033243179
0.973712325 0.002714940 -0.227764875 -4.466442108 0.001127094 0.999859214 0.016736662 -2.042685270 0.227778256 -0.016553406 0.973572314 23.746192932
0.973129988 0.000693357 -0.230255678 -4.600767136 0.002660815 0.999894857 0.014256339 -2.106906414 0.230241358 -0.014485940 0.973025739 24.451004028
0.972730637 0.001532662 -0.231932595 -4.750734329 0.001468782 0.999917388 0.012767782 -2.171952248 0.231933013 -0.012760272 0.972648025 25.166021347
0.971997797 0.001239769 -0.234986693 -4.902346611 0.001584523 0.999928772 0.011829744 -2.237442017 0.234984636 -0.011870829 0.971926570 25.916955948
0.971377015 0.000054990 -0.237542972 -5.049379349 0.002820948 0.999926805 0.011767092 -2.301881075 0.237526253 -0.012100380 0.971305728 26.638673782
0.971018434 0.003748823 -0.238975376 -5.206250191 -0.001047982 0.999934137 0.011427813 -2.368539095 0.239002451 -0.010846177 0.970958352 27.348848343
0.970568478 0.002263464 -0.240814522 -5.354052544 -0.000736582 0.999979079 0.006430320 -2.439758778 0.240824029 -0.006063688 0.970549762 28.075561523
0.969797313 0.000095671 -0.243912295 -5.510802746 0.001156226 0.999986827 0.004989394 -2.507788181 0.243909553 -0.005120718 0.969784558 28.807907104
0.969185352 0.000553516 -0.246332124 -5.666887283 0.000495010 0.999991000 0.004194608 -2.572258472 0.246332258 -0.004187289 0.969176412 29.530134201
0.968531668 0.005588158 -0.248827770 -5.835343838 -0.004547998 0.999978364 0.004754918 -2.639626741 0.248848960 -0.003473621 0.968536019 30.259336472
0.967723191 0.006204915 -0.251939386 -5.996627331 -0.003349854 0.999925196 0.011759656 -2.706510782 0.251993477 -0.010536131 0.967671514 30.992971420
0.966795027 0.005793276 -0.255487651 -6.144856453 -0.002075945 0.999888003 0.014817210 -2.774609327 0.255544901 -0.013794824 0.966698766 31.704772949
0.966244280 0.009316647 -0.257458866 -6.332571507 -0.004009238 0.999768674 0.021131879 -2.843164921 0.257596165 -0.019386340 0.966058135 32.466957092
0.965628266 0.009311130 -0.259760052 -6.502989769 -0.002633673 0.999657393 0.026042456 -2.901988983 0.259913534 -0.024463207 0.965321958 33.199249268
0.964732170 0.008427182 -0.263098925 -6.673309803 -0.000272442 0.999518812 0.031016061 -2.953572750 0.263233721 -0.029850509 0.964270175 33.941818237
0.964303017 0.010204131 -0.264604837 -6.851038933 -0.001372333 0.999436378 0.033540711 -3.011074066 0.264797986 -0.031980280 0.963773429 34.679466248
0.963812053 0.014499526 -0.266187936 -7.036425591 -0.007353664 0.999585748 0.027822340 -3.076285601 0.266481072 -0.024858048 0.963519514 35.432792664
0.963596344 0.015776958 -0.266895503 -7.213384628 -0.011491716 0.999778807 0.017610241 -3.140622139 0.267114311 -0.013902077 0.963564634 36.151889801
0.963420749 0.015757313 -0.267529696 -7.399263382 -0.013371170 0.999852836 0.010738738 -3.202593088 0.267659575 -0.006768739 0.963489771 36.889522552
0.963550806 0.016570810 -0.267011374 -7.569962502 -0.014153957 0.999839604 0.010973665 -3.259646654 0.267150432 -0.006794416 0.963630915 37.627208710
0.963997900 0.023415087 -0.264876842 -7.756196976 -0.019365704 0.999652386 0.017889261 -3.322533131 0.265203685 -0.012115685 0.964116275 38.370178223
0.964402199 0.027253103 -0.263031393 -7.931991100 -0.022011871 0.999496460 0.022853103 -3.389507532 0.263521791 -0.016249774 0.964516580 39.112476349
0.964867413 0.028885381 -0.261144340 -8.102787018 -0.023793455 0.999460518 0.022639856 -3.452501535 0.261657357 -0.015630934 0.965034246 39.847492218
0.965396345 0.029990243 -0.259056985 -8.277759552 -0.025279744 0.999449193 0.021496249 -3.514399767 0.259559005 -0.014203510 0.965622723 40.594383240
0.965966642 0.028559843 -0.257085294 -8.446987152 -0.023763927 0.999481022 0.021743216 -3.574676991 0.257572889 -0.014893866 0.966144025 41.330619812
0.966383219 0.029545616 -0.255402595 -8.608492851 -0.024535939 0.999439359 0.022779463 -3.637602329 0.255932450 -0.015747141 0.966566384 42.069122314
0.966907620 0.030469410 -0.253300786 -8.774894714 -0.026570022 0.999470115 0.018801782 -3.703315020 0.253739506 -0.011449376 0.967204809 42.797874451
0.967281461 0.032203771 -0.251653284 -8.943997383 -0.028900230 0.999440849 0.016813232 -3.767093658 0.252054006 -0.008990292 0.967671335 43.521038055
0.967484832 0.030202119 -0.251119465 -9.101066589 -0.027730579 0.999525905 0.013375680 -3.836333752 0.251404405 -0.005977078 0.967863679 44.248760223
0.967677891 0.032035504 -0.250146300 -9.258567810 -0.029289138 0.999463022 0.014694794 -3.897559643 0.250482738 -0.006893259 0.968096495 44.968517303
0.968039930 0.034274425 -0.248442978 -9.430906296 -0.030563373 0.999356449 0.018780189 -3.958805323 0.248926759 -0.010586718 0.968464553 45.691467285
0.968137503 0.037032086 -0.247665972 -9.584195137 -0.032304857 0.999210477 0.023125118 -4.028138161 0.248326808 -0.014387479 0.968569458 46.401798248
0.968350172 0.037567396 -0.246752396 -9.737493515 -0.032751169 0.999185026 0.023595257 -4.091000080 0.247437716 -0.014767043 0.968791187 47.102630615
0.968481004 0.038529351 -0.246089593 -9.884380341 -0.034042235 0.999168038 0.022463465 -4.150505066 0.246750325 -0.013377996 0.968986750 47.799907684
0.968637168 0.038538266 -0.245472744 -10.026638031 -0.034565933 0.999192715 0.020471998 -4.210466862 0.246063545 -0.011344945 0.969187319 48.485095978
0.968943834 0.039133579 -0.244164616 -10.181104660 -0.035766684 0.999194205 0.018209595 -4.271632671 0.244680524 -0.008911118 0.969562829 49.161457062
0.969217181 0.039235696 -0.243060976 -10.328351974 -0.035842612 0.999188721 0.018368119 -4.328649044 0.243584439 -0.009090757 0.969837070 49.834747314
0.969501674 0.037977334 -0.242124408 -10.469940186 -0.034141980 0.999216497 0.020018104 -4.386835098 0.242694914 -0.011140981 0.970038652 50.503963470
0.969738424 0.037407707 -0.241263479 -10.606433868 -0.032752905 0.999192357 0.023276404 -4.444399357 0.241939351 -0.014669943 0.970180452 51.160282135
0.970014095 0.035448655 -0.240449622 -10.741977692 -0.030214507 0.999220133 0.025421169 -4.502667904 0.241163284 -0.017393824 0.970328689 51.818237305
0.970184028 0.035844959 -0.239704132 -10.876134872 -0.029981410 0.999156356 0.028064758 -4.553794861 0.240507916 -0.020041311 0.970440209 52.462371826
0.970317125 0.037618443 -0.238892063 -11.008722305 -0.031938802 0.999108613 0.027603008 -4.610198021 0.239717498 -0.019153744 0.970653653 53.088729858
0.970424652 0.041014779 -0.237894595 -11.140294075 -0.035407834 0.998986423 0.027796209 -4.659063339 0.238793507 -0.018550787 0.970893145 53.701828003
0.970635533 0.042955488 -0.236688524 -11.267259598 -0.036888223 0.998868823 0.030005133 -4.707441330 0.237709686 -0.020393029 0.971122086 54.302318573
0.970982432 0.041618355 -0.235501513 -11.378945351 -0.035976689 0.998954535 0.028204093 -4.754454136 0.236429095 -0.018913118 0.971464634 54.885326385
0.971698642 0.044539053 -0.231987119 -11.494184494 -0.038395047 0.998783708 0.030934764 -4.799959183 0.233082727 -0.021152105 0.972226858 55.459690094
0.972732544 0.049582880 -0.226567835 -11.609344482 -0.044546347 0.998634398 0.027292028 -4.849981785 0.227611646 -0.016455075 0.973612905 56.009071350
0.973995626 0.053798288 -0.220086992 -11.715228081 -0.049513657 0.998461962 0.024942186 -4.894573689 0.221090332 -0.013396265 0.975161314 56.549861908
0.975612819 0.053752936 -0.212815419 -11.808711052 -0.050424367 0.998506248 0.021041609 -4.942692757 0.213628575 -0.009797378 0.976865828 57.077033997
0.977756917 0.051094912 -0.203422353 -11.888728142 -0.048339140 0.998659730 0.018495966 -4.991101265 0.204094723 -0.008251294 0.978916347 57.600147247
0.980348349 0.047995154 -0.191346779 -11.953653336 -0.045943480 0.998829126 0.015147066 -5.035648346 0.191849723 -0.006058265 0.981405616 58.117744446
0.983205974 0.044585258 -0.176969543 -12.009616852 -0.042603511 0.998979688 0.014984148 -5.085899353 0.177457049 -0.007192979 0.984102249 58.620399475
0.986156642 0.040204391 -0.160868421 -12.051612854 -0.038823027 0.999177396 0.011722166 -5.134222507 0.161207333 -0.005314494 0.986906230 59.122768402
0.989177048 0.037996616 -0.141721815 -12.083059311 -0.037412435 0.999276817 0.006785207 -5.182792187 0.141877115 -0.001409615 0.989883244 59.596874237
0.992174327 0.033620395 -0.120248958 -12.099948883 -0.033360161 0.999434590 0.004177167 -5.233695507 0.120321430 -0.000132954 0.992734969 60.075099945
0.994921684 0.030169776 -0.096024819 -12.097142220 -0.029896183 0.999543726 0.004286988 -5.278185844 0.096110359 -0.001394442 0.995369732 60.543720245
0.997316599 0.023415191 -0.069364160 -12.082996368 -0.023306394 0.999725521 0.002377559 -5.333981514 0.069400795 -0.000754552 0.997588515 60.998474121
0.999003053 0.017160540 -0.041213356 -12.038194656 -0.017134074 0.999852657 0.000995508 -5.370024204 0.041224375 -0.000288363 0.999149859 61.451858521
0.999903023 0.010991915 -0.008554037 -11.984672546 -0.010968773 0.999935985 0.002747814 -5.424580574 0.008583693 -0.002653720 0.999959648 61.903728485
0.999626219 0.008765369 0.025899019 -11.918288231 -0.008898499 0.999947727 0.005029538 -5.467414379 -0.025853578 -0.005258120 0.999651909 62.338333130
0.998120248 0.006220475 0.060969681 -11.840103149 -0.006570768 0.999962986 0.005546532 -5.513866901 -0.060932927 -0.005936722 0.998124301 62.755741119
0.995347798 0.001803362 0.096329644 -11.733667374 -0.002235165 0.999987960 0.004374834 -5.556184769 -0.096320592 -0.004569795 0.995339870 63.161499023
0.991155207 -0.002886088 0.132676154 -11.617985725 0.002493478 0.999992013 0.003125210 -5.595305920 -0.132684112 -0.002766743 0.991154432 63.565601349
0.985330462 -0.008003813 0.170469433 -11.481809616 0.007955248 0.999967813 0.000967957 -5.634353638 -0.170471713 0.000402370 0.985362411 63.941093445
0.977589011 -0.011352343 0.210216269 -11.341815948 0.011618093 0.999932528 -0.000029208 -5.672463417 -0.210201770 0.002470866 0.977654815 64.311012268
0.968360722 -0.014296443 0.249144837 -11.185556412 0.014512413 0.999894202 0.000970038 -5.714578152 -0.249132350 0.002676346 0.968465745 64.674705505
0.957862437 -0.017703271 0.286681026 -11.013151169 0.017835617 0.999838591 0.002149935 -5.748075485 -0.286672831 0.003053790 0.958023667 65.018753052
0.946119428 -0.022136593 0.323060244 -10.827135086 0.022083474 0.999748647 0.003830334 -5.778539181 -0.323063880 0.003510339 0.946370721 65.360412598
0.932905912 -0.025983842 0.359181583 -10.634349823 0.025598994 0.999655306 0.005828343 -5.818665504 -0.359209210 0.003757392 0.933249474 65.702011108
0.918645024 -0.029229807 0.394001305 -10.430078506 0.028601870 0.999562979 0.007467151 -5.849123955 -0.394047350 0.004409513 0.919079542 66.018409729
0.903603911 -0.033933360 0.427022815 -10.218721390 0.032947015 0.999410033 0.009700371 -5.885865211 -0.427100003 0.005303835 0.904188752 66.328697205
0.888042390 -0.037843376 0.458201528 -9.992420197 0.036748972 0.999260545 0.011306703 -5.925868511 -0.458290607 0.006797602 0.888776422 66.633087158
0.871640742 -0.038776834 0.488609254 -9.760940552 0.038749840 0.999197185 0.010171277 -5.960279465 -0.488611460 0.010067829 0.872443438 66.924850464
0.854525030 -0.038486876 0.517982364 -9.523397446 0.040005170 0.999165475 0.008242255 -5.992800236 -0.517867327 0.013678757 0.855351627 67.213874817
0.836794138 -0.037547451 0.546228766 -9.271867752 0.040487748 0.999157906 0.006656406 -6.023159981 -0.546018660 0.016545532 0.837609649 67.508384705
0.817802191 -0.038421381 0.574215531 -9.001491547 0.040628109 0.999133945 0.008990266 -6.062489510 -0.574063540 0.015977031 0.818654776 67.799438477
0.797620475 -0.040377297 0.601806700 -8.718059540 0.041383412 0.999069095 0.012182404 -6.089916706 -0.601738334 0.015187880 0.798548877 68.089836121
0.776183426 -0.041549776 0.629136622 -8.413520813 0.041533407 0.999028444 0.014737448 -6.122462749 -0.629137576 0.014691223 0.777155042 68.378608704
0.753836632 -0.042634692 0.655677259 -8.089391708 0.042378508 0.998969674 0.016234048 -6.153670311 -0.655693889 0.015548807 0.754866719 68.668006897
0.730768442 -0.044562299 0.681169391 -7.751274109 0.044285603 0.998859644 0.017835451 -6.187211514 -0.681187391 0.017132407 0.731908560 68.946273804
0.707350314 -0.045503534 0.705397010 -7.396867752 0.045196161 0.998795390 0.019108662 -6.225728989 -0.705416799 0.018364722 0.708554804 69.222908020
0.683360875 -0.046628904 0.728590131 -7.029315948 0.047060627 0.998696268 0.019776165 -6.248195171 -0.728562474 0.020773651 0.684664249 69.491760254
0.658787131 -0.046608720 0.750884354 -6.640274048 0.047466863 0.998665631 0.020343984 -6.277945995 -0.750830531 0.022239771 0.660120368 69.757171631
0.633830905 -0.046038438 0.772100210 -6.235342026 0.046534970 0.998688638 0.021347947 -6.305476665 -0.772070467 0.022398675 0.635142088 70.019912720
0.607803881 -0.045708057 0.792770624 -5.825239182 0.044928305 0.998722255 0.023136660 -6.336590767 -0.792815208 0.021555282 0.609080791 70.279869080
0.581303239 -0.046761088 0.812342286 -5.392263412 0.043752983 0.998699307 0.026179262 -6.370289803 -0.812509835 0.020324307 0.582593083 70.522842407
0.554650784 -0.049205847 0.830627143 -4.939628601 0.042794306 0.998615801 0.030581523 -6.405258656 -0.830982149 0.018584043 0.555988669 70.768608093
0.528127193 -0.053597711 0.847472191 -4.477251053 0.044505630 0.998381495 0.035406865 -6.431043625 -0.847998261 0.019017953 0.529657841 70.999008179
0.502089798 -0.055731367 0.863017857 -3.974710464 0.044778686 0.998258054 0.038413309 -6.456940174 -0.863655448 0.019357877 0.503710806 71.224502563
0.476976663 -0.057796109 0.877013564 -3.473955154 0.045209799 0.998127997 0.041189659 -6.484009743 -0.877752423 0.020003110 0.478696734 71.427284241
0.453245610 -0.058445983 0.889467418 -2.969526291 0.043702926 0.998105109 0.043314755 -6.514678955 -0.890313745 0.019240107 0.454940945 71.640190125
0.433070600 -0.059969358 0.899362743 -2.447446823 0.043365084 0.998015106 0.045665853 -6.541473389 -0.900316119 0.019224403 0.434811652 71.843368530
0.418105721 -0.062037587 0.906277478 -1.918550491 0.048052747 0.997778893 0.046132300 -6.567941666 -0.907126486 0.024260942 0.420158118 72.033859253
0.406272292 -0.063338429 0.911554217 -1.377498627 0.047345418 0.997713804 0.048223674 -6.593060970 -0.912524641 0.023565980 0.408342272 72.239746094
0.396108180 -0.063878350 0.915979147 -0.835386276 0.047229890 0.997673929 0.049151354 -6.622011662 -0.916988313 0.023792339 0.398203850 72.441444397
0.388807654 -0.062883288 0.919170439 -0.282871246 0.046954010 0.997723937 0.048395917 -6.652909279 -0.920121670 0.024342040 0.390875340 72.638725281
0.385178149 -0.061413653 0.920796454 0.296842575 0.048090324 0.997763276 0.046430405 -6.687767029 -0.921588361 0.026397428 0.387270033 72.852874756
0.383967042 -0.061044432 0.921326697 0.864416122 0.050110985 0.997719347 0.045222007 -6.722225189 -0.921986043 0.028804826 0.386150360 73.054946899
0.382846087 -0.057424922 0.922025561 1.452785492 0.046812575 0.997989833 0.042718414 -6.744050026 -0.922625303 0.026807817 0.384764731 73.280647278
0.382268757 -0.056773961 0.922305405 2.049718857 0.045195185 0.998064935 0.042705368 -6.783219337 -0.922945261 0.025358837 0.384094954 73.499549866
0.381117374 -0.057281256 0.922750413 2.643955231 0.043371797 0.998087645 0.044044383 -6.812738895 -0.923508763 0.023235267 0.382872850 73.722190857
0.380369633 -0.058629762 0.922974229 3.250328064 0.042989764 0.998030663 0.045680895 -6.851821423 -0.923834860 0.022302821 0.382141024 73.944213867
0.379137665 -0.059186935 0.923445404 3.857444763 0.041518241 0.998035312 0.046921588 -6.890624523 -0.924408376 0.020550087 0.380850136 74.167442322
0.378536522 -0.058954727 0.923706889 4.490591049 0.042490479 0.998024166 0.046285298 -6.916266918 -0.924610674 0.021728074 0.380293638 74.387023926
0.376849920 -0.059689090 0.924349189 5.111103058 0.042661309 0.997981071 0.047051139 -6.949564457 -0.925291479 0.021702725 0.378635496 74.615791321
0.375403166 -0.061420619 0.924824297 5.739330292 0.042355053 0.997896373 0.049080882 -6.983025551 -0.925893366 0.020745860 0.377214998 74.837471008
0.373735577 -0.063565001 0.925354600 6.401092529 0.041554354 0.997794688 0.051757962 -7.006810665 -0.926603913 0.019108726 0.375552863 75.068733215
0.371943921 -0.066706970 0.925855219 7.049346924 0.043074138 0.997580349 0.054570522 -7.040391445 -0.927255273 0.019583246 0.373917311 75.298927307
0.370360404 -0.068855748 0.926332533 7.712142944 0.044134166 0.997426987 0.056494858 -7.072691441 -0.927839041 0.019959461 0.372446328 75.527938843
0.367535681 -0.068868950 0.927455902 8.373750687 0.042742621 0.997451484 0.057128325 -7.101297379 -0.929026663 0.018645203 0.369542629 75.759002686
0.365036428 -0.066635065 0.928605437 9.039888382 0.043445475 0.997567952 0.054505188 -7.132415771 -0.929978967 0.020447331 0.367043614 75.984237671
0.362151772 -0.063872576 0.929928064 9.707841873 0.045706939 0.997666180 0.050725061 -7.168181419 -0.930997849 0.024133993 0.364226073 76.216545105
0.360630512 -0.062097199 0.930639267 10.395887375 0.047121555 0.997720122 0.048313193 -7.206568718 -0.931517661 0.026429964 0.362734407 76.442253113
0.358838320 -0.059117436 0.931525707 11.084125519 0.047035273 0.997869611 0.045209106 -7.237038612 -0.932213902 0.027591802 0.360854477 76.671470642
0.357410848 -0.059551187 0.932046711 11.773889542 0.048022769 0.997816682 0.045338195 -7.277039051 -0.932711840 0.028555099 0.359490335 76.900650024
0.355431348 -0.062595926 0.932604074 12.477485657 0.050945360 0.997569263 0.047540221 -7.321138382 -0.933313012 0.030614564 0.357756376 77.134315491
0.353810340 -0.063843071 0.933135808 13.184900284 0.051044952 0.997498810 0.048892312 -7.355894089 -0.933923244 0.030333266 0.356184274 77.362365723
0.351563662 -0.064754076 0.933921814 13.898847580 0.049330439 0.997500300 0.050592482 -7.392278671 -0.934863389 0.028284291 0.353879213 77.602432251
0.349122107 -0.064869836 0.934829235 14.613637924 0.048794370 0.997506201 0.050996330 -7.431809425 -0.935806036 0.027810458 0.351416707 77.836807251
0.347399265 -0.064033680 0.935528338 15.340450287 0.049042571 0.997541130 0.050066750 -7.463802814 -0.936433971 0.028487567 0.349685401 78.070442200
0.345140308 -0.063790195 0.936380744 16.085800171 0.048535332 0.997565746 0.050068751 -7.506846905 -0.937295437 0.028166799 0.347396225 78.309326172
0.342356861 -0.064547904 0.937350154 16.821638107 0.048253164 0.997528732 0.051068008 -7.538150787 -0.938330114 0.027746627 0.344625473 78.547286987
0.339680403 -0.065334551 0.938269019 17.576910019 0.048926745 0.997461200 0.051743396 -7.581896782 -0.939267516 0.028330237 0.342014581 78.788726807
0.337709665 -0.065593757 0.938962042 18.332633972 0.050233118 0.997403264 0.051609337 -7.613486290 -0.939908922 0.029738020 0.340127647 79.015022278
0.335175991 -0.067259766 0.939751685 19.079729080 0.051439494 0.997267187 0.053029627 -7.660831451 -0.940750241 0.030566094 0.337719709 79.241294861
0.332282096 -0.069828987 0.940591633 19.842502594 0.054732844 0.997002602 0.054681480 -7.693813801 -0.941590607 0.033311587 0.335108072 79.471832275
0.329856426 -0.071941964 0.941285849 20.615703583 0.056941003 0.996792734 0.056230400 -7.726106644 -0.942312181 0.035049800 0.332894981 79.700096130
0.327171504 -0.075303592 0.941959739 21.376592636 0.059532098 0.996482134 0.058984965 -7.763411522 -0.943087876 0.036778633 0.330503613 79.915351868
0.323808432 -0.079111196 0.942809403 22.152198792 0.063068189 0.996086419 0.061920874 -7.790650845 -0.944018304 0.039410774 0.327530593 80.145454407
0.321653724 -0.080584019 0.943422019 22.934730530 0.064120904 0.995938480 0.063208155 -7.819921494 -0.944683671 0.040161941 0.325514436 80.377426147
0.318981558 -0.079599626 0.944412351 23.716180801 0.063968785 0.996002734 0.062342040 -7.851456165 -0.945599616 0.040526945 0.322798461 80.604064941
0.316981226 -0.072918721 0.945624530 24.498384476 0.064409316 0.996393263 0.055243060 -7.888134956 -0.946242213 0.043396022 0.320534617 80.823371887
0.314265549 -0.067862302 0.946906447 25.280763626 0.062591277 0.996752560 0.050661437 -7.921080589 -0.947269499 0.043346945 0.317492574 81.054466248
0.312106460 -0.065614887 0.947778463 26.082468033 0.061407987 0.996919334 0.048795056 -7.957973480 -0.948060453 0.042971920 0.315174252 81.281074524
0.309395194 -0.067838870 0.948510706 26.885902405 0.061845172 0.996775985 0.051117562 -7.998250484 -0.948920369 0.042845279 0.312593192 81.518051147
0.309498370 -0.069130719 0.948383749 27.699878693 0.061584819 0.996717215 0.052556127 -8.035524368 -0.948903620 0.042139996 0.312739700 81.733642578
0.308435291 -0.069818631 0.948679686 28.500425339 0.061248295 0.996691048 0.053438973 -8.068250656 -0.949271441 0.041622549 0.311690927 81.960037231
0.308013916 -0.072478324 0.948616982 29.321573257 0.060695831 0.996559739 0.056433540 -8.102456093 -0.949443758 0.040194783 0.311353356 82.189605713
0.307579100 -0.073942743 0.948645115 30.141258240 0.059750836 0.996509314 0.058300547 -8.139829636 -0.949644625 0.038750317 0.310923576 82.415985107
0.306191474 -0.072221465 0.949226439 30.956405640 0.059688989 0.996612608 0.056572977 -8.182622910 -0.950096786 0.039336197 0.309465140 82.641197205
0.305699378 -0.068277091 0.949676871 31.777757645 0.059900343 0.996828854 0.052385274 -8.216314316 -0.950242043 0.040871825 0.308819771 82.865425110
0.303791374 -0.064725794 0.950537443 32.609375000 0.057859104 0.997101545 0.049404781 -8.254954338 -0.950980008 0.039988492 0.306655794 83.108428955
0.302558720 -0.066553943 0.950804353 33.441093445 0.058725473 0.996965528 0.051097888 -8.297573090 -0.951319814 0.040376313 0.305549055 83.343719482
0.302630663 -0.070360474 0.950507283 34.287933350 0.061981574 0.996613204 0.054039214 -8.322620392 -0.951090336 0.042560011 0.305966824 83.561714172
0.301025212 -0.073845930 0.950752735 35.123184204 0.065071411 0.996263981 0.056778073 -8.360159874 -0.951393425 0.044775192 0.304705828 83.792961121
0.301778704 -0.076708645 0.950286984 35.971069336 0.068875231 0.995907605 0.058518782 -8.399578094 -0.950886846 0.047791518 0.305827051 84.012847900
0.302216113 -0.078548007 0.949997663 36.814582825 0.072839133 0.995588422 0.059145756 -8.434906006 -0.950452507 0.051322203 0.306604207 84.242706299
0.304033816 -0.080511041 0.949253082 37.646240234 0.076090641 0.995291352 0.060044896 -8.491720200 -0.949617743 0.053973589 0.308728307 84.463630676
0.306681156 -0.082199708 0.948256254 38.492294312 0.079575516 0.994990289 0.060514856 -8.523722649 -0.948480010 0.056899216 0.311685860 84.691322327
0.308624387 -0.083777316 0.947487414 39.343940735 0.081522271 0.994778156 0.061404590 -8.543275833 -0.947684050 0.058290351 0.313842535 84.945922852
0.311939895 -0.084198877 0.946363628 40.181297302 0.084024936 0.994607329 0.060794901 -8.574143410 -0.946379066 0.060553782 0.317332566 85.184272766
0.315559953 -0.084398583 0.945144773 41.042976379 0.086157449 0.994470894 0.060037456 -8.616162300 -0.944986165 0.062485851 0.321086735 85.435218811
0.319348782 -0.084162958 0.943892419 41.873840332 0.088822484 0.994321644 0.058608051 -8.653141022 -0.943465412 0.065122463 0.325011015 85.675689697
0.323215485 -0.083965614 0.942592978 42.710533142 0.091845922 0.994136870 0.057063114 -8.682311058 -0.941857755 0.068129621 0.329032332 85.917243958
0.327062428 -0.085306235 0.941144526 43.535049438 0.094151214 0.993903518 0.057369355 -8.720677376 -0.940300763 0.069846533 0.333100200 86.163978577
0.330168694 -0.086574666 0.939943314 44.372814178 0.097706124 0.993570507 0.057193387 -8.757240295 -0.938851535 0.072954752 0.336504757 86.420104980
0.333680987 -0.087799847 0.938588321 45.202377319 0.100919351 0.993258357 0.057035733 -8.791296005 -0.937268555 0.075689964 0.340292066 86.673568726
0.336883307 -0.088684656 0.937360406 46.014503479 0.104749560 0.992904186 0.056293160 -8.825446129 -0.935701370 0.079223871 0.343782455 86.922180176
0.340010464 -0.089092657 0.936191976 46.826080322 0.106293075 0.992763996 0.055872332 -8.869565964 -0.934395373 0.080513559 0.347019970 87.171791077
0.342809916 -0.090041161 0.935079575 47.633117676 0.107647330 0.992604196 0.056115706 -8.904603004 -0.933216691 0.081421822 0.349967211 87.429115295
0.345971406 -0.090814799 0.933839619 48.432121277 0.109768279 0.992387474 0.055841260 -8.941566467 -0.931801856 0.083186500 0.353306234 87.681320190
0.349054068 -0.090895630 0.932683885 49.235439301 0.111827895 0.992212892 0.054845862 -8.977989197 -0.930406213 0.085155904 0.356500626 87.938064575
0.351736128 -0.092224687 0.931545138 50.020656586 0.113241531 0.992018759 0.055453569 -9.015333176 -0.929224491 0.085984565 0.359372497 88.194854736
0.354214251 -0.092757918 0.930552661 50.816871643 0.114326961 0.991899788 0.055354543 -9.054440498 -0.928149581 0.086779900 0.361949772 88.462188721
0.356860429 -0.094484389 0.929367185 51.590202332 0.116043344 0.991649568 0.056257769 -9.090154648 -0.926922083 0.087770693 0.364844799 88.716560364
0.359176099 -0.094906747 0.928431571 52.361953735 0.116469830 0.991596878 0.056305777 -9.124194145 -0.925973713 0.087910555 0.367211699 88.980346680
0.361652464 -0.095137037 0.927446187 53.112945557 0.117514431 0.991497576 0.055883311 -9.158685684 -0.924877167 0.088777974 0.369757473 89.236633301
0.364353836 -0.096474610 0.926249862 53.851039886 0.120331161 0.991158664 0.055901259 -9.195371628 -0.923453808 0.091088884 0.372741252 89.488510132
0.367186993 -0.096613251 0.925116003 54.573059082 0.119469270 0.991251528 0.056101587 -9.227993011 -0.922442853 0.089923166 0.375516951 89.742614746
0.369673431 -0.098032176 0.923975766 55.271873474 0.120350510 0.991093457 0.057002235 -9.262878418 -0.921334505 0.090128735 0.378179193 89.989448547
0.372432053 -0.100258298 0.922628105 55.961830139 0.119696558 0.991033435 0.059374418 -9.294910431 -0.920308173 0.088322453 0.381093174 90.236427307
0.374741375 -0.102543533 0.921441078 56.628162384 0.120733671 0.990799010 0.061160848 -9.324314117 -0.919234574 0.088329457 0.383673906 90.480834961
0.377973616 -0.105149329 0.919825852 57.273399353 0.121596210 0.990561128 0.063269243 -9.359907150 -0.917796373 0.087933242 0.387191683 90.713989258
0.381571949 -0.108154826 0.917989969 57.894355774 0.122191399 0.990317345 0.065886118 -9.383027077 -0.916227162 0.087030180 0.391092867 90.943885803
0.386040449 -0.109822132 0.915921271 58.495086670 0.119590648 0.990467370 0.068355665 -9.408205032 -0.914697111 0.083147570 0.395494282 91.182098389
0.391429961 -0.105019227 0.914195538 59.053962708 0.117353722 0.991051614 0.063600928 -9.443719864 -0.912694216 0.082388952 0.400251627 91.397293091
0.397131830 -0.098609261 0.912448645 59.603744507 0.116830461 0.991554260 0.056309290 -9.485345840 -0.910295010 0.084239587 0.405298263 91.615890503
0.404390305 -0.090567462 0.910091281 60.121242523 0.117245056 0.992008030 0.046622690 -9.519187927 -0.907040298 0.087849930 0.411776990 91.822433472
0.412249863 -0.083008409 0.907281518 60.621589661 0.111789457 0.992924511 0.040049218 -9.540650368 -0.904186487 0.084914215 0.418612480 92.055686951
0.423729032 -0.077135079 0.902498603 61.098136902 0.103418954 0.993971705 0.036397256 -9.569814682 -0.899865687 0.077912882 0.429151863 92.276168823
0.438151062 -0.078101821 0.895501912 61.572788239 0.101582155 0.994138837 0.037002403 -9.609079361 -0.893143177 0.074754350 0.443516731 92.497848511
0.455080807 -0.079896398 0.886858404 62.044902802 0.100136138 0.994240701 0.038186710 -9.644932747 -0.884801745 0.071428545 0.460460365 92.741867065
0.474781722 -0.080547273 0.876409888 62.494758606 0.096501857 0.994563341 0.039127883 -9.682329178 -0.874796987 0.065997973 0.479973495 92.987548828
0.496586710 -0.077999845 0.864475310 62.929668427 0.089438260 0.995250881 0.038422823 -9.714401245 -0.863366961 0.058236912 0.501204491 93.276367188
0.521708608 -0.075283572 0.849795640 63.351367950 0.080787599 0.995982170 0.038636968 -9.743804932 -0.849290073 0.048495714 0.525694489 93.558692932
0.548557162 -0.071060129 0.833087981 63.750572205 0.073547810 0.996620536 0.036580548 -9.779356956 -0.832872033 0.041205276 0.551929712 93.855270386
0.577237844 -0.070252053 0.813548446 64.150482178 0.072062090 0.996787846 0.034944955 -9.818706512 -0.813390195 0.038454451 0.580446124 94.167053223
0.608285487 -0.071702316 0.790472865 64.537902832 0.071655035 0.996805370 0.035278302 -9.857864380 -0.790477276 0.035182077 0.611480117 94.478744507
0.640885115 -0.068694547 0.764556944 64.909828186 0.066439793 0.997214198 0.033905800 -9.894384384 -0.764756203 0.029067274 0.643663824 94.812492371
0.674098670 -0.065716647 0.735712171 65.249008179 0.062644854 0.997532248 0.031704880 -9.926407814 -0.735980093 0.024716353 0.676551819 95.161941528
0.708142638 -0.063938551 0.703168452 65.570541382 0.060333319 0.997728407 0.029962556 -9.965272903 -0.703486860 0.021206712 0.710391819 95.522285461
0.741683841 -0.062300183 0.667850137 65.893264771 0.059196986 0.997871637 0.027344678 -9.999830246 -0.668132305 0.019253608 0.743793368 95.914703369
0.773669183 -0.059339698 0.630804777 66.173118591 0.056994263 0.998086333 0.023987483 -10.032625198 -0.631021023 0.017393878 0.775570691 96.325073242
0.803472757 -0.057571989 0.592551291 66.409225464 0.054617405 0.998243988 0.022930151 -10.082548141 -0.592830837 0.013939858 0.805206358 96.738815308
0.833112299 -0.052926142 0.550565779 66.652565002 0.050553117 0.998531103 0.019492632 -10.116979599 -0.550788820 0.011593271 0.834564090 97.185523987
0.860946834 -0.046643730 0.506551981 66.872314453 0.045617338 0.998854518 0.014443145 -10.159378052 -0.506645501 0.010672778 0.862088442 97.626876831
0.886262357 -0.041133650 0.461353630 67.066810608 0.041553076 0.999093413 0.009254138 -10.210289001 -0.461315989 0.010969067 0.887168229 98.094848633
0.909379721 -0.034143191 0.414563477 67.242568970 0.035279818 0.999365270 0.004917886 -10.255318642 -0.414468288 0.010153500 0.910007119 98.571273804
0.929627061 -0.027002953 0.367511153 67.396606445 0.027965333 0.999605179 0.002707304 -10.305756569 -0.367439181 0.007760788 0.930015206 99.068893433
0.947186232 -0.020795362 0.320008874 67.525115967 0.021592714 0.999766231 0.001056769 -10.342752457 -0.319956034 0.005908904 0.947413981 99.581314087
0.962009907 -0.013603517 0.272675127 67.635314941 0.014158191 0.999899685 -0.000066641 -10.395261765 -0.272646934 0.003924697 0.962106168 100.101165771
0.974167705 -0.007179715 0.225711659 67.719665527 0.007612991 0.999970496 -0.001049240 -10.453469276 -0.225697458 0.002740477 0.974193573 100.634407043
0.983814836 0.000274679 0.179187775 67.807518005 0.000305225 0.999994755 -0.003208725 -10.492137909 -0.179187745 0.003211485 0.983809650 101.196693420
0.990504742 0.006260448 0.137335792 67.836891174 -0.005847035 0.999977171 -0.003413437 -10.558879852 -0.137354031 0.002578018 0.990518630 101.779060364
0.995335281 0.010815272 0.095868364 67.875061035 -0.010450074 0.999936104 -0.004310634 -10.618496895 -0.095908880 0.003288694 0.995384693 102.359039307
0.998172104 0.015704501 0.058357961 67.882728577 -0.015427916 0.999867499 -0.005187062 -10.677018166 -0.058431707 0.004277240 0.998282254 102.955619812
0.999542296 0.019685118 0.022969071 67.876701355 -0.019587666 0.999798298 -0.004460108 -10.737999916 -0.023052236 0.004008157 0.999726236 103.589935303
0.999680698 0.023239791 -0.009913288 67.858711243 -0.023266368 0.999725997 -0.002574419 -10.797747612 0.009850748 0.002804243 0.999947548 104.216308594
0.998840928 0.026519302 -0.040168017 67.824661255 -0.026562722 0.999646902 -0.000547515 -10.856435776 0.040139325 0.001613852 0.999192774 104.858627319
0.997313619 0.030552926 -0.066572659 67.778640747 -0.030515242 0.999533057 0.001583080 -10.917336464 0.066589937 0.000452654 0.997780383 105.515190125
0.995617509 0.036001302 -0.086311676 67.711921692 -0.035787947 0.999351263 0.004018448 -10.985691071 0.086400367 -0.000911919 0.996260107 106.189430237
0.994089782 0.041400559 -0.100356206 67.641693115 -0.041103326 0.999142289 0.005028541 -11.043410301 0.100478299 -0.000873848 0.994938910 106.866912842
0.992809236 0.044367477 -0.111180864 67.574325562 -0.043932796 0.999014258 0.006357721 -11.102885246 0.111353338 -0.001427518 0.993779838 107.570365906
0.991994739 0.045844849 -0.117663078 67.503013611 -0.045287520 0.998946548 0.007407364 -11.163981438 0.117878720 -0.002019399 0.993025959 108.267929077
0.991382539 0.047566544 -0.122057341 67.426803589 -0.046880037 0.998864532 0.008491629 -11.240334511 0.122322649 -0.002696399 0.992486835 109.003021240
0.991041541 0.047339011 -0.124882579 67.356903076 -0.046648946 0.998875558 0.008445751 -11.307355881 0.125141948 -0.002544451 0.992135584 109.725471497
0.990774393 0.046636131 -0.127244443 67.283920288 -0.045906838 0.998908162 0.008659675 -11.376253128 0.127509370 -0.002738395 0.991833568 110.473327637
0.990611792 0.046868078 -0.128419861 67.207046509 -0.046112724 0.998896956 0.008850509 -11.443407059 0.128693014 -0.002845631 0.991680384 111.221603394
