1.000000000 0.000000000 0.000000000 0.000000000 0.000000000 1.000000000 0.000000000 0.000000000 0.000000000 0.000000000 1.000000000 0.000000000
0.999993443 -0.002245196 0.002838920 0.006925095 0.002246077 0.999997437 -0.000307199 -0.014556721 -0.002838224 0.000313573 0.999995887 0.249307573
0.999980330 -0.003943532 0.004875212 0.011799784 0.003951136 0.999991000 -0.001551146 -0.029483657 -0.004869051 0.001570378 0.999986887 0.508201241
0.999969006 -0.004169974 0.006673275 0.016485415 0.004188827 0.999987304 -0.002813731 -0.044205531 -0.006661457 0.002841597 0.999973774 0.773568869
0.999958098 -0.003220973 0.008565476 0.020841226 0.003250446 0.999988854 -0.003429184 -0.059179857 -0.008554335 0.003456882 0.999957442 1.049684763
0.999937534 -0.001295728 0.011096230 0.022065241 0.001329268 0.999994576 -0.003015795 -0.074643046 -0.011092260 0.003030357 0.999933898 1.333817840
0.999909997 -0.000147894 0.013413236 0.024163572 0.000183759 0.999996424 -0.002672680 -0.087853901 -0.013412790 0.002674905 0.999906480 1.628190041
0.999890327 -0.000265786 0.014807113 0.028337857 0.000317719 0.999993742 -0.003505047 -0.101404697 -0.014806089 0.003509367 0.999884248 1.930420756
0.999878228 -0.000432091 0.015595335 0.035301782 0.000509039 0.999987721 -0.004930414 -0.115874879 -0.015593012 0.004937751 0.999866247 2.236153841
0.999867499 -0.002195162 0.016128376 0.041126616 0.002293308 0.999978960 -0.006069345 -0.132403508 -0.016114708 0.006105529 0.999851465 2.555905819
0.999853671 -0.005742543 0.016115811 0.050131451 0.005842092 0.999964118 -0.006136881 -0.148129568 -0.016079986 0.006230133 0.999851286 2.883402348
0.999833107 -0.009070417 0.015855199 0.059166268 0.009154987 0.999944210 -0.005269677 -0.164803088 -0.015806511 0.005413952 0.999860406 3.215872765
0.999822676 -0.009841683 0.016053520 0.064775728 0.009905406 0.999943376 -0.003894611 -0.182595223 -0.016014284 0.004052938 0.999863505 3.560272694
0.999814749 -0.010140820 0.016358392 0.068534099 0.010188707 0.999944031 -0.002846683 -0.203030184 -0.016328612 0.003012827 0.999862075 3.908448696
0.999812901 -0.010065011 0.016518004 0.072557226 0.010122694 0.999942899 -0.003412210 -0.222835720 -0.016482726 0.003578779 0.999857724 4.268958092
0.999827266 -0.009279389 0.016105317 0.074285917 0.009353199 0.999946058 -0.004513749 -0.244791478 -0.016062569 0.004663605 0.999860048 4.634226322
0.999845982 -0.008076756 0.015580910 0.074930355 0.008161043 0.999952376 -0.005353678 -0.266576052 -0.015536929 0.005480010 0.999864280 5.004402161
0.999878943 -0.004579651 0.014862955 0.072762802 0.004678487 0.999967158 -0.006621948 -0.286442965 -0.014832137 0.006690685 0.999867558 5.391075611
0.999893188 -0.004284984 0.013967596 0.073756829 0.004397818 0.999957800 -0.008057593 -0.306914002 -0.013932481 0.008118161 0.999870002 5.780779839
0.999906063 -0.003830896 0.013159672 0.074786119 0.003948102 0.999952614 -0.008891973 -0.327731341 -0.013124987 0.008943093 0.999873877 6.177069187
0.999922335 -0.003374822 0.011996238 0.074797571 0.003484801 0.999951959 -0.009158812 -0.350337595 -0.011964753 0.009199906 0.999886096 6.582477570
0.999937773 -0.003932673 0.010439154 0.076277293 0.004030576 0.999947965 -0.009374006 -0.373218805 -0.010401747 0.009415496 0.999901593 6.993881702
0.999951541 -0.004578910 0.008712739 0.077670559 0.004661799 0.999943852 -0.009517254 -0.396448165 -0.008668670 0.009557412 0.999916732 7.413115025
0.999953091 -0.006092468 0.007528907 0.079588890 0.006159378 0.999941468 -0.008896100 -0.420970619 -0.007474267 0.008942056 0.999932051 7.836151600
0.999961436 -0.005601056 0.006750103 0.080359615 0.005651514 0.999956071 -0.007479210 -0.443859965 -0.006707914 0.007517070 0.999949217 8.265734673
0.999971926 -0.004517486 0.005973408 0.075103991 0.004551933 0.999972939 -0.005765685 -0.467366666 -0.005947202 0.005792713 0.999965549 8.712356567
0.999985337 -0.002918759 0.004569311 0.071322724 0.002936376 0.999988198 -0.003853457 -0.491323650 -0.004558011 0.003866817 0.999982178 9.154574394
0.999994695 -0.000857888 0.003138517 0.066000529 0.000867518 0.999995053 -0.003068185 -0.511800349 -0.003135869 0.003070892 0.999990344 9.605657578
0.999998093 0.000888015 0.001779398 0.059191853 -0.000883296 0.999996066 -0.002651436 -0.535123587 -0.001781746 0.002649859 0.999994874 10.057995796
0.999999821 0.000400595 -0.000205965 0.054806747 -0.000401072 0.999997199 -0.002320455 -0.561384618 0.000205035 0.002320538 0.999997258 10.519466400
0.999997199 -0.000467941 -0.002319854 0.049217992 0.000462004 0.999996603 -0.002558991 -0.587654114 0.002321044 0.002557912 0.999994040 10.989219666
0.999989629 -0.001421494 -0.004331667 0.045069367 0.001403400 0.999990404 -0.004177371 -0.614519715 0.004337563 0.004171248 0.999981880 11.453405380
0.999975145 -0.004130545 -0.005738898 0.038158059 0.004085945 0.999961555 -0.007761610 -0.642337203 0.005770736 0.007737969 0.999953330 11.931987762
0.999952078 -0.006408629 -0.007393445 0.031949885 0.006328961 0.999922335 -0.010748795 -0.671192288 0.007461756 0.010701489 0.999914825 12.410699844
0.999929309 -0.007303211 -0.009382458 0.024357773 0.007192327 0.999904513 -0.011798115 -0.698539138 0.009467728 0.011729801 0.999886334 12.905033112
0.999911308 -0.006972713 -0.011346828 0.012265325 0.006838172 0.999906301 -0.011853046 -0.726777494 0.011428417 0.011774401 0.999865294 13.401622772
0.999881029 -0.007802450 -0.013303699 -0.000842139 0.007651183 0.999905825 -0.011383510 -0.754586935 0.013391268 0.011280367 0.999846637 13.906623840
0.999848485 -0.008013702 -0.015447837 -0.009725347 0.007856444 0.999916911 -0.010213840 -0.783843696 0.015528405 0.010090927 0.999828517 14.405461311
0.999817610 -0.007649473 -0.017497817 -0.026251972 0.007484582 0.999927282 -0.009469630 -0.815418601 0.017568979 0.009336940 0.999802053 14.910621643
0.999791026 -0.005912099 -0.019575769 -0.043014616 0.005724607 0.999937356 -0.009619957 -0.848762751 0.019631423 0.009505884 0.999762118 15.426985741
0.999751687 -0.006447982 -0.021330062 -0.060268909 0.006232460 0.999929011 -0.010155194 -0.883206904 0.021394026 0.010019735 0.999720871 15.948223114
0.999708652 -0.007017451 -0.023093611 -0.075487554 0.006759270 0.999914110 -0.011238880 -0.913865328 0.023170492 0.011079513 0.999670148 16.473907471
0.999687195 -0.006083554 -0.024258230 -0.094065070 0.005815495 0.999921441 -0.011105468 -0.946050406 0.024323884 0.010960924 0.999644041 17.005502701
0.999666393 -0.007813233 -0.024618365 -0.109415203 0.007566974 0.999920547 -0.010080360 -0.974656284 0.024695165 0.009890708 0.999646127 17.543674469
0.999658048 -0.009217182 -0.024471115 -0.125167221 0.009008951 0.999922395 -0.008605960 -1.007238984 0.024548542 0.008382558 0.999663472 18.081134796
0.999653399 -0.009729124 -0.024463473 -0.139040619 0.009531757 0.999921203 -0.008171621 -1.039217710 0.024541043 0.007935609 0.999667346 18.622322083
0.999659300 -0.008247976 -0.024764502 -0.157278687 0.008066121 0.999939859 -0.007434410 -1.071491480 0.024824334 0.007232124 0.999665678 19.171001434
0.999657393 -0.007319476 -0.025126576 -0.175525874 0.007144776 0.999949872 -0.007035578 -1.103952765 0.025176812 0.006853645 0.999659538 19.727306366
0.999637127 -0.006944230 -0.026027193 -0.193228841 0.006759947 0.999951601 -0.007161702 -1.136915445 0.026075665 0.006983162 0.999635577 20.286300659
0.999594033 -0.008950492 -0.027050009 -0.209862381 0.008740104 0.999930680 -0.007886007 -1.171397328 0.027118718 0.007646384 0.999602973 20.842491150
0.999557853 -0.010008086 -0.027998986 -0.226223379 0.009826873 0.999929905 -0.006602231 -1.205467820 0.028063092 0.006324170 0.999586105 21.409214020
0.999545932 -0.009287019 -0.028665325 -0.244341344 0.009157549 0.999947250 -0.004644576 -1.235632539 0.028706944 0.004379961 0.999578297 21.981002808
0.999513626 -0.010869949 -0.029228842 -0.261412263 0.010764782 0.999935031 -0.003752990 -1.265987277 0.029267736 0.003436523 0.999565661 22.556226730
0.999491930 -0.010873427 -0.029961120 -0.283171743 0.010808578 0.999938846 -0.002325561 -1.297668934 0.029984577 0.002000542 0.999548376 23.131120682
0.999454618 -0.011303608 -0.031026250 -0.304023713 0.011301350 0.999936044 -0.000248123 -1.328287244 0.031027077 -0.000102651 0.999518514 23.713253021
0.999381304 -0.013912071 -0.032301582 -0.325176656 0.013940159 0.999902606 0.000644517 -1.358635068 0.032289464 -0.001094407 0.999477983 24.305746078
0.999329746 -0.015413677 -0.033204086 -0.348366648 0.015396482 0.999881148 -0.000773554 -1.391183615 0.033212066 0.000261810 0.999448299 24.883440018
0.999275923 -0.016420782 -0.034321006 -0.371979415 0.016354449 0.999863803 -0.002212611 -1.424955964 0.034352664 0.001649707 0.999408424 25.468978882
0.999220848 -0.017551675 -0.035350606 -0.395904660 0.017429376 0.999840975 -0.003764992 -1.458952785 0.035411067 0.003145919 0.999367833 26.064790726
0.999145150 -0.019152679 -0.036631301 -0.416367829 0.018993545 0.999808609 -0.004687255 -1.493430138 0.036714073 0.003987490 0.999318004 26.665855408
0.999036014 -0.021494521 -0.038279451 -0.438796937 0.021348346 0.999763191 -0.004223514 -1.525037169 0.038361181 0.003402239 0.999258161 27.265188217
0.998952806 -0.022508105 -0.039833374 -0.462712944 0.022447497 0.999746084 -0.001968107 -1.558873415 0.039867558 0.001071887 0.999204397 27.870664597
0.998922527 -0.021819517 -0.040958010 -0.492379069 0.021828564 0.999761641 -0.000226270 -1.590466142 0.040953193 -0.000668028 0.999160826 28.480875015
0.998918235 -0.019809542 -0.042070527 -0.521851540 0.019840369 0.999803245 0.000315243 -1.627586603 0.042056013 -0.001149596 0.999114513 29.085968018
0.998898745 -0.018522095 -0.043105498 -0.554003954 0.018535474 0.999828219 -0.000089357 -1.662504673 0.043099746 -0.000709723 0.999070525 29.689846039
0.998844504 -0.018462572 -0.044371292 -0.583824575 0.018444363 0.999829471 -0.000819733 -1.696267128 0.044378854 0.000000385 0.999014795 30.303434372
0.998796761 -0.018109681 -0.045575403 -0.616312504 0.018077653 0.999835908 -0.001114994 -1.729834437 0.045588106 0.000289756 0.998960197 30.919914246
0.998776913 -0.017153516 -0.046373233 -0.650241911 0.017138449 0.999852777 -0.000722656 -1.763052583 0.046378803 -0.000072993 0.998923838 31.533870697
0.998754561 -0.016422899 -0.047110967 -0.684133232 0.016464453 0.999864340 0.000494158 -1.795005441 0.047096450 -0.001269199 0.998889685 32.155258179
0.998710394 -0.016852625 -0.047889490 -0.717922151 0.016978528 0.999853313 0.002223645 -1.827694178 0.047844991 -0.003033871 0.998850167 32.771152496
0.998667121 -0.015878744 -0.049110591 -0.751734436 0.016091395 0.999862790 0.003937586 -1.860649109 0.049041335 -0.004722595 0.998785496 33.392261505
0.998596966 -0.016082378 -0.050452411 -0.788163841 0.016343163 0.999855042 0.004760592 -1.893793941 0.050368540 -0.005578463 0.998715103 34.012001038
0.998523295 -0.016358864 -0.051803909 -0.819756091 0.016680734 0.999844134 0.005786976 -1.924138784 0.051701166 -0.006642559 0.998640537 34.635486603
0.998483360 -0.015716409 -0.052765876 -0.855603456 0.016084777 0.999849021 0.006563700 -1.955439091 0.052654773 -0.007402472 0.998585343 35.260410309
0.998438537 -0.015618930 -0.053633168 -0.891814947 0.015986282 0.999851465 0.006427162 -1.986385345 0.053524822 -0.007274522 0.998540044 35.883251190
0.998418510 -0.014549683 -0.054302692 -0.929356337 0.014921905 0.999867737 0.006455403 -2.018098354 0.054201592 -0.007255493 0.998503625 36.510257721
0.998407781 -0.012992278 -0.054891847 -0.971823931 0.013389515 0.999886632 0.006875175 -2.049164772 0.054796316 -0.007599204 0.998468637 37.137336731
0.998352647 -0.014688941 -0.055463489 -1.008154035 0.015085873 0.999863446 0.006744776 -2.078208685 0.055356842 -0.007570381 0.998437941 37.770557404
0.998299181 -0.016481325 -0.055920258 -1.041829109 0.016863056 0.999837518 0.006361293 -2.108588457 0.055806331 -0.007293461 0.998414993 38.397190094
0.998276234 -0.016065214 -0.056447264 -1.079610825 0.016413905 0.999848843 0.005718998 -2.141659021 0.056346856 -0.006635661 0.998389184 39.032875061
0.998324156 -0.012928738 -0.056405250 -1.123166323 0.013197965 0.999903142 0.004403160 -2.172988176 0.056342870 -0.005140216 0.998398244 39.661750793
0.998313904 -0.011843326 -0.056823488 -1.164280534 0.012017611 0.999924004 0.002726356 -2.206559420 0.056786887 -0.003404642 0.998380542 40.297367096
0.998293996 -0.011172455 -0.057308637 -1.207481861 0.011281808 0.999935031 0.001584944 -2.240184069 0.057287209 -0.002228785 0.998355269 40.930774689
0.998228073 -0.011506311 -0.058379423 -1.245001197 0.011660915 0.999929368 0.002308265 -2.271766663 0.058348734 -0.002984933 0.998291790 41.573276520
0.998197258 -0.011142935 -0.058977533 -1.285120249 0.011393320 0.999927461 0.003910846 -2.305146456 0.058929693 -0.004575745 0.998251677 42.217784882
0.998159587 -0.010929469 -0.059649002 -1.322848320 0.011271425 0.999921918 0.005399344 -2.338075876 0.059585348 -0.006061735 0.998204827 42.855651855
0.998180807 -0.009754582 -0.059497099 -1.368574023 0.010147840 0.999928594 0.006311164 -2.373413324 0.059431285 -0.006903449 0.998208523 43.495464325
0.998135984 -0.010998673 -0.060029861 -1.408696771 0.011335198 0.999921858 0.005268265 -2.403566837 0.059967231 -0.005938894 0.998182595 44.140274048
0.998086274 -0.011995335 -0.060662050 -1.447673440 0.012257218 0.999917090 0.003946765 -2.438957691 0.060609676 -0.004682760 0.998150587 44.779773712
0.998033285 -0.013930375 -0.061118972 -1.486518264 0.014206653 0.999890745 0.004088093 -2.471560955 0.061055340 -0.004948350 0.998122036 45.422809601
0.997976303 -0.015824428 -0.061586313 -1.524574637 0.016182341 0.999854863 0.005317017 -2.502843618 0.061493240 -0.006302867 0.998087525 46.063438416
0.997952759 -0.015123270 -0.062141519 -1.564225078 0.015628584 0.999848485 0.007653699 -2.534293175 0.062016349 -0.008609213 0.998037994 46.703460693
0.997928262 -0.013984487 -0.062796958 -1.606815934 0.014630323 0.999844611 0.009836446 -2.565171480 0.062649615 -0.010734809 0.997977853 47.344020844
0.997920275 -0.013003409 -0.063135497 -1.651462078 0.013722872 0.999845624 0.010975304 -2.600754261 0.062983043 -0.011818877 0.997944534 47.980190277
0.997864962 -0.013136048 -0.063974015 -1.692238212 0.013816017 0.999852479 0.010198090 -2.631046057 0.063830614 -0.011060186 0.997899473 48.610092163
0.997845709 -0.012733593 -0.064356655 -1.736464381 0.013305464 0.999875665 0.008465152 -2.665221691 0.064240843 -0.009303211 0.997891068 49.240543365
0.997810423 -0.013696547 -0.064705439 -1.777463317 0.014113076 0.999882519 0.005984610 -2.698679924 0.064615868 -0.006884700 0.997886479 49.863883972
0.997801542 -0.013801665 -0.064819619 -1.820364833 0.014100416 0.999891877 0.004153706 -2.730419397 0.064755298 -0.005058559 0.997888267 50.490150452
0.997763216 -0.014436248 -0.065270066 -1.862690926 0.014743152 0.999882340 0.004222815 -2.761531353 0.065201432 -0.005175654 0.997858703 51.118911743
0.997720361 -0.015036270 -0.065787390 -1.904265285 0.015432059 0.999865651 0.005512130 -2.796214581 0.065695681 -0.006514800 0.997818410 51.739532471
0.997715950 -0.013486494 -0.066189401 -1.949509740 0.013998022 0.999875546 0.007270535 -2.829617500 0.066083111 -0.008180448 0.997780561 52.364624023
0.997682273 -0.012419562 -0.066901647 -1.992802620 0.013088699 0.999868512 0.009572805 -2.861606121 0.066773951 -0.010426274 0.997713566 52.991657257
0.997653842 -0.012771650 -0.067258738 -2.032824039 0.013499724 0.999854922 0.010381606 -2.891483307 0.067116410 -0.011265223 0.997681558 53.613979340
0.997621238 -0.013085173 -0.067679860 -2.075138569 0.013802350 0.999853253 0.010139911 -2.922936440 0.067537226 -0.011049931 0.997655690 54.236568451
0.997651041 -0.011808630 -0.067475803 -2.120336533 0.012479618 0.999876678 0.009531266 -2.954681635 0.067354925 -0.010350948 0.997675300 54.852348328
0.997672677 -0.012034575 -0.067114010 -2.163418293 0.012577577 0.999891460 0.007674038 -2.985501289 0.067014396 -0.008500309 0.997715771 55.468036652
0.997656226 -0.013587607 -0.067062512 -2.204509258 0.014006346 0.999885142 0.005777782 -3.017469883 0.066976309 -0.006703541 0.997732043 56.086910248
0.997682273 -0.013506840 -0.066692829 -2.249375105 0.013823156 0.999895275 0.004283676 -3.049397230 0.066627994 -0.005195652 0.997764349 56.702899933
0.997681975 -0.013546758 -0.066685446 -2.292524338 0.013778999 0.999900460 0.003023932 -3.080317736 0.066637836 -0.003935781 0.997769475 57.326217651
0.997679830 -0.013681699 -0.066691257 -2.336587906 0.013880250 0.999900520 0.002514727 -3.113758564 0.066650212 -0.003434584 0.997770488 57.946411133
0.997679949 -0.013775279 -0.066670835 -2.380393505 0.013951964 0.999900281 0.002185194 -3.148447275 0.066634096 -0.003110314 0.997772634 58.568050385
0.997673750 -0.013352985 -0.066848986 -2.424455881 0.013527496 0.999906182 0.002158527 -3.182663679 0.066813894 -0.003057804 0.997760773 59.189132690
0.997670770 -0.012143712 -0.067121640 -2.469713688 0.012351525 0.999920249 0.002681956 -3.216289997 0.067083716 -0.003504764 0.997741222 59.807853699
0.997648418 -0.012751941 -0.067342758 -2.513839245 0.012993777 0.999910593 0.003154292 -3.249501467 0.067296505 -0.004021910 0.997725010 60.433742523
0.997620165 -0.014783378 -0.067344621 -2.555171490 0.014979742 0.999884903 0.002411761 -3.285325766 0.067301214 -0.003414826 0.997726798 61.052238464
0.997535408 -0.018567447 -0.067663923 -2.593588114 0.018688507 0.999824703 0.001156591 -3.321578503 0.067630582 -0.002418278 0.997707486 61.669841766
0.997511089 -0.020030573 -0.067604795 -2.635766506 0.020133797 0.999797046 0.000845775 -3.357017756 0.067574121 -0.002204812 0.997711837 62.284065247
0.997563004 -0.017693320 -0.067491159 -2.681922913 0.017889453 0.999837279 0.002302717 -3.389099836 0.067439422 -0.003504485 0.997717202 62.901695251
0.997598588 -0.015541079 -0.067493722 -2.726755142 0.015981054 0.999854386 0.005983684 -3.418886185 0.067390889 -0.007047937 0.997701764 63.526645660
0.997605264 -0.014094415 -0.067712411 -2.773535252 0.014838704 0.999834776 0.010501544 -3.448285818 0.067553185 -0.011481160 0.997649610 64.157310486
0.997555792 -0.014720130 -0.068306632 -2.818740368 0.015687754 0.999783754 0.013651134 -3.478090048 0.068090938 -0.014689344 0.997570932 64.785217285
0.997543693 -0.014872273 -0.068449669 -2.862276077 0.015933795 0.999760687 0.014988268 -3.505528688 0.068210356 -0.016042117 0.997542083 65.413070679
0.997538328 -0.016019760 -0.068268761 -2.903805017 0.017071752 0.999743879 0.014854061 -3.532853603 0.068013310 -0.015982965 0.997556388 66.040695190
0.997558057 -0.016775578 -0.067799412 -2.948219299 0.017639862 0.999770343 0.012169105 -3.560914278 0.067579716 -0.013335358 0.997624695 66.665649414
0.997628212 -0.013704986 -0.067454986 -2.994295120 0.014388961 0.999849796 0.009664306 -3.590653181 0.067312405 -0.010611991 0.997675538 67.283523560
0.997725308 -0.010092292 -0.066650778 -3.045055389 0.010674066 0.999907851 0.008378297 -3.620041370 0.066560075 -0.009070672 0.997741282 67.906204224
0.997737467 -0.007440755 -0.066815399 -3.094591379 0.007858925 0.999951124 0.005997953 -3.649893284 0.066767499 -0.006509480 0.997747302 68.529495239
0.997724950 -0.005420823 -0.067197479 -3.142407417 0.005827174 0.999965906 0.005852563 -3.681165218 0.067163467 -0.006230820 0.997722447 69.160308838
0.997749686 -0.001309264 -0.067036398 -3.192138433 0.001843635 0.999967039 0.007910118 -3.710466146 0.067023836 -0.008015908 0.997719169 69.787597656
0.997760296 0.000252518 -0.066890478 -3.240057230 0.000444907 0.999945641 0.010411281 -3.739816666 0.066889487 -0.010417724 0.997705996 70.420883179
0.997810423 0.000804929 -0.066133745 -3.287641287 -0.000007935 0.999927402 0.012050629 -3.770191431 0.066138647 -0.012023719 0.997738004 71.054115295
0.997860134 -0.000705087 -0.065380603 -3.331808329 0.001432383 0.999937594 0.011077828 -3.803495407 0.065368704 -0.011147774 0.997798860 71.683692932
0.997891545 -0.000828205 -0.064898096 -3.376410007 0.001310978 0.999971807 0.007396716 -3.840166569 0.064890139 -0.007466200 0.997864485 72.304550171
0.997908235 -0.000559787 -0.064643547 -3.420599937 0.000738559 0.999995947 0.002741636 -3.876361609 0.064641751 -0.002783645 0.997904658 72.926795959
0.997923553 0.001020797 -0.064401790 -3.468488216 -0.000991404 0.999999344 0.000488349 -3.904932261 0.064402267 -0.000423487 0.997923911 73.555625916
0.997876942 0.003866823 -0.065012820 -3.512659073 -0.003692044 0.999989212 0.002808304 -3.938142300 0.065022975 -0.002562312 0.997880459 74.171424866
0.997833312 0.004394602 -0.065647170 -3.555881977 -0.003942737 0.999967635 0.007011209 -3.964667797 0.065675847 -0.006737188 0.997818291 74.800476074
0.997840047 0.003371764 -0.065603852 -3.602605581 -0.002611299 0.999928415 0.011674089 -3.997617245 0.065638520 -0.011477564 0.997777462 75.431182861
0.997811913 0.003782054 -0.066007018 -3.644552231 -0.002834047 0.999891579 0.014449946 -4.026643276 0.066054508 -0.014231262 0.997714520 76.055358887
0.997808278 0.004237330 -0.066035718 -3.696959257 -0.003296199 0.999891520 0.014354297 -4.052102566 0.066089377 -0.014105169 0.997713983 76.705657959
0.997751832 0.001552941 -0.066999108 -3.735967875 -0.000709031 0.999920130 0.012617777 -4.084590435 0.067013346 -0.012541906 0.997673273 77.320777893
0.997650445 -0.003217774 -0.068434536 -3.774729729 0.003816883 0.999955535 0.008625520 -4.117184162 0.068403736 -0.008866458 0.997618318 77.941978455
0.997607172 -0.004289102 -0.069005817 -3.824714899 0.004655747 0.999975801 0.005153270 -4.147658825 0.068982042 -0.005462211 0.997602940 78.560958862
0.997559965 -0.005023829 -0.069634020 -3.870374441 0.005268713 0.999980569 0.003333508 -4.179233074 0.069615923 -0.003692255 0.997567058 79.185089111
0.997479618 -0.007937931 -0.070507161 -3.915576935 0.008151271 0.999963045 0.002738603 -4.212600231 0.070482790 -0.003306424 0.997507632 79.803970337
0.997370899 -0.010559999 -0.071691483 -3.962756157 0.010968594 0.999925733 0.005308029 -4.241975307 0.071630120 -0.006080429 0.997412741 80.428459167
0.997279167 -0.009174534 -0.073144026 -4.010492802 0.009923238 0.999901950 0.009879177 -4.272291183 0.073046215 -0.010578124 0.997272432 81.065551758
0.997219086 -0.007831323 -0.074112125 -4.062776566 0.008814743 0.999877155 0.012951565 -4.301502705 0.074001610 -0.013568828 0.997165740 81.689750671
0.997151613 -0.008706229 -0.074917771 -4.111118317 0.009941481 0.999820352 0.016130991 -4.332281590 0.074763879 -0.016829839 0.997059166 82.314491272
0.997103453 -0.008491323 -0.075580820 -4.165913582 0.009793809 0.999809563 0.016879082 -4.357250214 0.075423107 -0.017570416 0.996996820 82.950859070
0.997076929 -0.007249878 -0.076059118 -4.219282150 0.008474971 0.999839246 0.015796730 -4.384849548 0.075932361 -0.016395152 0.996978283 83.579406738
0.997052491 -0.006716767 -0.076427773 -4.274313927 0.007747049 0.999882936 0.013191988 -4.410497189 0.076330230 -0.013745192 0.996987820 84.206222534
0.997058928 -0.005013958 -0.076474667 -4.327370644 0.005878509 0.999921262 0.011084149 -4.437550545 0.076413073 -0.011501106 0.997009933 84.830314636
0.997088730 -0.003142129 -0.076185167 -4.380758762 0.003877966 0.999947190 0.009512510 -4.467426300 0.076151259 -0.009780261 0.997048318 85.455268860
0.997144103 -0.001340383 -0.075510293 -4.434676170 0.001904843 0.999970794 0.007403750 -4.496519089 0.075498156 -0.007526441 0.997117639 86.080696106
0.997207582 -0.000593531 -0.074677259 -4.486600876 0.001020954 0.999983251 0.005685553 -4.528186321 0.074672632 -0.005745918 0.997191548 86.707496643
0.997259140 -0.001712578 -0.073968053 -4.535427570 0.002023015 0.999989450 0.004122197 -4.560675621 0.073960215 -0.004260537 0.997252107 87.338752747
0.997299671 -0.001709739 -0.073419794 -4.582511425 0.001927770 0.999993920 0.002898881 -4.595557213 0.073414393 -0.003032590 0.997296929 87.965156555
0.997356296 -0.000803639 -0.072662205 -4.627976418 0.000986466 0.999996424 0.002480271 -4.626439095 0.072659947 -0.002545392 0.997353554 88.596588135
0.997436106 -0.001584784 -0.071544640 -4.675167561 0.001769716 0.999995351 0.002521539 -4.662377357 0.071540296 -0.002641688 0.997434199 89.236137390
0.997539401 -0.000186661 -0.070108056 -4.725854874 0.000351119 0.999997199 0.002333465 -4.695644855 0.070107423 -0.002352340 0.997536659 89.871612549
0.997638941 0.002701299 -0.068624325 -4.773883343 -0.002634243 0.999996066 0.001067623 -4.731690884 0.068626918 -0.000884329 0.997641981 90.511589050
0.997752905 0.006153714 -0.066715874 -4.821875572 -0.006276842 0.999978960 -0.001636103 -4.769206047 0.066704400 0.002051191 0.997770607 91.136253357
0.997867882 0.006890693 -0.064900182 -4.865479946 -0.007174087 0.999965668 -0.004134555 -4.807577610 0.064869463 0.004591339 0.997883201 91.766708374
0.997995496 0.006546395 -0.062945001 -4.907646179 -0.006932420 0.999958456 -0.005916305 -4.845030785 0.062903658 0.006340808 0.997999430 92.404747009
0.998103559 0.005577564 -0.061303731 -4.946233749 -0.005871627 0.999972105 -0.004617718 -4.880761147 0.061276272 0.004968914 0.998108447 93.047981262
0.998221874 0.003701855 -0.059492342 -4.986045837 -0.003727215 0.999993026 -0.000315297 -4.914702892 0.059490766 0.000536477 0.998228729 93.685874939
0.998320222 0.002846319 -0.057867479 -5.023947716 -0.002546473 0.999982893 0.005254677 -4.944932461 0.057881460 -0.005098491 0.998310447 94.333587646
0.998390496 0.000565500 -0.056709345 -5.059712410 0.000003362 0.999949694 0.010030597 -4.973694324 0.056712162 -0.010014646 0.998340487 94.978240967
0.998427629 -0.002820819 -0.055984039 -5.089947224 0.003468489 0.999928117 0.011475013 -5.005401134 0.055947650 -0.011651150 0.998365760 95.616989136
0.998470843 -0.006092667 -0.054944541 -5.121924400 0.006565596 0.999942899 0.008430982 -5.041563988 0.054890037 -0.008778834 0.998453796 96.254013062
0.998480737 -0.009335818 -0.054305393 -5.149549007 0.009488972 0.999951720 0.002563071 -5.072528839 0.054278843 -0.003074479 0.998521030 96.888984680
0.998518527 -0.012413671 -0.052978072 -5.179929733 0.012263249 0.999919772 -0.003163448 -5.112672806 0.053013101 0.002509078 0.998590648 97.523078918
0.998564780 -0.013834109 -0.051738445 -5.209575176 0.013516105 0.999887586 -0.006491247 -5.146295071 0.051822439 0.005782630 0.998639584 98.160453796
0.998602688 -0.013921845 -0.050977245 -5.236364365 0.013625458 0.999888182 -0.006157000 -5.184619427 0.051057253 0.005453809 0.998680830 98.798820496
0.998691499 -0.013612540 -0.049295176 -5.274534225 0.013432553 0.999901772 -0.003980646 -5.218930721 0.049344532 0.003313277 0.998776317 99.458732605
0.998732030 -0.012917034 -0.048656333 -5.300961494 0.012990665 0.999914885 0.001197329 -5.261486053 0.048636716 -0.001827889 0.998814821 100.104507446
0.998818994 -0.010819836 -0.047366217 -5.341291428 0.011088664 0.999923825 0.005416432 -5.300710201 0.047303997 -0.005935263 0.998862922 100.748008728
0.998858929 -0.010326440 -0.046630982 -5.372154236 0.010703481 0.999911964 0.007843141 -5.330318928 0.046545882 -0.008333303 0.998881400 101.407615662
0.998903930 -0.010073454 -0.045710959 -5.404452801 0.010477010 0.999908090 0.008597414 -5.362485409 0.045620162 -0.009066904 0.998917699 102.072166443
0.998975217 -0.008247000 -0.044501059 -5.438580513 0.008545284 0.999942362 0.006516827 -5.395745277 0.044444732 -0.006890425 0.998988092 102.719169617
0.999020040 -0.007204008 -0.043669540 -5.465424061 0.007360130 0.999967098 0.003415353 -5.429673672 0.043643493 -0.003733420 0.999040306 103.369667053
0.999079108 -0.004718680 -0.042648856 -5.502582550 0.004706097 0.999988794 -0.000395468 -5.463898182 0.042650245 0.000194394 0.999090016 104.024597168
0.999105394 -0.003169675 -0.042170938 -5.524008274 0.003006322 0.999987721 -0.003936447 -5.502402306 0.042182893 0.003806147 0.999102592 104.652755737
0.999128997 -0.003630182 -0.041569889 -5.555089474 0.003368538 0.999974191 -0.006362378 -5.542284012 0.041591913 0.006216807 0.999115288 105.307525635
0.999133587 -0.006867876 -0.041047867 -5.580336571 0.006584669 0.999953628 -0.007030658 -5.575860977 0.041094247 0.006754280 0.999132454 105.969268799
0.999152780 -0.007884399 -0.040392868 -5.607738972 0.007712371 0.999960542 -0.004412929 -5.615503788 0.040426075 0.004097665 0.999174058 106.629020691
0.999175370 -0.008807056 -0.039633859 -5.634026527 0.008798334 0.999961197 -0.000394519 -5.650047302 0.039635792 0.000045482 0.999214172 107.297882080
0.999192059 -0.009667395 -0.039010458 -5.661303520 0.009820713 0.999944925 0.003740444 -5.685013294 0.038972136 -0.004120533 0.999231815 107.954597473
0.999170125 -0.012051738 -0.038905952 -5.684265137 0.012324386 0.999901056 0.006775705 -5.721515179 0.038820442 -0.007249575 0.999219894 108.621856689
0.999168396 -0.013527615 -0.038462993 -5.713115215 0.013825114 0.999876440 0.007479257 -5.757410049 0.038357068 -0.008004794 0.999232054 109.278923035
0.999160767 -0.015003991 -0.038113818 -5.738864899 0.015280228 0.999858916 0.006966771 -5.791082382 0.038003910 -0.007543311 0.999249101 109.931251526
0.999170840 -0.015542529 -0.037630521 -5.766481400 0.015794734 0.999854624 0.006414102 -5.824738503 0.037525352 -0.007003148 0.999271154 110.594650269
0.999170363 -0.016632784 -0.037173294 -5.786727428 0.016866058 0.999839902 0.005970588 -5.859109879 0.037068039 -0.006592601 0.999291003 111.251922607
0.999178886 -0.017254792 -0.036658768 -5.817020893 0.017465053 0.999832690 0.005423091 -5.889322758 0.036559060 -0.006058885 0.999313056 111.919479370
0.999212086 -0.016705599 -0.036002263 -5.845221519 0.016913058 0.999842048 0.005465542 -5.923564434 0.035905275 -0.006070144 0.999336720 112.584877014
0.999202013 -0.017552696 -0.035878822 -5.868795395 0.017744133 0.999829948 0.005024120 -5.953397274 0.035784543 -0.005656750 0.999343514 113.252044678
0.999213576 -0.017579162 -0.035539620 -5.896492004 0.017763155 0.999830365 0.004868151 -5.985582352 0.035448000 -0.005495619 0.999356389 113.908546448
0.999193251 -0.018915512 -0.035426959 -5.922110081 0.019098358 0.999805927 0.004829946 -6.026077271 0.035328723 -0.005502646 0.999360621 114.573425293
0.999155402 -0.020665288 -0.035517365 -5.943679810 0.020819087 0.999775410 0.003965812 -6.059530258 0.035427433 -0.004701902 0.999361217 115.236442566
0.999140501 -0.021643458 -0.035352763 -5.968021393 0.021778779 0.999756813 0.003447017 -6.097681999 0.035269558 -0.004213993 0.999369085 115.903488159
0.999146998 -0.021823063 -0.035057750 -5.991890907 0.021915598 0.999757230 0.002257272 -6.133572578 0.034999982 -0.003023657 0.999382734 116.563087463
0.999125779 -0.023394378 -0.034645118 -6.016401768 0.023424894 0.999725461 0.000475160 -6.172178745 0.034624491 -0.001286303 0.999399483 117.219932556
0.999087751 -0.025226932 -0.034454815 -6.043877602 0.025172420 0.999681115 -0.002015031 -6.212140560 0.034494657 0.001145882 0.999404252 117.886955261
0.999024212 -0.027685309 -0.034410678 -6.064276218 0.027523255 0.999607742 -0.005174282 -6.254169941 0.034540441 0.004222139 0.999394357 118.547523499
0.998894334 -0.032058217 -0.034386031 -6.082880497 0.031779490 0.999457717 -0.008622351 -6.296324253 0.034643803 0.007520047 0.999371409 119.207046509
0.998843849 -0.033476863 -0.034500666 -6.103365421 0.033147588 0.999399722 -0.010072578 -6.337865353 0.034817155 0.008917318 0.999353886 119.871292114
0.998840988 -0.033601943 -0.034461398 -6.128086567 0.033303171 0.999402881 -0.009207788 -6.377023697 0.034750219 0.008049442 0.999363601 120.534416199
0.998859107 -0.032880966 -0.034631632 -6.153154373 0.032725103 0.999451578 -0.005058035 -6.418680191 0.034778956 0.003918942 0.999387324 121.200576782
0.998866618 -0.032210339 -0.035040449 -6.180600166 0.032258201 0.999479234 0.000801365 -6.453656197 0.034996387 -0.001930799 0.999385536 121.865570068
0.998965979 -0.028382689 -0.035516575 -6.209301472 0.028643433 0.999566317 0.006854238 -6.488119602 0.035306618 -0.007864468 0.999345601 122.541015625
0.999051452 -0.024852522 -0.035755854 -6.238170147 0.025275528 0.999615312 0.011427426 -6.521893978 0.035458099 -0.012320337 0.999295235 123.205879211
0.999106884 -0.022259785 -0.035915967 -6.268262863 0.022710714 0.999667704 0.012196342 -6.550015926 0.035632543 -0.013001125 0.999280393 123.871192932
0.999127150 -0.021435143 -0.035853520 -6.296330452 0.021804884 0.999712706 0.009953415 -6.584827900 0.035629865 -0.010726509 0.999307513 124.534149170
0.999120831 -0.021868095 -0.035768542 -6.324014664 0.022080619 0.999740720 0.005557380 -6.619377136 0.035637736 -0.006342285 0.999344587 125.192298889
0.999129415 -0.021165874 -0.035951030 -6.348011971 0.021218296 0.999774277 0.001077199 -6.651788712 0.035920106 -0.001839081 0.999352992 125.854225159
0.999161899 -0.019823292 -0.035811082 -6.379041672 0.019784769 0.999803245 -0.001429862 -6.686324120 0.035832379 0.000720150 0.999357581 126.516532898
0.999151468 -0.019749824 -0.036145549 -6.406515121 0.019710707 0.999804676 -0.001438302 -6.722793579 0.036166906 0.000724628 0.999345422 127.182441711
0.999119043 -0.020583976 -0.036570366 -6.431314468 0.020586219 0.999788046 -0.000315283 -6.759964943 0.036569104 -0.000437841 0.999331057 127.849060059
0.999072194 -0.021466432 -0.037336208 -6.454148293 0.021495972 0.999768853 0.000389969 -6.798214436 0.037319206 -0.001192185 0.999302685 128.516174316
0.999034762 -0.022796970 -0.037547302 -6.479236126 0.022828687 0.999739230 0.000416203 -6.836792946 0.037528023 -0.001272957 0.999294698 129.179885864
0.999011874 -0.023667129 -0.037617929 -6.503997326 0.023698283 0.999719083 0.000382346 -6.874888897 0.037598312 -0.001273448 0.999292135 129.845489502
0.999008298 -0.024049385 -0.037468940 -6.531743526 0.024084486 0.999709785 0.000485527 -6.910553932 0.037446387 -0.001387465 0.999297678 130.506622314
0.998992264 -0.024739243 -0.037449088 -6.558522224 0.024788601 0.999692440 0.000854190 -6.948455334 0.037416436 -0.001781639 0.999298155 131.170745850
0.998981833 -0.024939392 -0.037594192 -6.583001614 0.024991145 0.999687254 0.000907231 -6.984517097 0.037559811 -0.001845830 0.999292672 131.838317871
0.998973668 -0.025316203 -0.037558869 -6.609993935 0.025361171 0.999678075 0.000721225 -7.022437096 0.037528526 -0.001673021 0.999294162 132.497283936
0.998899281 -0.027911877 -0.037698656 -6.634289265 0.027956201 0.999608934 0.000649079 -7.058342457 0.037665803 -0.001702276 0.999288917 133.162231445
0.998814702 -0.029822625 -0.038468286 -6.656227112 0.029904390 0.999551475 0.001551611 -7.092920780 0.038404759 -0.002700142 0.999258578 133.822906494
0.998748243 -0.030757910 -0.039445490 -6.682375908 0.030924549 0.999515295 0.003621427 -7.127789497 0.039314985 -0.004836728 0.999215186 134.482467651
0.998695493 -0.031378608 -0.040283162 -6.711469650 0.031613436 0.999486625 0.005205482 -7.164962769 0.040099140 -0.006472182 0.999174774 135.137496948
0.998632550 -0.032638904 -0.040836189 -6.739863873 0.032921620 0.999438286 0.006269880 -7.199841499 0.040608604 -0.007605699 0.999146163 135.789794922
0.998632073 -0.032031935 -0.041327134 -6.768501759 0.032300953 0.999460995 0.005858172 -7.236493587 0.041117206 -0.007185064 0.999128520 136.435577393
0.998600900 -0.032147042 -0.041985363 -6.797392368 0.032346237 0.999468565 0.004073620 -7.271563053 0.041832097 -0.005425990 0.999109924 137.088806152
0.998582125 -0.031821005 -0.042675480 -6.827767372 0.031968571 0.999485135 0.002779602 -7.310039043 0.042565044 -0.004139936 0.999085128 137.734344482
0.998559296 -0.031638514 -0.043338615 -6.856773853 0.031776890 0.999491811 0.002507485 -7.344257355 0.043237254 -0.003881039 0.999057293 138.377105713
0.998558044 -0.030841626 -0.043939322 -6.885611534 0.031014293 0.999513626 0.003253329 -7.378530025 0.043817610 -0.004611385 0.999028921 139.023040771
0.998577714 -0.029381886 -0.044491392 -6.917698860 0.029614490 0.999550939 0.004577764 -7.413814545 0.044336911 -0.005888843 0.998999298 139.664489746
0.998589396 -0.028105350 -0.045047246 -6.949676037 0.028382251 0.999581933 0.005519094 -7.447844028 0.044873293 -0.006789851 0.998969734 140.298583984
0.998546779 -0.027799794 -0.046167824 -6.978034973 0.028104113 0.999587238 0.005955579 -7.482007027 0.045983214 -0.007244430 0.998915970 140.929168701
0.998486102 -0.027582616 -0.047589451 -7.009155273 0.027901774 0.999592245 0.006055123 -7.518228054 0.047403030 -0.007373785 0.998848557 141.558532715
0.998455405 -0.026178230 -0.049005724 -7.046791077 0.026521806 0.999627888 0.006373691 -7.550257206 0.048820637 -0.007663566 0.998778164 142.182342529
0.998382568 -0.025161967 -0.050981071 -7.083101749 0.025572063 0.999645531 0.007407817 -7.583803177 0.050776605 -0.008699526 0.998672128 142.809219360
0.998266041 -0.024752617 -0.053406417 -7.122532845 0.025246590 0.999644279 0.008594500 -7.615416050 0.053174675 -0.009927926 0.998535872 143.438751221
0.998121977 -0.024482964 -0.056152262 -7.161052227 0.025070488 0.999637842 0.009782511 -7.646727562 0.055892412 -0.011171904 0.998374283 144.060745239
0.997951210 -0.024643712 -0.059044678 -7.201121807 0.025337689 0.999618053 0.011033525 -7.675686836 0.058750235 -0.012506974 0.998194337 144.683654785
0.997771621 -0.025002548 -0.061858639 -7.242145538 0.025790503 0.999595702 0.011972412 -7.704625130 0.061534289 -0.013541097 0.998013139 145.294998169
0.997627497 -0.023789905 -0.064601675 -7.289355278 0.024671346 0.999612749 0.012880914 -7.735468864 0.064270206 -0.014444164 0.997828126 145.904861450
0.997467637 -0.022832515 -0.067357048 -7.337915421 0.023791872 0.999626100 0.013475181 -7.763587952 0.067024171 -0.015043607 0.997637928 146.511642456
0.997295558 -0.022126960 -0.070085779 -7.386700630 0.023139229 0.999638796 0.013664366 -7.794900894 0.069758140 -0.015249141 0.997447312 147.109680176
0.997084677 -0.021951834 -0.073076367 -7.435074806 0.023006363 0.999642551 0.013620061 -7.824075699 0.072751261 -0.015261574 0.997233331 147.700439453
0.996853173 -0.022463763 -0.076020181 -7.484790802 0.023495160 0.999643266 0.012700228 -7.852213860 0.075707763 -0.014446368 0.997025311 148.292175293
0.996594787 -0.023965059 -0.078895815 -7.529791832 0.024903663 0.999630034 0.010934296 -7.885011196 0.078604601 -0.012861857 0.996822894 148.871093750
0.996341109 -0.025542894 -0.081558757 -7.576002598 0.026363775 0.999611974 0.009003761 -7.916327000 0.081297107 -0.011121015 0.996627867 149.444091797
0.996080995 -0.026649771 -0.084335424 -7.625104427 0.027359489 0.999599218 0.007270677 -7.943660259 0.084107846 -0.009549557 0.996410906 150.021316528
0.995850384 -0.027576908 -0.086727038 -7.676499844 0.028232809 0.999581158 0.006345080 -7.973484039 0.086515740 -0.008767299 0.996211886 150.588409424
0.995598257 -0.028432094 -0.089306220 -7.730048656 0.029097930 0.999557555 0.006162351 -8.005902290 0.089091502 -0.008733854 0.995985091 151.147338867
0.995395899 -0.028030438 -0.091659844 -7.787680149 0.028761122 0.999564052 0.006660263 -8.040883064 0.091433212 -0.009265836 0.995768130 151.706909180
0.995162249 -0.027552104 -0.094303951 -7.842304707 0.028312074 0.999576449 0.006730029 -8.073970795 0.094078600 -0.009367409 0.995520830 152.262741089
0.994962633 -0.027055828 -0.096526287 -7.902313232 0.027787713 0.999594331 0.006245795 -8.103912354 0.096318148 -0.008896577 0.995310843 152.812561035
0.994757295 -0.026299044 -0.098824136 -7.962332726 0.027019618 0.999617159 0.005959985 -8.136067390 0.098629534 -0.008598926 0.995087206 153.353668213
0.994509220 -0.025792848 -0.101419985 -8.020144463 0.026513407 0.999631822 0.005762927 -8.166055679 0.101233996 -0.008420276 0.994827032 153.893218994
0.994325697 -0.025021404 -0.103393003 -8.080179214 0.025769839 0.999650419 0.005909130 -8.197279930 0.103208996 -0.008540021 0.994623005 154.427886963
0.994181037 -0.025059206 -0.104768261 -8.139260292 0.025811767 0.999649763 0.005833191 -8.225673676 0.104585394 -0.008503502 0.994479537 154.952667236
0.994112074 -0.023674997 -0.105738111 -8.200172424 0.024380779 0.999688208 0.005387044 -8.254933357 0.105577596 -0.007933303 0.994379401 155.474624634
0.994089842 -0.020678367 -0.106572658 -8.264665604 0.021270316 0.999763966 0.004420643 -8.290410995 0.106456086 -0.006661351 0.994295061 155.995834351
0.994033337 -0.019041691 -0.107402936 -8.325734138 0.019544391 0.999802411 0.003629696 -8.321003914 0.107312582 -0.005707162 0.994209051 156.506103516
