1.000000000 0.000000000 0.000000000 0.000000000 0.000000000 1.000000000 0.000000000 0.000000000 0.000000000 0.000000000 1.000000000 0.000000000
0.999993443 -0.002221434 0.002858583 0.006545953 0.002222566 0.999997437 -0.000393065 -0.013399460 -0.002857703 0.000399416 0.999995828 0.250146389
0.999980807 -0.003866066 0.004842825 0.011759579 0.003873768 0.999991238 -0.001581988 -0.028790815 -0.004836666 0.001600718 0.999987006 0.507434726
0.999969482 -0.004091734 0.006659700 0.016314920 0.004110725 0.999987543 -0.002840546 -0.043548644 -0.006647993 0.002867836 0.999973774 0.772686064
0.999957383 -0.003210106 0.008646990 0.019732386 0.003239898 0.999988854 -0.003433574 -0.059222728 -0.008635875 0.003461443 0.999956727 1.050341368
0.999937415 -0.001242539 0.011119728 0.021991754 0.001276172 0.999994636 -0.003017966 -0.074866027 -0.011115920 0.003031968 0.999933600 1.332543373
0.999910295 -0.000180865 0.013392724 0.024243301 0.000216546 0.999996424 -0.002662747 -0.088544451 -0.013392195 0.002665408 0.999906778 1.628669977
0.999889791 -0.000287209 0.014840506 0.027915267 0.000338952 0.999993861 -0.003484160 -0.102354094 -0.014839413 0.003488806 0.999883771 1.932629466
0.999878228 -0.000462188 0.015604808 0.035468802 0.000538784 0.999987841 -0.004904619 -0.116726369 -0.015602353 0.004912429 0.999866247 2.238581181
0.999867082 -0.002173417 0.016159607 0.040819701 0.002271600 0.999979079 -0.006059932 -0.133129090 -0.016146103 0.006095834 0.999851048 2.556696653
0.999853373 -0.005753490 0.016126502 0.050007071 0.005852722 0.999964118 -0.006112943 -0.148589775 -0.016090749 0.006206432 0.999851286 2.884599924
0.999832630 -0.009091894 0.015873505 0.058640774 0.009176349 0.999944031 -0.005255674 -0.165730193 -0.015824832 0.005400455 0.999860108 3.216804504
0.999821424 -0.009918571 0.016086821 0.064531296 0.009982316 0.999942720 -0.003887197 -0.183008119 -0.016047345 0.004047088 0.999862969 3.561515093
0.999813497 -0.010164664 0.016424064 0.068424277 0.010212126 0.999943912 -0.002808688 -0.203506723 -0.016394595 0.002975889 0.999861121 3.909812212
0.999811828 -0.010028884 0.016604375 0.071207121 0.010085630 0.999943674 -0.003337425 -0.223925307 -0.016569966 0.003504263 0.999856591 4.270995617
0.999826789 -0.009264095 0.016149167 0.073574230 0.009336126 0.999946713 -0.004390712 -0.245916426 -0.016107636 0.004540722 0.999859869 4.635991573
0.999846339 -0.007965763 0.015618014 0.074141547 0.008048946 0.999953687 -0.005270593 -0.267192006 -0.015575309 0.005395493 0.999864042 5.006085396
0.999879062 -0.004613052 0.014850391 0.072607942 0.004709907 0.999967754 -0.006493772 -0.288407505 -0.014819958 0.006562931 0.999868572 5.393008709
0.999892473 -0.004245397 0.014038201 0.073311977 0.004357083 0.999959052 -0.007934845 -0.308861732 -0.014003939 0.007995158 0.999870002 5.782693386
0.999905407 -0.003832674 0.013211519 0.073958337 0.003948784 0.999953687 -0.008773663 -0.328993648 -0.013177281 0.008825000 0.999874234 6.179443359
0.999922216 -0.003475119 0.011986205 0.074678779 0.003583785 0.999952495 -0.009056414 -0.351612717 -0.011954165 0.009098663 0.999887168 6.581829071
0.999937773 -0.003872235 0.010462233 0.075373925 0.003969611 0.999948800 -0.009302716 -0.374970973 -0.010425677 0.009343666 0.999901950 6.994373322
0.999949932 -0.004659482 0.008861625 0.077213801 0.004743096 0.999944210 -0.009438119 -0.399095356 -0.008817153 0.009479675 0.999916196 7.413904667
0.999954998 -0.005890856 0.007454711 0.079545207 0.005956725 0.999943137 -0.008844746 -0.422605306 -0.007402185 0.008888755 0.999933124 7.834031582
0.999961317 -0.005725671 0.006686931 0.079858467 0.005774875 0.999956250 -0.007362268 -0.447295785 -0.006644485 0.007400599 0.999950528 8.264120102
0.999972165 -0.004416788 0.006003975 0.073540375 0.004450714 0.999974132 -0.005648936 -0.469750404 -0.005978869 0.005675500 0.999966025 8.705536842
0.999984562 -0.002879888 0.004745993 0.069595970 0.002898406 0.999988198 -0.003899526 -0.491235197 -0.004734705 0.003913221 0.999981165 9.152583122
0.999994814 -0.000640935 0.003135506 0.064826101 0.000650411 0.999995232 -0.003021991 -0.512762785 -0.003133554 0.003024015 0.999990523 9.597800255
0.999997973 0.000889523 0.001804046 0.057063852 -0.000884984 0.999996483 -0.002515695 -0.537372947 -0.001806277 0.002514094 0.999995232 10.048362732
0.999999821 0.000566504 -0.000197320 0.054103877 -0.000566951 0.999997258 -0.002270081 -0.561971605 0.000196034 0.002270193 0.999997318 10.506927490
0.999997258 -0.000346998 -0.002325126 0.049537830 0.000341259 0.999996901 -0.002468067 -0.589320362 0.002325975 0.002467267 0.999994278 10.971596718
0.999989212 -0.001194509 -0.004479547 0.045358397 0.001175517 0.999990344 -0.004239858 -0.614756048 0.004484569 0.004234547 0.999981046 11.441726685
0.999972761 -0.004181857 -0.006072395 0.041521072 0.004134964 0.999961674 -0.007714488 -0.643158197 0.006104425 0.007689170 0.999951720 11.915043831
0.999948382 -0.006475760 -0.007847945 0.035765603 0.006391628 0.999922335 -0.010698491 -0.672121346 0.007916615 0.010647774 0.999911964 12.393123627
0.999925077 -0.007304901 -0.009815073 0.027539387 0.007189692 0.999905407 -0.011722361 -0.699692011 0.009899775 0.011650916 0.999883056 12.888227463
0.999905527 -0.006894886 -0.011889903 0.015889108 0.006754270 0.999907255 -0.011826359 -0.727720737 0.011970344 0.011744933 0.999859333 13.385000229
0.999872267 -0.007871719 -0.013905037 0.004731268 0.007713466 0.999905229 -0.011398246 -0.754123092 0.013993445 0.011289536 0.999838352 13.891273499
0.999839485 -0.007967480 -0.016047021 -0.006759867 0.007803982 0.999917209 -0.010225644 -0.784639716 0.016127167 0.010098771 0.999818921 14.395161629
0.999804914 -0.007654261 -0.018208792 -0.021856964 0.007479316 0.999925375 -0.009656501 -0.813764632 0.018281344 0.009518426 0.999787569 14.905951500
0.999774218 -0.006107676 -0.020351896 -0.038111567 0.005909016 0.999934435 -0.009807107 -0.846603811 0.020410459 0.009684633 0.999744773 15.425973892
0.999729276 -0.006639910 -0.022298826 -0.054515988 0.006407574 0.999924600 -0.010474544 -0.879650354 0.022366695 0.010328828 0.999696612 15.950440407
0.999684811 -0.007141028 -0.024067681 -0.069803029 0.006866563 0.999910653 -0.011467289 -0.911684573 0.024147416 0.011298412 0.999644578 16.475759506
0.999664128 -0.006254955 -0.025149392 -0.088413090 0.005970150 0.999917328 -0.011383707 -0.943583369 0.025218520 0.011229740 0.999618828 17.010293961
0.999636829 -0.008202533 -0.025669739 -0.103213370 0.007942178 0.999916136 -0.010228056 -0.973155260 0.025751479 0.010020467 0.999618113 17.551006317
0.999627531 -0.009726117 -0.025498278 -0.118923396 0.009506593 0.999916792 -0.008716508 -1.006369591 0.025580939 0.008470862 0.999636889 18.085819244
0.999624550 -0.010226488 -0.025419505 -0.133280754 0.010020183 0.999915898 -0.008230165 -1.038924694 0.025501538 0.007972366 0.999642968 18.628213882
0.999629557 -0.008746487 -0.025771212 -0.152098328 0.008555326 0.999935150 -0.007518630 -1.071072221 0.025835305 0.007295363 0.999639511 19.176412582
0.999619722 -0.008072187 -0.026363084 -0.168762207 0.007884396 0.999942780 -0.007219457 -1.102876782 0.026419859 0.007008856 0.999626338 19.732780457
0.999601066 -0.007598334 -0.027205857 -0.188089758 0.007403473 0.999946296 -0.007256049 -1.136283517 0.027259532 0.007051735 0.999603510 20.294757843
0.999557197 -0.009554763 -0.028180854 -0.205280095 0.009333099 0.999924541 -0.007986840 -1.170049906 0.028255040 0.007720288 0.999570906 20.853950500
0.999521613 -0.010674802 -0.029028120 -0.222744763 0.010482536 0.999922097 -0.006767662 -1.203891873 0.029098103 0.006460136 0.999555707 21.422203064
0.999507248 -0.009852527 -0.029803464 -0.240503997 0.009714534 0.999941409 -0.004771339 -1.234285116 0.029848732 0.004479461 0.999544382 21.995395660
0.999468744 -0.011559774 -0.030473061 -0.257829517 0.011447500 0.999927044 -0.003856232 -1.265457749 0.030515416 0.003505343 0.999528110 22.570522308
0.999451280 -0.011417267 -0.031092925 -0.281840235 0.011348475 0.999932885 -0.002387999 -1.296626091 0.031118106 0.002033831 0.999513626 23.151674271
0.999406397 -0.011832850 -0.032353956 -0.302454889 0.011825571 0.999929905 -0.000416304 -1.326944947 0.032356612 0.000033453 0.999476492 23.732540131
0.999331295 -0.014383362 -0.033616159 -0.325374365 0.014406719 0.999896109 0.000452696 -1.357328653 0.033606168 -0.000936692 0.999434650 24.322696686
0.999270082 -0.015957374 -0.034708560 -0.348606467 0.015933558 0.999872506 -0.000962582 -1.389719009 0.034719497 0.000408848 0.999397039 24.906143188
0.999207735 -0.016910063 -0.036026940 -0.371004522 0.016835252 0.999855399 -0.002378967 -1.423956037 0.036061957 0.001770560 0.999347985 25.489030838
0.999162078 -0.017989481 -0.036763091 -0.398639858 0.017855987 0.999832690 -0.003956356 -1.457433939 0.036828104 0.003296599 0.999316216 26.089635849
0.999082685 -0.019409908 -0.038170923 -0.418500185 0.019232523 0.999802470 -0.005008895 -1.488576055 0.038260616 0.004270179 0.999258697 26.689558029
0.998966873 -0.021882135 -0.039829213 -0.441784263 0.021719186 0.999753833 -0.004519425 -1.521345019 0.039918315 0.003649698 0.999196291 27.289924622
0.998888910 -0.022934599 -0.041173078 -0.468275368 0.022859132 0.999736071 -0.002302881 -1.554819226 0.041215021 0.001359140 0.999149382 27.895248413
0.998857856 -0.022333443 -0.042243272 -0.499377370 0.022334268 0.999750376 -0.000452554 -1.588428617 0.042242844 -0.000491436 0.999107182 28.503782272
0.998850286 -0.020343978 -0.043405876 -0.529230535 0.020360583 0.999792695 -0.000059591 -1.623925924 0.043398086 -0.000824247 0.999057531 29.114677429
0.998829007 -0.019093875 -0.044452962 -0.562011957 0.019094914 0.999817729 -0.000401160 -1.659877181 0.044452503 -0.000448136 0.999011397 29.719293594
0.998779297 -0.018795146 -0.045680035 -0.593402982 0.018761834 0.999823451 -0.001157854 -1.694473743 0.045693722 0.000299399 0.998955369 30.331483841
0.998728037 -0.018572306 -0.046876580 -0.625886858 0.018526811 0.999827385 -0.001404837 -1.729002118 0.046894580 0.000534577 0.998899698 30.943857193
0.998703539 -0.017468529 -0.047813360 -0.659780264 0.017439608 0.999847412 -0.001022109 -1.762125134 0.047823917 0.000186938 0.998855770 31.559036255
0.998682797 -0.016925400 -0.048435997 -0.695317268 0.016958900 0.999856174 0.000280600 -1.795770764 0.048424277 -0.001101652 0.998826265 32.175163269
0.998627067 -0.017346829 -0.049430314 -0.728806257 0.017466154 0.999845505 0.001983086 -1.828539371 0.049388286 -0.002843722 0.998775601 32.791305542
0.998592496 -0.016170869 -0.050512828 -0.764755368 0.016369380 0.999859750 0.003518732 -1.860645056 0.050448846 -0.004340641 0.998717189 33.412567139
0.998519778 -0.016373383 -0.051866692 -0.801382065 0.016632795 0.999851227 0.004573755 -1.895671248 0.051784080 -0.005429671 0.998643458 34.030059814
0.998448193 -0.016819563 -0.053086378 -0.836569667 0.017131325 0.999838471 0.005423120 -1.924260855 0.052986596 -0.006324144 0.998575211 34.659812927
0.998410225 -0.015998311 -0.054047212 -0.873203993 0.016360786 0.999846518 0.006270753 -1.956002712 0.053938594 -0.007145038 0.998518705 35.285644531
0.998351097 -0.016152510 -0.055083096 -0.909229994 0.016516116 0.999844611 0.006152146 -1.988128304 0.054975167 -0.007051760 0.998462796 35.907222748
0.998362422 -0.014447711 -0.055351429 -0.951603651 0.014806570 0.999871910 0.006078606 -2.018810987 0.055256516 -0.006888216 0.998448431 36.533176422
0.998337746 -0.013499573 -0.056031767 -0.992879033 0.013884112 0.999882638 0.006479270 -2.050280094 0.055937722 -0.007246451 0.998407960 37.160629272
0.998276651 -0.015350428 -0.056640077 -1.027616382 0.015750395 0.999853969 0.006621844 -2.082001209 0.056530166 -0.007502536 0.998372614 37.787994385
0.998221755 -0.016908307 -0.057163913 -1.061943769 0.017293317 0.999830902 0.006247137 -2.113193750 0.057048630 -0.007224581 0.998345256 38.414554596
0.998199224 -0.016641673 -0.057629898 -1.101237655 0.016979201 0.999841332 0.005372153 -2.143861771 0.057531353 -0.006340989 0.998323560 39.051753998
0.998251557 -0.013629792 -0.057515979 -1.145376205 0.013895445 0.999894559 0.004221333 -2.176496983 0.057452381 -0.005013162 0.998335600 39.679462433
0.998243093 -0.012605961 -0.057895057 -1.187533736 0.012780330 0.999914765 0.002642498 -2.210402489 0.057856821 -0.003377772 0.998319089 40.315128326
0.998217583 -0.012059570 -0.058447227 -1.231407881 0.012163864 0.999925017 0.001428941 -2.244368315 0.058425605 -0.002137338 0.998289466 40.949928284
0.998162150 -0.012346893 -0.059328709 -1.270685673 0.012501438 0.999919355 0.002234412 -2.276097298 0.059296329 -0.002972000 0.998236001 41.591854095
0.998122454 -0.012018598 -0.060059424 -1.310528398 0.012274736 0.999917090 0.003897640 -2.310537815 0.060007609 -0.004627536 0.998187184 42.236431122
0.998099089 -0.011361614 -0.060573619 -1.350490570 0.011708342 0.999917030 0.005372246 -2.343175888 0.060507551 -0.006071250 0.998149276 42.874420166
0.998090208 -0.010768566 -0.060826130 -1.393863201 0.011160675 0.999919057 0.006110306 -2.377230406 0.060755413 -0.006777498 0.998129666 43.518051147
0.998054564 -0.011765406 -0.061225303 -1.435342312 0.012102333 0.999913573 0.005135112 -2.408881187 0.061159600 -0.005866090 0.998110771 44.163394928
0.998021305 -0.012753479 -0.061569210 -1.475887656 0.013018995 0.999907613 0.003913185 -2.443818569 0.061513621 -0.004707010 0.998095155 44.801193237
0.997939229 -0.014792952 -0.062437393 -1.513111234 0.015070880 0.999878526 0.003982643 -2.476393700 0.062370896 -0.004915421 0.998040855 45.445335388
0.997881055 -0.016379116 -0.062969491 -1.552333236 0.016738025 0.999846518 0.005176417 -2.507220507 0.062875040 -0.006219432 0.998002052 46.086879730
0.997868538 -0.015753862 -0.063325264 -1.593956470 0.016257668 0.999840081 0.007448449 -2.538458109 0.063197777 -0.008462095 0.997965157 46.726379395
0.997862816 -0.014367890 -0.063746676 -1.639322281 0.015013411 0.999840498 0.009658828 -2.569523573 0.063597746 -0.010595241 0.997919381 47.365409851
0.997843683 -0.013927692 -0.064140730 -1.684119821 0.014638367 0.999836385 0.010623316 -2.603398085 0.063982293 -0.011539327 0.997884333 48.002201080
0.997773826 -0.013662484 -0.065273628 -1.723648667 0.014343879 0.999847233 0.009981852 -2.636993885 0.065127291 -0.010895908 0.997817457 48.634376526
0.997738600 -0.013699544 -0.065802589 -1.766213894 0.014265448 0.999865055 0.008137847 -2.670192957 0.065682225 -0.009058149 0.997799456 49.263446808
0.997711718 -0.014283272 -0.066085778 -1.809063911 0.014691447 0.999875784 0.005694560 -2.703952789 0.065996245 -0.006652426 0.997797608 49.888965607
0.997703254 -0.014377075 -0.066192746 -1.854121804 0.014669977 0.999884605 0.003941035 -2.736996651 0.066128463 -0.004903030 0.997799098 50.512012482
0.997673392 -0.014759321 -0.066558272 -1.898394585 0.015056800 0.999878645 0.003970041 -2.768455029 0.066491596 -0.004962960 0.997774661 51.139732361
0.997635424 -0.015593731 -0.066935271 -1.941306591 0.015971916 0.999859273 0.005118588 -2.800605774 0.066846028 -0.006175570 0.997744203 51.763076782
0.997607231 -0.014197456 -0.067663118 -1.985491872 0.014695112 0.999868453 0.006862845 -2.833615780 0.067556776 -0.007840740 0.997684538 52.386077881
0.997579932 -0.013216873 -0.068261079 -2.030792952 0.013884049 0.999860227 0.009308729 -2.866970778 0.068128504 -0.010233941 0.997624040 53.011051178
0.997546852 -0.013527093 -0.068682581 -2.070927620 0.014257384 0.999846816 0.010153811 -2.897554159 0.068534710 -0.011108137 0.997586906 53.633506775
0.997512460 -0.013914887 -0.069103457 -2.113890886 0.014619578 0.999846041 0.009702361 -2.926564217 0.068957806 -0.010688488 0.997562408 54.258510590
0.997532368 -0.012739839 -0.069041416 -2.159160614 0.013400953 0.999868572 0.009120916 -2.958650589 0.068916142 -0.010023631 0.997572064 54.873447418
0.997557938 -0.012935092 -0.068635620 -2.204032183 0.013465009 0.999882936 0.007263732 -2.989258528 0.068533629 -0.008170173 0.997615337 55.491134644
0.997557640 -0.014438462 -0.068339244 -2.249448776 0.014844070 0.999875009 0.005431131 -3.021775723 0.068252280 -0.006432298 0.997647464 56.111114502
0.997549415 -0.014429673 -0.068460360 -2.291840315 0.014731876 0.999883771 0.003911417 -3.053705692 0.068395972 -0.004910381 0.997646153 56.727394104
0.997546494 -0.014432911 -0.068502583 -2.335929871 0.014648537 0.999889195 0.002646365 -3.084912777 0.068456784 -0.003643335 0.997647405 57.353504181
0.997530401 -0.014558557 -0.068712510 -2.379586935 0.014750773 0.999888599 0.002290788 -3.119262695 0.068671495 -0.003298692 0.997633874 57.975746155
0.997527957 -0.014617085 -0.068733960 -2.425798655 0.014783328 0.999889016 0.001910583 -3.153721094 0.068698406 -0.002921977 0.997633159 58.601066589
0.997529268 -0.013997806 -0.068843827 -2.471641541 0.014162716 0.999897897 0.001907853 -3.188539267 0.068810105 -0.002878154 0.997625649 59.218357086
0.997502148 -0.013041032 -0.069421187 -2.515961647 0.013240700 0.999909401 0.002416766 -3.222209215 0.069383368 -0.003329914 0.997584522 59.840583801
0.997484565 -0.013559472 -0.069574885 -2.562150002 0.013793494 0.999900699 0.002884255 -3.255445242 0.069528863 -0.003836681 0.997572482 60.464790344
0.997445107 -0.015718199 -0.069685295 -2.603806973 0.015904458 0.999871254 0.002118822 -3.290887833 0.069642998 -0.003221716 0.997566760 61.082782745
0.997363985 -0.019314455 -0.069943085 -2.645028353 0.019425791 0.999810994 0.000911935 -3.326867342 0.069912247 -0.002268232 0.997550547 61.702339172
0.997354388 -0.020897195 -0.069624484 -2.690122604 0.020984979 0.999779642 0.000529560 -3.361575603 0.069598079 -0.001989227 0.997573137 62.316562653
0.997393310 -0.018567573 -0.069725767 -2.736375332 0.018751251 0.999822199 0.001980648 -3.393308640 0.069676585 -0.003282931 0.997564256 62.934959412
0.997452378 -0.016290111 -0.069449387 -2.784758568 0.016712692 0.999845088 0.005507930 -3.421609402 0.069348902 -0.006654583 0.997570276 63.564094543
0.997452080 -0.014780125 -0.069791585 -2.832349777 0.015516122 0.999829471 0.010015314 -3.450699568 0.069631636 -0.011072691 0.997511327 64.193504333
0.997394979 -0.015574061 -0.070431225 -2.877355337 0.016535070 0.999777675 0.013082273 -3.480694294 0.070211820 -0.014212781 0.997430861 64.819747925
0.997386038 -0.015436468 -0.070590518 -2.922589779 0.016494656 0.999759734 0.014432198 -3.508824348 0.070350789 -0.015558839 0.997400939 65.450386047
0.997375965 -0.016869653 -0.070403449 -2.965694427 0.017926343 0.999735475 0.014404259 -3.537025928 0.070141837 -0.015628535 0.997414589 66.082366943
0.997397423 -0.017611926 -0.069915399 -3.011055470 0.018475885 0.999760449 0.011729789 -3.565354586 0.069692068 -0.012991009 0.997484088 66.708740234
0.997471750 -0.014619794 -0.069543116 -3.058898687 0.015302137 0.999839783 0.009289218 -3.595648289 0.069396168 -0.010329893 0.997535646 67.327346802
0.997563362 -0.010947688 -0.068901047 -3.110282421 0.011518950 0.999902427 0.007899217 -3.624247789 0.068807840 -0.008673638 0.997592211 67.954338074
0.997583687 -0.008310525 -0.068976521 -3.160868645 0.008715263 0.999946475 0.005568884 -3.654935122 0.068926536 -0.006156575 0.997602761 68.580108643
0.997547805 -0.006285035 -0.069705829 -3.208039045 0.006675537 0.999963284 0.005370621 -3.686858892 0.069669530 -0.005822774 0.997553110 69.208702087
0.997574091 -0.002075345 -0.069581248 -3.259535313 0.002601432 0.999968708 0.007471005 -3.716266394 0.069563538 -0.007633891 0.997548342 69.839263916
0.997590482 -0.000293948 -0.069377050 -3.310311079 0.000989708 0.999949574 0.009994511 -3.745281696 0.069370613 -0.010039095 0.997540414 70.477790833
0.997637987 0.000127841 -0.068689525 -3.358435631 0.000672045 0.999932170 0.011621714 -3.776558876 0.068686366 -0.011640426 0.997570395 71.112747192
0.997689962 -0.001570876 -0.067913279 -3.401989460 0.002295559 0.999941170 0.010593980 -3.809099197 0.067892656 -0.010725406 0.997634947 71.733779907
0.997726142 -0.001594677 -0.067378350 -3.447489262 0.002078461 0.999972582 0.007110626 -3.848624945 0.067365155 -0.007234501 0.997702181 72.352897644
0.997740507 -0.001656622 -0.067166708 -3.492751837 0.001811042 0.999995828 0.002238232 -3.882654667 0.067162730 -0.002354816 0.997739255 72.979652405
0.997736692 0.000223555 -0.067241319 -3.539502382 -0.000192632 0.999999881 0.000466374 -3.917026520 0.067241393 -0.000452366 0.997736633 73.602691650
0.997691572 0.003496120 -0.067818582 -3.587839127 -0.003326903 0.999991059 0.002607921 -3.947008133 0.067827091 -0.002376276 0.997694254 74.229911804
0.997649074 0.004383620 -0.068388887 -3.633412361 -0.003899518 0.999966383 0.007210553 -3.977915764 0.068418182 -0.006926917 0.997632623 74.860488892
0.997632384 0.002425107 -0.068728253 -3.677751780 -0.001643392 0.999933362 0.011428250 -4.007527351 0.068751372 -0.011288246 0.997569919 75.488929749
0.997600198 0.002817431 -0.069180645 -3.720219374 -0.001836355 0.999896824 0.014240860 -4.037378311 0.069213614 -0.014079644 0.997502506 76.115188599
0.997596085 0.004060200 -0.069177531 -3.775596380 -0.003059285 0.999889195 0.014568589 -4.068691254 0.069229014 -0.014321932 0.997497976 76.760955811
0.997526050 0.001071835 -0.070289388 -3.814968109 -0.000189209 0.999921083 0.012562478 -4.099211693 0.070297293 -0.012518100 0.997447550 77.372077942
0.997433841 -0.003307284 -0.071518034 -3.857114315 0.003951090 0.999952853 0.008862418 -4.132376194 0.071485363 -0.009122250 0.997399867 77.993629456
0.997370005 -0.004632103 -0.072329521 -3.905833721 0.005017992 0.999974132 0.005154356 -4.162896156 0.072303772 -0.005503749 0.997367501 78.619407654
0.997307062 -0.004902748 -0.073174894 -3.951139688 0.005193863 0.999979317 0.003788599 -4.198448658 0.073154800 -0.004158457 0.997311890 79.239097595
0.997241795 -0.008061859 -0.073782481 -4.002240181 0.008318983 0.999960303 0.003178221 -4.233305454 0.073753931 -0.003783250 0.997269273 79.855400085
0.997115135 -0.010019655 -0.075240031 -4.046030045 0.010488777 0.999927938 0.005842431 -4.262237549 0.075176068 -0.006614754 0.997148335 80.478050232
0.997053981 -0.009110162 -0.076160356 -4.102059364 0.009922219 0.999897838 0.010290837 -4.294812202 0.076058835 -0.011016199 0.997042477 81.104988098
0.996965945 -0.007803072 -0.077446505 -4.152647972 0.008876109 0.999869168 0.013520647 -4.320312500 0.077330872 -0.014167048 0.996904850 81.738273621
0.996881306 -0.008445145 -0.078461751 -4.203091621 0.009786445 0.999812186 0.016726164 -4.350596428 0.078305744 -0.017441861 0.996776879 82.363769531
0.996827781 -0.008450443 -0.079137787 -4.257920265 0.009853947 0.999800742 0.017361253 -4.375498772 0.078975298 -0.018086005 0.996712506 82.994873047
0.996779740 -0.007435844 -0.079842590 -4.312386036 0.008749545 0.999831796 0.016116377 -4.401123524 0.079709336 -0.016763063 0.996677220 83.622268677
0.996752024 -0.006827907 -0.080241054 -4.368098259 0.007957395 0.999873579 0.013764867 -4.429738998 0.080136932 -0.014358668 0.996680439 84.239372253
0.996750116 -0.004761268 -0.080414541 -4.422916412 0.005724482 0.999914587 0.011751815 -4.458828926 0.080351703 -0.012173954 0.996692240 84.863754272
0.996774912 -0.003000243 -0.080192275 -4.477548122 0.003824911 0.999941349 0.010131993 -4.487841129 0.080157176 -0.010406045 0.996727943 85.485801697
0.996799290 -0.002004127 -0.079921313 -4.530418396 0.002632391 0.999966443 0.007756440 -4.513016701 0.079903096 -0.007941998 0.996770978 86.110816956
0.996870756 -0.001056514 -0.079041667 -4.585914135 0.001550345 0.999979675 0.006186623 -4.545954704 0.079033509 -0.006289806 0.996852100 86.738578796
0.996905088 -0.001996986 -0.078589045 -4.633502007 0.002365207 0.999986589 0.004592584 -4.577275276 0.078578815 -0.004764249 0.996896446 87.369789124
0.996968150 -0.001738958 -0.077791251 -4.686070919 0.002004625 0.999992371 0.003337163 -4.610054016 0.077784859 -0.003482988 0.996964097 87.994598389
0.997035563 -0.001218208 -0.076931685 -4.734890461 0.001460966 0.999994278 0.003099299 -4.643660545 0.076927476 -0.003202507 0.997031510 88.619293213
0.997121632 -0.001803609 -0.075796746 -4.783732414 0.002039104 0.999993324 0.003029653 -4.677277565 0.075790778 -0.003175490 0.997118711 89.256439209
0.997215807 -0.000213930 -0.074568689 -4.833171844 0.000441704 0.999995291 0.003038077 -4.714107990 0.074567683 -0.003062556 0.997211277 89.890716553
0.997316480 0.002678812 -0.073162124 -4.882743835 -0.002555138 0.999995172 0.001783957 -4.750489712 0.073166572 -0.001592231 0.997318387 90.524124146
0.997433662 0.006060841 -0.071339093 -4.932389259 -0.006146707 0.999980628 -0.000984188 -4.787360668 0.071331747 0.001420163 0.997451603 91.148811340
0.997561634 0.006648803 -0.069473132 -4.978218079 -0.006902588 0.999970317 -0.003413552 -4.825050831 0.069448382 0.003884773 0.997577965 91.773925781
0.997685075 0.006407483 -0.067701302 -5.022235394 -0.006770029 0.999963939 -0.005127003 -4.862515926 0.067666024 0.005573474 0.997692466 92.413879395
0.997802973 0.005654775 -0.066009693 -5.064012527 -0.005923378 0.999974966 -0.003874133 -4.896854401 0.065986134 0.004256622 0.997811437 93.054306030
0.997930229 0.004238535 -0.064165212 -5.106839180 -0.004215847 0.999990940 0.000488984 -4.929553509 0.064166695 -0.000217461 0.997939169 93.696578979
0.998023033 0.003143892 -0.062770210 -5.146675587 -0.002769446 0.999977767 0.006051449 -4.960371494 0.062787846 -0.005865647 0.998009682 94.343559265
0.998106539 0.001014107 -0.061499342 -5.185064793 -0.000346049 0.999940753 0.010872540 -4.990163803 0.061506718 -0.010830670 0.998047888 94.987815857
0.998154640 -0.002052920 -0.060690816 -5.220058918 0.002810332 0.999919176 0.012397116 -5.022522449 0.060660470 -0.012544801 0.998079598 95.624366760
0.998187482 -0.005738253 -0.059906844 -5.254482746 0.006304943 0.999937117 0.009274783 -5.056334496 0.059849858 -0.009635682 0.998160839 96.261444092
0.998223543 -0.008719244 -0.058938622 -5.286975861 0.008937882 0.999954045 0.003446927 -5.088870049 0.058905870 -0.003967590 0.998255670 96.898277283
0.998264432 -0.012226115 -0.057606842 -5.318441868 0.012107260 0.999923825 -0.002411806 -5.124262810 0.057631932 0.001710160 0.998336375 97.534317017
0.998329878 -0.013457226 -0.056181669 -5.354341507 0.013153251 0.999896765 -0.005776870 -5.158224106 0.056253605 0.005028250 0.998403847 98.173347473
0.998394668 -0.013454399 -0.055018954 -5.388771057 0.013180481 0.999898911 -0.005338429 -5.194122791 0.055085216 0.004604683 0.998471022 98.819290161
0.998463750 -0.013401340 -0.053763401 -5.426656246 0.013257198 0.999907494 -0.003036793 -5.231100082 0.053799126 0.002319375 0.998549104 99.474044800
0.998529017 -0.012570237 -0.052744426 -5.464361668 0.012671770 0.999918461 0.001590979 -5.265772820 0.052720133 -0.002257004 0.998606801 100.128425598
0.998603165 -0.010934715 -0.051692612 -5.500368118 0.011246106 0.999920309 0.005736813 -5.300616264 0.051625770 -0.006310141 0.998646557 100.773727417
0.998654008 -0.010368933 -0.050820440 -5.534394264 0.010799222 0.999908090 0.008199545 -5.332635880 0.050730746 -0.008737327 0.998674154 101.427726746
0.998709023 -0.009805073 -0.049844176 -5.570078373 0.010259015 0.999908149 0.008859556 -5.364910126 0.049752735 -0.009359471 0.998717725 102.085021973
0.998767197 -0.008658171 -0.048879229 -5.601470470 0.009009929 0.999935031 0.006980818 -5.396451950 0.048815612 -0.007412611 0.998780310 102.737510681
0.998823464 -0.007089735 -0.047971558 -5.635365009 0.007275207 0.999966741 0.003692796 -5.430575371 0.047943775 -0.004037455 0.998841882 103.388534546
0.998863518 -0.005293607 -0.047367793 -5.668140888 0.005295024 0.999985993 -0.000095556 -5.465144157 0.047367632 -0.000155366 0.998877525 104.042129517
0.998908281 -0.003473112 -0.046585243 -5.703490734 0.003302089 0.999987543 -0.003747627 -5.498920441 0.046597682 0.003589708 0.998907208 104.696311951
0.998938143 -0.004411590 -0.045859814 -5.735879421 0.004136798 0.999972939 -0.006085169 -5.538623810 0.045885421 0.005888996 0.998929262 105.351066589
0.998944640 -0.007045519 -0.045387052 -5.765914440 0.006747151 0.999954641 -0.006723685 -5.576999187 0.045432355 0.006410355 0.998946846 106.012542725
0.998975515 -0.007641901 -0.044603642 -5.798942566 0.007457206 0.999962926 -0.004305745 -5.613410950 0.044634894 0.003968715 0.998995483 106.678298950
0.998992503 -0.008876203 -0.043989081 -5.825781822 0.008873530 0.999960601 -0.000256106 -5.648552418 0.043989617 -0.000134490 0.999031961 107.341629028
0.999015391 -0.009867467 -0.043254260 -5.856039524 0.010047655 0.999941707 0.003950394 -5.684736252 0.043212760 -0.004381108 0.999056280 107.998939514
0.999010623 -0.011854369 -0.042863131 -5.886048317 0.012162476 0.999902010 0.006934511 -5.720508575 0.042776726 -0.007448972 0.999056876 108.657249451
0.999003708 -0.013362026 -0.042579416 -5.913877487 0.013697812 0.999877274 0.007604139 -5.755426884 0.042472575 -0.008179808 0.999064147 109.316543579
0.998993754 -0.014962032 -0.042280454 -5.941486359 0.015274131 0.999858379 0.007068256 -5.789436340 0.042168710 -0.007706941 0.999080777 109.969871521
0.998995721 -0.016022477 -0.041842740 -5.970761299 0.016311293 0.999845386 0.006570132 -5.821482658 0.041731000 -0.007246043 0.999102592 110.635887146
0.999005973 -0.016962528 -0.041223232 -6.000126362 0.017215738 0.999835014 0.005795270 -5.852473736 0.041118138 -0.006499197 0.999133170 111.301979065
0.999011576 -0.017476849 -0.040871300 -6.028754711 0.017719192 0.999827325 0.005574728 -5.886061192 0.040766824 -0.006293423 0.999148786 111.963806152
0.999038637 -0.017058035 -0.040383495 -6.058777809 0.017299715 0.999834418 0.005642835 -5.920862675 0.040280551 -0.006336034 0.999168336 112.629676819
0.999038756 -0.017571842 -0.040159345 -6.084555149 0.017792962 0.999828339 0.005155231 -5.951600552 0.040061872 -0.005864829 0.999179900 113.297004700
0.999042094 -0.017696103 -0.040022518 -6.113551140 0.017917896 0.999826133 0.005189809 -5.985651016 0.039923716 -0.005901959 0.999185324 113.956687927
0.999007821 -0.019505810 -0.040035583 -6.142404556 0.019723443 0.999792755 0.005048212 -6.020187378 0.039928813 -0.005832843 0.999185503 114.622055054
0.998987377 -0.021139136 -0.039716549 -6.169822693 0.021319877 0.999764085 0.004132756 -6.053847790 0.039619818 -0.004975323 0.999202430 115.278976440
0.998952925 -0.022288570 -0.039951205 -6.194363594 0.022442307 0.999742329 0.003403643 -6.089005470 0.039865047 -0.004296678 0.999195755 115.952171326
0.998975039 -0.022344027 -0.039368574 -6.223443508 0.022449756 0.999745369 0.002245466 -6.125248432 0.039308388 -0.003126979 0.999222159 116.610221863
0.998942554 -0.024007434 -0.039209325 -6.249556065 0.024047108 0.999710679 0.000540357 -6.164001942 0.039185006 -0.001482656 0.999230862 117.269546509
0.998895109 -0.025953403 -0.039179429 -6.276755810 0.025890199 0.999662459 -0.002119713 -6.201692581 0.039221212 0.001103007 0.999229968 117.935920715
0.998828948 -0.028540608 -0.039066143 -6.302855015 0.028356316 0.999584019 -0.005263527 -6.244019508 0.039200116 0.004149592 0.999222755 118.590850830
0.998700380 -0.032795534 -0.039013047 -6.325181961 0.032487754 0.999436021 -0.008497304 -6.288571358 0.039269708 0.007218815 0.999202549 119.253280640
0.998657227 -0.034205720 -0.038906515 -6.352080822 0.033834375 0.999375761 -0.010163013 -6.328913212 0.039229862 0.008832988 0.999191165 119.913352966
0.998652399 -0.034328070 -0.038923129 -6.380785942 0.033993635 0.999379516 -0.009221865 -6.368775368 0.039215550 0.007886299 0.999199569 120.578926086
0.998668432 -0.033623315 -0.039125718 -6.407081127 0.033448178 0.999427319 -0.005122504 -6.410197735 0.039275561 0.003806999 0.999221087 121.244064331
0.998648942 -0.033294916 -0.039896186 -6.434690952 0.033353146 0.999443233 0.000794572 -6.444795132 0.039847512 -0.002124161 0.999203503 121.916557312
0.998767138 -0.029189974 -0.040155165 -6.469165802 0.029491246 0.999540925 0.006930725 -6.480463028 0.039934423 -0.008106402 0.999169409 122.587593079
0.998873115 -0.025269115 -0.040174343 -6.504682541 0.025754085 0.999601007 0.011600169 -6.516008377 0.039865185 -0.012621751 0.999125361 123.250213623
0.998918831 -0.023043603 -0.040375326 -6.535584927 0.023566840 0.999643743 0.012531503 -6.543873787 0.040072165 -0.013469472 0.999105930 123.915885925
0.998934984 -0.022254718 -0.040416081 -6.566640854 0.022686562 0.999689996 0.010257907 -6.578503609 0.040175255 -0.011163884 0.999130428 124.574310303
0.998935282 -0.022674492 -0.040180389 -6.597084999 0.022920156 0.999721169 0.005663823 -6.611472130 0.040040765 -0.006578732 0.999176323 125.240173340
0.998953760 -0.021807676 -0.040195208 -6.625818253 0.021875642 0.999759912 0.001251737 -6.645337105 0.040158249 -0.002129723 0.999190986 125.904235840
0.998966336 -0.020656377 -0.040491149 -6.658417702 0.020624494 0.999786556 -0.001204994 -6.677947998 0.040507395 0.000368639 0.999179184 126.577720642
0.998958528 -0.020738877 -0.040641997 -6.688795090 0.020704955 0.999784827 -0.001255461 -6.714395523 0.040659290 0.000412663 0.999172986 127.239799500
0.998914480 -0.021730954 -0.041202389 -6.715456963 0.021737283 0.999763668 -0.000294463 -6.749653816 0.041199055 -0.000601484 0.999150693 127.911170959
0.998888731 -0.022277087 -0.041531485 -6.743945122 0.022317508 0.999750793 0.000509870 -6.788856983 0.041509777 -0.001436183 0.999136984 128.569717407
0.998853743 -0.023643373 -0.041619837 -6.771822453 0.023683824 0.999719381 0.000479158 -6.827166557 0.041596830 -0.001464326 0.999133408 129.230529785
0.998827398 -0.024601923 -0.041696720 -6.799760342 0.024644056 0.999696195 0.000496684 -6.865912914 0.041671831 -0.001523678 0.999130189 129.892242432
0.998830855 -0.024942225 -0.041409902 -6.829969406 0.024987986 0.999687493 0.000587730 -6.901753426 0.041382302 -0.001621793 0.999141991 130.553497314
0.998815835 -0.025591116 -0.041376121 -6.859318733 0.025655106 0.999670267 0.001016252 -6.938793659 0.041336484 -0.002076557 0.999143124 131.215423584
0.998806775 -0.025793947 -0.041468803 -6.888874531 0.025861477 0.999664962 0.001092747 -6.973955631 0.041426726 -0.002163888 0.999139130 131.889526367
0.998793364 -0.026433518 -0.041387778 -6.920264244 0.026485894 0.999648929 0.000717619 -7.010435104 0.041354280 -0.001812945 0.999142826 132.555526733
0.998736739 -0.028745528 -0.041214146 -6.949019432 0.028798653 0.999584913 0.000695793 -7.046002388 0.041177049 -0.001881826 0.999150097 133.219314575
0.998633564 -0.030903168 -0.042140823 -6.974582195 0.030996328 0.999518275 0.001558888 -7.080000877 0.042072352 -0.002862968 0.999110460 133.888290405
0.998565316 -0.031753745 -0.043116465 -7.003888130 0.031939693 0.999483228 0.003630492 -7.115090370 0.042978905 -0.005002410 0.999063373 134.551834106
0.998506308 -0.032304619 -0.044063516 -7.035074234 0.032562565 0.999456584 0.005148518 -7.150515079 0.043873247 -0.006575651 0.999015391 135.208938599
0.998440564 -0.033569634 -0.044602148 -7.066417694 0.033880174 0.999406517 0.006224724 -7.186733246 0.044366714 -0.007726146 0.998985350 135.856597900
0.998424470 -0.033313118 -0.045152813 -7.097280502 0.033617057 0.999416828 0.005988785 -7.223114491 0.044926986 -0.007497256 0.998962164 136.507644653
0.998404086 -0.033200048 -0.045682307 -7.129016399 0.033425376 0.999432504 0.004177567 -7.258673191 0.045517683 -0.005697849 0.998947263 137.159515381
0.998372257 -0.033243492 -0.046342086 -7.162876129 0.033413474 0.999437332 0.002898166 -7.295361519 0.046219662 -0.004441899 0.998921573 137.811752319
0.998353958 -0.032840062 -0.047020305 -7.193695068 0.032997809 0.999452233 0.002582307 -7.330029964 0.046909738 -0.004129624 0.998890579 138.453994751
0.998336077 -0.032306060 -0.047764178 -7.222890854 0.032504998 0.999465823 0.003393982 -7.362402439 0.047629014 -0.004940909 0.998852789 139.111526489
0.998356938 -0.031014195 -0.048181169 -7.257613182 0.031268485 0.999500751 0.004532946 -7.396525383 0.048016533 -0.006032051 0.998828351 139.754730225
0.998374760 -0.029451219 -0.048790362 -7.291054726 0.029768959 0.999539971 0.005798351 -7.434260368 0.048597150 -0.007241365 0.998792231 140.388610840
0.998344183 -0.029006355 -0.049672503 -7.323966503 0.029341962 0.999551177 0.006040297 -7.467492580 0.049474996 -0.007487786 0.998747289 141.012710571
0.998276174 -0.028814167 -0.051131327 -7.357084751 0.029165305 0.999555707 0.006134423 -7.502266884 0.050931837 -0.007615108 0.998673081 141.644332886
0.998244226 -0.027328774 -0.052551374 -7.395954132 0.027705496 0.999595284 0.006453403 -7.533433914 0.052353743 -0.007898034 0.998597383 142.275711060
0.998152852 -0.026663488 -0.054589368 -7.433907509 0.027100785 0.999606133 0.007286082 -7.565423012 0.054373596 -0.008752039 0.998482287 142.902084351
0.998039484 -0.026100712 -0.056883767 -7.475119591 0.026633255 0.999608099 0.008623947 -7.598750114 0.056636378 -0.010122041 0.998343587 143.523895264
0.997903883 -0.025613876 -0.059428629 -7.517682076 0.026239764 0.999607861 0.009775246 -7.630451202 0.059154946 -0.011314150 0.998184621 144.144912720
0.997730494 -0.025739951 -0.062220331 -7.560783863 0.026485587 0.999586582 0.011188789 -7.660796165 0.061906617 -0.012811338 0.997999728 144.761749268
0.997547865 -0.026073927 -0.064949051 -7.605172157 0.026914127 0.999564588 0.012094903 -7.689640045 0.064605415 -0.013813293 0.997815192 145.367950439
0.997404099 -0.024794053 -0.067602947 -7.654579163 0.025728872 0.999584436 0.012992533 -7.719042301 0.067252725 -0.014698154 0.997627616 145.976989746
0.997238696 -0.023653699 -0.070395313 -7.700800896 0.024671182 0.999602973 0.013619605 -7.749031067 0.070045218 -0.015318736 0.997426212 146.576278687
0.997049212 -0.023111444 -0.073203377 -7.751554012 0.024185365 0.999611974 0.013817913 -7.779423714 0.072855607 -0.015547589 0.997221291 147.178115845
0.996852160 -0.022839818 -0.075922094 -7.803723335 0.023968155 0.999614835 0.013983889 -7.809661388 0.075573474 -0.015759576 0.997015715 147.768157959
0.996581376 -0.023492262 -0.079208292 -7.850541115 0.024593495 0.999613583 0.012956132 -7.836389065 0.078873321 -0.014859847 0.996773899 148.359207153
0.996334791 -0.025043055 -0.081791326 -7.900722504 0.026040571 0.999598682 0.011151871 -7.869123459 0.081479244 -0.013240891 0.996587098 148.935668945
0.996084213 -0.026606999 -0.084310032 -7.950996399 0.027482031 0.999579549 0.009235058 -7.900458336 0.084028848 -0.011515908 0.996396780 149.509384155
0.995850682 -0.027465170 -0.086758994 -8.003112793 0.028235333 0.999571919 0.007662218 -7.930101395 0.086511403 -0.010080094 0.996199787 150.082687378
0.995614827 -0.028217124 -0.089190222 -8.055649757 0.028937293 0.999558091 0.006791511 -7.961225510 0.088959187 -0.009342652 0.995991468 150.643463135
0.995350838 -0.029555002 -0.091669314 -8.108533859 0.030265847 0.999521554 0.006373756 -7.987623215 0.091437086 -0.009118574 0.995769024 151.207595825
0.995122313 -0.029581146 -0.094108276 -8.165435791 0.030343514 0.999517202 0.006680054 -8.017871857 0.093865231 -0.009503048 0.995539546 151.765792847
0.994915605 -0.028499527 -0.096595488 -8.220773697 0.029300204 0.999546945 0.006880412 -8.052814484 0.096355624 -0.009675695 0.995299935 152.322097778
0.994704962 -0.028207717 -0.098824412 -8.281190872 0.028985193 0.999559104 0.006440097 -8.082041740 0.098599173 -0.009270442 0.995084047 152.874969482
0.994505048 -0.027464829 -0.101021633 -8.342012405 0.028233334 0.999582171 0.006185180 -8.113573074 0.100809552 -0.009003371 0.994865000 153.417755127
0.994263709 -0.026958464 -0.103503212 -8.400690079 0.027720358 0.999598145 0.005929485 -8.142239571 0.103301771 -0.008764617 0.994611382 153.956298828
0.994071662 -0.026241720 -0.105512396 -8.461274147 0.027033523 0.999616027 0.006080957 -8.172646523 0.105312303 -0.008897277 0.994399369 154.492370605
0.993937135 -0.026087897 -0.106809713 -8.521854401 0.026899280 0.999619246 0.006162718 -8.203096390 0.106608264 -0.008998463 0.994260311 155.018951416
0.993865132 -0.024700282 -0.107804745 -8.583259583 0.025449846 0.999660432 0.005582460 -8.231645584 0.107630245 -0.008291825 0.994156361 155.541824341
0.993863285 -0.021793684 -0.108446643 -8.648471832 0.022414500 0.999738574 0.004508743 -8.264819145 0.108320020 -0.006911851 0.994092047 156.059738159
0.993807077 -0.020144859 -0.109278113 -8.710311890 0.020671338 0.999779642 0.003687016 -8.295598030 0.109179735 -0.005923108 0.994004309 156.570129395
